580.95685	394.2984
548.93286	398.21326
545.0824	374.54172
555.82263	412.38412
536.65515	390.99844
569.40173	393.75208
548.07336	411.33325
571.2593	408.19183
584.1679	404.0961
533.9491	398.31168
574.3867	372.95328
566.2201	378.45688
547.2155	379.67825
586.2953	387.9689
544.23206	392.61945
560.6471	363.15582
581.0751	378.79584
540.668	369.90277
560.377	370.52527
567.7138	416.88593
436.25967	52.340607
475.16333	99.99188
442.64468	130.67766
399.90802	87.44327
490.30576	65.03066
409.47083	55.749504
465.30264	125.91532
458.42603	83.92796
485.09247	69.902176
470.5284	138.77933
423.78827	103.06517
436.49405	70.93146
468.6723	133.88174
400.373	81.584526
483.74274	49.301983
476.3588	144.15877
480.3856	52.37447
478.87427	130.76875
418.19913	125.959915
471.5625	39.76488
425.88574	126.8397
447.95963	42.115917
489.48383	78.4458
411.75073	68.92128
444.32715	51.022266
407.36017	126.36522
415.54572	57.82566
497.1811	71.03371
399.32544	114.05869
396.86377	72.89827
740.4312	87.881325
710.7804	82.51129
759.5524	32.28616
747.2519	100.552536
718.9495	44.756996
775.70746	80.96431
718.4223	99.56748
719.90265	36.451103
711.5793	58.926624
736.33417	37.264977
770.8994	90.4101
717.706	94.47979
719.9732	63.733925
769.58966	81.00205
703.0435	80.455025
733.57574	31.544266
780.97864	60.04841
749.1141	31.33901
777.51965	94.01658
733.8012	105.27159
760.4018	41.72875
751.89575	104.14024
707.01886	62.50831
766.6754	40.039722
771.00885	94.41148
710.8381	49.65567
173.54553	472.4266
137.77614	471.4654
163.31473	462.68857
176.19681	478.08014
145.99338	458.3418
141.95012	479.9048
150.43791	496.45587
160.47177	458.1203
178.25107	485.36078
144.10603	492.28516
169.63545	492.5716
135.85887	490.22046
139.30191	486.57773
644.3918	376.41266
622.3022	375.9084
617.47174	387.77634
645.3924	407.64236
616.26526	393.6596
636.9699	375.05328
627.74963	383.09344
646.25604	400.9516
647.5502	391.52594
610.31323	395.7703
651.353	383.10806
632.12744	407.56213
619.258	402.55682
655.0853	392.00275
628.75195	410.47354
629.6092	369.6715
809.6756	389.19235
782.68604	392.1782
804.2606	403.05566
800.1754	400.3403
788.12683	390.61154
805.67725	383.21246
788.6445	397.39917
802.042	377.519
790.7982	402.1911
782.54584	386.0272
500.32623	400.0495
459.55527	412.246
478.74493	382.89893
478.04022	419.7293
454.7914	364.87045
469.82184	363.1721
481.70068	372.10025
456.53696	395.80414
494.77597	387.52472
465.3105	386.30817
504.98447	391.1469
493.3745	369.96527
494.27676	394.72867
489.17792	372.93118
452.20892	409.9732
483.29437	359.76462
465.02826	415.86923
440.54028	404.93585
462.33246	371.25507
460.22983	419.45767
451.60626	403.33722
456.99115	364.17584
449.92148	413.88144
441.1657	373.08624
497.20563	405.36365
130.94771	314.7004
166.64575	282.93198
172.68155	317.04865
133.5571	287.6486
137.92062	306.3393
137.78876	326.73358
161.08278	273.97778
182.33176	319.61313
126.71659	317.38196
186.84703	306.37653
145.91325	331.34814
161.22693	282.48047
180.14957	328.74286
156.6508	308.15695
146.67473	281.86172
152.54019	338.6513
124.271385	300.88922
183.42233	313.35126
155.16533	275.92218
139.02234	550.4144
139.76422	556.5934
155.77377	545.2674
163.73466	527.24567
147.16666	559.80396
158.9885	528.17535
172.13449	550.12573
171.8303	557.414
164.81583	532.76965
154.50699	562.40796
138.50084	541.5527
172.11977	534.47095
336.13644	410.67
350.31015	362.18927
392.69543	401.4455
341.43338	403.89557
394.90808	386.43152
370.32428	413.33514
392.60217	376.98523
339.5408	399.73254
350.74106	410.0061
365.2199	358.91376
358.56143	362.58905
357.27106	368.66376
373.88425	357.54953
354.51105	416.4323
343.80124	377.74643
384.65363	363.6627
364.71255	395.67648
379.51917	412.12183
397.15204	406.61276
335.19864	405.8943
394.17026	393.22858
335.1759	388.34134
371.66473	362.2027
389.3618	410.42075
340.10535	392.9732
382.7928	367.09247
341.91843	416.3269
149.05887	36.815865
178.27695	44.49595
128.61415	98.71712
180.29538	85.16678
165.53401	36.09054
121.67828	51.596264
181.33655	64.79518
163.40573	54.12136
122.24363	40.987144
160.23917	110.280136
121.703674	65.35055
142.7486	33.564617
177.66579	103.8846
124.686905	49.76549
190.30936	59.35327
148.53127	113.4657
184.38719	41.88241
192.05286	86.75342
115.26034	65.225334
196.86015	66.291916
130.1656	87.257515
126.264114	73.96739
172.54846	109.596634
139.04428	103.2392
114.05023	76.77387
153.9121	110.455894
193.82538	55.59251
737.5062	384.32587
745.8556	374.1505
749.4877	389.7991
764.0115	399.91266
744.1495	400.18884
767.43243	381.67593
740.6183	404.93726
754.9961	371.8907
753.3666	378.05655
752.48694	395.06238
760.9871	380.331
767.3963	392.43475
735.5032	395.49503
134.9211	174.08313
128.21638	206.8273
174.11781	167.52432
182.27808	211.22903
123.947044	207.98747
176.57263	177.56514
166.10022	202.08862
168.248	175.13968
163.09232	228.85132
130.32358	224.55905
126.89909	191.29945
185.41684	203.09491
148.49432	229.24617
146.50537	173.33131
190.54457	204.61967
135.70593	183.43762
183.90707	195.55434
171.78625	212.99324
154.54785	172.8117
175.41615	228.39563
140.9302	174.33241
710.25854	380.3597
676.369	396.85446
681.92834	373.31918
706.86694	403.494
685.34515	406.38916
700.78894	374.7942
690.0755	400.3615
690.29425	374.5045
713.17346	382.6548
692.2921	408.27597
690.71765	386.06305
710.64435	407.7579
679.56757	382.47687
707.9881	376.65167
702.71204	402.6536
147.35031	378.10187
176.04453	414.90195
143.03654	422.6582
166.51158	386.24554
157.22871	428.8836
152.93114	391.231
180.62775	406.50226
157.90466	422.10303
177.94676	386.83514
160.32527	378.89948
146.51163	422.20337
153.69345	377.25134
171.80634	376.28912
131.48734	389.71704
141.49352	402.75613
131.2258	401.74045
