616.5553	376.21967
608.2747	387.04953
638.7641	366.00214
640.8124	401.02228
622.6136	365.06818
655.54443	385.2154
613.44257	394.99118
631.6064	384.97885
644.2988	377.5689
607.27686	392.4266
650.5214	374.25653
640.517	405.7481
614.21106	385.7342
651.4552	391.45892
620.9861	404.9643
626.5631	366.20322
651.6361	397.65674
607.5834	379.0138
632.37634	357.04715
530.6336	395.73163
559.49805	375.10907
569.5698	368.36276
545.946	372.12738
539.6526	367.24487
564.3273	395.09814
523.684	380.63556
567.0127	402.5379
533.9825	403.30984
531.9247	376.90106
578.3993	398.7023
547.68024	409.21704
555.9652	358.3518
553.4945	411.2618
544.32214	361.15936
577.4122	378.11383
549.3956	403.36224
549.8675	358.9666
558.6486	406.80893
534.436	365.37592
573.0977	373.18948
806.1946	395.2849
793.31433	375.6281
798.9464	385.78812
788.29944	391.58408
808.0751	375.58698
813.8083	386.70636
786.08777	381.70367
809.24304	388.0378
791.8283	395.30023
796.5941	372.2711
488.75958	105.4198
419.1356	49.763145
480.0058	112.77732
438.23477	134.89879
415.79547	65.45124
499.18536	77.267456
422.43506	117.46254
492.70532	66.0285
489.00107	48.179012
415.6276	101.15036
482.21338	63.06303
434.33325	128.87802
409.94687	83.81185
493.23926	87.93819
415.98056	114.66333
438.66925	43.370705
469.42856	123.61733
412.7418	56.126778
489.48346	85.29916
430.32593	116.63863
429.70175	37.187298
493.4178	96.20873
409.34784	61.800274
487.27768	71.36505
424.04346	123.26471
424.82828	47.675266
474.67865	390.99396
443.93106	394.50177
462.55283	364.93173
482.26312	404.787
456.2137	412.10953
453.37622	381.19955
448.48804	377.66998
470.39014	361.82822
488.85205	400.73898
456.93637	399.17538
483.54263	370.41415
476.0616	411.86304
444.4085	372.97488
493.39056	393.2885
445.54922	402.0086
469.95444	357.07355
486.90854	391.45065
440.17554	380.9051
494.30762	385.18887
456.34512	406.93362
456.59366	358.86227
487.52936	376.92035
682.33875	379.56647
695.81055	367.09195
689.9426	402.4062
704.0262	369.6881
714.42017	378.28845
702.8725	400.15695
712.2385	374.51105
713.51	400.33057
683.0274	396.24078
715.4963	387.77844
710.0816	399.04437
680.7487	373.53174
708.5314	393.10406
695.7308	399.9411
688.7042	375.7995
170.6892	217.629
132.37334	189.5323
178.19708	220.77603
171.16483	166.63159
147.38364	156.14911
148.42865	170.9233
140.34502	213.10677
180.68669	175.95285
191.40457	184.78195
142.02011	204.24112
187.02963	173.41328
124.197	189.66806
187.5845	185.28516
193.98135	171.75943
158.07977	157.35977
171.27136	156.56068
162.02942	223.04306
128.44113	175.04102
185.93141	195.09341
126.92013	199.56714
187.7609	168.91435
162.10013	217.07137
166.40886	458.95273
172.06174	503.877
155.22575	507.48764
158.18222	482.04926
169.11432	496.03702
162.2512	502.31525
164.03107	482.92352
145.17133	484.21573
147.41788	465.84042
169.17017	460.50253
140.04382	488.02042
159.2249	462.5777
181.10703	495.66315
140.5699	471.61285
174.85973	466.77783
353.06674	404.7782
347.8	366.80142
356.16644	386.76358
382.6039	364.86044
370.2769	397.25955
365.93378	381.2586
360.78378	353.03613
401.7329	372.0938
388.63727	405.83984
346.36383	360.77145
392.67346	396.40793
346.46832	381.00153
392.3565	363.7461
367.36472	419.56558
357.1775	364.28094
401.14502	399.16458
369.20593	410.9419
361.84628	362.40137
372.88608	414.84137
345.36053	372.45242
398.1459	378.79846
357.48053	417.79443
371.83875	355.44208
399.90585	388.2417
344.84793	400.60776
401.097	368.17715
170.94992	325.81857
135.10484	297.39044
187.5877	300.40872
145.84982	322.90952
173.02953	280.18158
176.24196	326.5445
136.36195	284.84125
184.09497	321.26923
150.65292	326.598
144.3403	277.48663
183.0785	281.51727
126.185104	311.63644
128.81824	302.88583
155.64108	279.97144
151.50778	273.8839
187.45491	292.4852
164.45343	332.1889
177.7413	276.39984
180.9592	311.468
137.90256	314.26727
171.22327	417.8554
155.2761	415.50815
147.23209	377.696
179.66231	386.24567
146.12698	415.52066
152.37996	375.49713
184.44357	402.59393
141.68724	421.19904
179.83765	379.69867
154.23573	423.56976
174.20293	381.16714
162.28844	425.06445
141.15186	412.8982
156.85385	378.6159
163.8521	420.4001
137.02522	386.9803
163.87206	371.33267
129.29852	84.64507
141.333	52.48336
198.32831	85.005646
187.84404	65.32216
174.5146	96.09579
136.72878	89.44587
137.28621	35.574146
193.66728	52.14557
149.9093	100.6573
158.23569	29.783545
159.76128	99.87642
129.85556	39.23377
201.92729	70.96261
157.06407	103.44438
177.14206	36.283672
192.06291	81.28943
158.83498	66.05795
149.0873	30.399944
187.1347	75.18135
134.73451	44.59519
154.70512	83.068504
124.73405	63.409492
171.9269	50.14173
194.63896	67.979355
125.46671	52.53419
759.0077	56.700462
711.0785	48.50884
701.9017	70.32614
763.5436	88.675285
730.964	98.13194
708.2515	75.26247
739.34845	34.698936
736.4739	24.50951
766.5062	48.662086
745.3594	92.343376
712.4538	42.741814
704.9341	85.7457
730.7818	87.85416
727.19	31.675531
746.97815	100.758545
738.2355	63.083412
768.8001	83.37569
702.99414	58.608376
773.15765	49.64666
715.64026	86.78945
706.06555	40.557568
746.2512	32.48922
751.3635	92.21128
762.36145	39.8856
175.67462	561.03564
148.1019	567.2687
158.54639	534.6881
147.04344	560.4949
146.3309	545.6422
175.91705	553.2749
156.1127	565.79333
169.0602	537.3562
162.1424	567.56213
141.84943	549.4936
173.73897	542.1366
756.6742	393.14798
759.3639	374.58752
769.5272	378.33307
737.7838	372.24893
739.61237	382.71686
749.92065	398.27872
744.92694	368.38022
762.4352	368.45663
740.2236	399.4358
752.7855	364.8555
767.2284	398.23822
747.7536	386.99527
766.38446	384.18195
