173.01578	547.1498
173.67346	560.26843
172.7052	541.7075
157.58627	549.3136
169.85124	533.39215
195.19711	541.92206
186.60999	555.4469
156.12344	536.60425
190.19919	546.4844
172.10834	568.4408
180.84134	529.0231
185.50377	564.3945
152.19955	517.99335
186.56062	532.75183
156.9197	557.2173
478.20468	50.672874
483.80444	87.29015
459.06796	108.251976
466.4643	92.20645
461.58905	123.94853
442.57138	62.77462
444.96997	99.72957
436.31992	106.02995
521.3835	72.420105
511.4875	109.75936
430.45367	94.364426
520.205	78.20993
486.5721	128.8643
516.27313	58.38734
521.444	57.563454
484.40448	100.19827
465.63803	36.53699
437.60248	116.32294
433.54987	77.79094
510.35757	63.32478
436.0938	96.05511
486.02594	34.702583
513.3864	116.381454
475.9878	40.33216
506.51343	47.510063
512.2445	120.354416
455.8426	47.613625
490.19702	126.44032
446.57983	51.86088
501.44092	38.802376
183.74985	320.72174
156.51176	281.61603
174.007	319.1908
147.7294	285.94415
150.54776	262.77972
201.36942	310.8282
142.68417	294.2528
143.04521	304.37634
166.06361	311.48215
163.97699	260.23163
188.34915	313.7583
140.90996	287.97134
156.95517	261.61377
201.68079	297.03894
161.8766	294.89752
196.82439	283.92096
199.23177	277.16678
190.08994	261.4281
192.40405	305.52246
138.11246	297.07416
188.70271	279.88007
197.947	309.7645
179.0207	264.40128
196.12819	261.18448
143.36972	315.42917
150.12373	272.7953
152.56816	192.24362
156.85918	155.46837
147.41858	165.33476
166.75096	204.84262
179.36172	200.49883
189.819	203.2897
143.07707	185.835
176.34334	178.04935
179.76717	213.50911
139.94864	166.8226
206.1279	165.65462
186.30496	208.00159
149.08818	158.3815
210.71013	188.79453
150.57751	195.71817
189.92084	145.69818
173.48831	211.60454
181.61961	148.25127
199.22867	161.62596
155.44533	166.09239
188.81851	153.11684
198.91127	189.8516
141.42152	173.05777
183.97067	187.6876
148.33084	208.78381
166.56743	150.53891
206.93257	179.77591
857.2207	386.17282
867.6747	369.11517
858.21716	394.518
861.5415	376.08752
875.196	385.51434
871.2267	392.29614
851.5843	374.3548
866.8002	381.64355
850.6496	381.3222
874.31604	378.14276
862.2554	384.3244
740.6226	364.78568
765.11694	399.72324
738.51917	385.72244
772.4934	374.4537
761.3563	403.19897
742.7634	371.4113
773.5424	366.3344
776.07196	385.15408
757.11383	363.97336
777.7062	374.65866
738.2191	397.34796
767.9967	361.8485
749.7865	376.73184
735.81726	369.271
779.55347	392.711
756.7336	399.97812
757.5794	359.23224
771.3881	389.4662
732.9079	391.74164
746.3214	396.1766
743.3387	402.7384
827.60986	368.5408
832.6105	389.2831
803.3161	387.51105
817.27313	378.16827
809.0462	370.12582
795.777	380.1301
830.1745	375.8537
814.22064	394.76813
816.2107	361.169
820.65265	400.33472
810.63776	399.80844
812.89624	365.9899
823.58575	394.64423
804.1097	375.56232
835.48065	382.13275
799.23706	384.99222
154.29045	375.66714
169.60948	418.9416
147.44858	381.18152
183.01779	369.69403
178.14824	391.35394
171.55437	360.4461
197.30026	387.85516
151.38327	404.40552
201.09346	378.22964
183.99635	416.54013
153.71695	369.8087
180.45114	363.1023
161.92958	413.17856
189.95929	374.02777
193.29655	413.39996
196.76561	402.61026
188.1532	400.62836
153.31085	397.98495
150.04227	391.84393
197.06235	382.48203
149.65436	410.18344
172.3782	373.77167
698.3294	396.8819
679.76917	362.0792
679.0085	377.68127
687.18646	368.1379
656.1565	393.8152
694.02893	382.2893
652.41077	397.97308
700.9806	383.8397
667.73145	407.2177
645.44415	398.3993
702.03595	398.70807
654.9561	370.6479
683.0002	356.97833
677.82684	403.73718
652.2214	382.06354
690.6743	358.1993
685.9684	377.7312
665.3202	362.37494
707.50885	388.89838
668.9994	385.93307
669.0547	352.07968
692.0726	408.02444
678.07117	356.75662
702.7281	373.2621
659.4412	402.7328
678.2291	350.78235
819.256	70.415565
751.9417	45.995472
780.66364	30.14252
782.49915	45.02227
758.04504	41.62503
799.40265	34.385258
784.381	91.9362
808.6669	37.411633
794.68744	91.68723
754.1941	51.163242
813.44617	52.550373
750.90686	59.161366
808.05084	28.731665
799.1754	90.11646
786.56476	80.979164
815.60846	38.421215
807.21765	74.262695
770.35736	29.812119
815.4552	64.95808
791.2074	91.09505
778.30853	25.110426
769.67804	19.641548
758.6671	76.69527
810.6132	45.399162
757.9376	81.03456
775.7582	36.310585
814.8622	73.54138
767.2928	85.502396
374.62387	376.08038
426.69174	402.1352
406.62448	391.67606
408.4884	414.16504
418.70737	399.95572
367.91824	370.95044
387.50198	404.50772
369.91	398.36212
396.882	378.92075
405.575	375.86838
399.95374	350.73386
428.14594	381.72845
369.6596	388.12268
398.85745	356.54208
423.67984	370.63608
377.45648	388.71533
430.82138	366.3139
387.86337	414.0777
376.4566	355.98447
422.4804	393.42303
376.59454	406.03802
414.16245	353.83527
402.80997	409.43326
384.25433	361.34763
403.8258	403.21185
370.9386	363.00583
397.08743	365.7008
419.62823	362.91333
364.65918	386.5887
414.99268	359.85376
166.43484	89.36057
174.05667	44.87928
195.60173	77.6956
147.31198	73.55131
178.30296	23.512043
206.32764	46.56685
144.22476	50.58841
198.44705	29.385351
162.11069	49.977932
181.93962	69.74071
176.33269	86.50865
191.2366	56.433296
202.02432	36.906715
203.54758	94.60056
159.25119	33.721825
196.01445	86.30555
195.21881	97.86527
159.7839	27.077488
147.71696	84.972984
141.20004	68.894615
203.8991	54.52961
182.85269	92.182304
143.51804	36.740673
204.57481	64.65235
139.71204	76.972916
186.48756	30.242126
159.15471	94.58836
160.17555	87.43313
198.80473	41.698967
578.6334	401.61285
580.8406	383.25128
610.6666	377.7652
601.1466	395.0705
596.4695	354.99664
614.94415	396.26282
561.10583	365.00177
611.9986	369.7238
564.7143	373.01007
582.485	350.893
595.0192	402.77148
555.8836	375.76566
604.678	375.88397
589.42944	409.26028
571.60925	356.6153
599.54034	405.4614
567.71765	401.23004
597.3452	371.56082
561.339	397.87878
560.23914	391.84003
609.4767	395.722
566.2577	391.78998
598.02435	362.13538
604.38104	407.93756
580.82996	375.7719
604.84686	356.77814
574.9379	409.39172
466.51666	391.813
521.12494	395.75284
494.75238	398.73895
469.40826	365.36014
497.62656	409.31052
469.09677	375.86667
478.20996	362.58813
472.64096	397.1332
508.47894	399.96826
512.287	389.49582
514.345	369.06485
502.54257	379.05374
527.00037	379.3545
477.73843	367.91156
523.11	386.30597
481.58466	376.81006
506.4518	354.47034
504.25995	408.64008
460.9576	383.12976
507.78696	358.9448
477.26495	398.77615
489.72568	364.8844
511.23993	404.437
467.36392	394.55594
495.0877	353.22504
489.15845	411.5329
485.5677	356.57257
519.3512	376.51712
167.086	497.0315
184.24922	458.206
174.84631	474.15634
196.07469	482.69638
163.5366	483.88202
154.4623	482.92496
165.61678	453.01483
178.43129	495.17694
151.27347	475.7173
191.0275	481.95963
185.65851	498.28864
155.47739	492.16373
193.38933	464.17148
160.62213	463.18155
151.84369	468.36124
195.73676	473.32578
161.61745	493.03134
175.89146	452.93253
