400.62622	383.65622
395.6835	400.6643
352.52338	362.8163
347.94183	379.95895
338.07364	407.10632
346.63452	375.04135
384.4483	419.15668
371.9581	364.78946
404.02997	396.25333
336.6812	382.46368
373.91742	389.62784
391.4921	407.35132
362.42017	418.69135
386.08484	366.6752
372.77985	420.96313
365.15836	357.5488
383.43326	415.05243
352.198	407.2155
398.02863	407.95477
388.3216	422.34268
352.58392	423.13715
402.69943	392.5147
344.70084	407.92557
385.86096	356.20425
369.32025	430.8915
339.46353	370.21027
396.8161	377.57883
340.61804	387.60648
379.5931	363.01678
140.95277	393.72678
164.11536	414.59976
167.58247	387.5286
172.55943	417.15338
156.09512	409.55814
176.96774	386.53595
138.52051	413.41193
142.61032	383.34613
177.38629	407.05438
130.09282	395.811
172.74149	384.26837
167.69617	419.25488
136.29807	391.11075
159.89545	425.64185
136.43253	400.09897
160.93881	524.3798
171.70784	529.2837
140.51897	533.0366
161.03052	561.20154
151.77615	560.7941
153.62012	526.2573
170.03427	550.41626
155.19696	543.349
167.54716	531.50867
142.22765	552.01056
138.20612	549.02747
174.3102	548.1926
135.13376	479.12436
137.47041	465.84015
165.66681	492.94354
150.06467	460.4834
149.12794	491.25714
136.9344	469.7124
163.02986	458.74097
172.28593	468.22397
156.01398	494.86612
151.55753	455.4069
160.38965	497.64447
141.61916	478.0957
176.74199	476.91748
694.9333	403.7382
701.888	388.0145
707.3702	404.6186
700.8244	392.76108
701.63763	378.2751
713.8622	381.7528
685.739	395.63977
718.94446	397.25455
687.7926	382.29413
712.6774	375.80655
703.1182	409.98224
709.65344	372.94604
722.16675	390.03827
700.6493	405.7514
173.25613	294.379
158.9426	340.64667
133.38513	309.84723
176.60648	317.7065
176.44064	299.84296
128.91653	323.5293
177.75616	331.71643
135.48712	326.8963
145.44775	290.18283
166.77335	338.0956
129.89397	315.1584
164.00359	290.37158
136.72226	331.52167
131.20462	304.03693
181.3594	319.7573
179.0802	306.75604
154.1256	287.41562
154.54988	336.9094
434.80054	48.91926
445.28033	56.180054
406.9151	81.68351
417.12518	114.66103
481.13956	63.565094
448.5711	148.46535
454.99884	42.237843
474.58017	91.31139
420.9914	47.875008
442.0865	123.95316
481.6336	123.17843
446.2473	45.39988
444.68756	141.24957
411.5688	117.23094
486.65558	124.87252
408.43613	66.26516
401.6344	86.926445
484.17056	137.94853
470.54428	94.9742
491.02948	79.2988
436.20035	137.22505
422.33847	60.04118
488.54004	107.56023
413.20367	124.49105
450.84637	32.620316
464.06647	134.13745
404.56638	108.76677
491.16528	57.108025
482.75653	117.4265
482.05768	57.89729
820.3317	388.9837
795.27374	384.107
797.19324	377.8401
805.815	395.40125
790.09326	387.7749
816.4906	402.5363
803.3611	405.7105
809.6559	378.5954
817.1437	392.56207
801.239	391.91913
807.2948	387.66977
768.7627	396.06702
755.0465	391.53644
770.0656	379.84882
742.52673	398.17242
759.30493	383.3178
770.60626	400.84875
748.96075	379.40363
772.2285	390.39627
748.3431	406.76678
750.61176	374.10812
774.41174	386.34305
752.40393	402.35757
759.72797	373.8012
584.0701	405.05392
546.9336	378.16058
589.4022	381.06146
544.6655	407.7226
570.68146	410.66415
550.1022	396.86627
578.70886	378.42572
570.7881	366.77426
543.54834	398.78363
546.6682	384.81335
577.4252	366.19217
565.6471	375.48676
589.9976	396.91425
585.05316	399.01276
544.59625	374.0864
587.1322	387.5645
560.34485	416.65073
565.1869	364.99338
583.19226	411.77408
555.7279	411.0813
552.20764	370.83023
643.64514	408.78824
655.80597	376.6678
654.9823	400.1304
642.5716	396.1705
633.035	368.826
654.6498	406.60367
621.38245	384.37073
661.6179	370.1469
623.2978	397.4149
639.2901	390.06372
647.8104	376.34103
633.5561	408.2015
648.45844	369.3601
662.11633	396.22906
640.98083	370.78476
635.0885	375.686
644.54205	415.57544
731.9312	28.718185
757.8968	90.2822
759.3859	80.9634
752.7248	30.178003
741.7625	66.6732
705.7455	59.78603
776.97815	73.28049
712.17444	64.47882
760.5936	26.46436
743.41956	97.82526
704.05176	51.309917
771.5854	45.63884
706.3358	66.96774
726.26044	37.17457
772.4278	64.02849
737.5138	63.455696
757.496	58.068886
710.93164	78.91418
749.36884	69.50954
747.68884	49.58245
738.8986	103.364914
720.3006	44.157753
774.04016	83.621056
710.1039	90.18233
193.9581	74.96977
152.3035	111.29323
142.01334	34.96942
182.77509	33.57655
117.4932	66.77952
175.76437	39.356457
129.00037	104.454124
190.57407	57.65934
187.41934	100.2126
144.99756	105.7923
135.06232	46.9735
160.30144	49.648045
164.37814	109.54469
200.32553	64.84114
195.92404	77.24742
122.75386	46.712185
169.57967	51.35865
130.33401	108.82208
130.21089	50.05316
189.50482	89.59857
128.86073	79.0773
188.17276	96.15359
181.96631	100.68498
140.6558	82.643974
187.79921	83.37174
117.10421	80.25926
164.61874	33.067627
156.44974	242.62102
158.79524	234.59695
169.83147	220.05176
151.67111	223.15945
143.11588	173.80478
190.1423	206.90198
140.72377	169.66316
180.27112	181.24167
145.07489	233.90598
153.37035	174.80246
173.66055	228.2067
122.713646	181.63876
180.94075	186.79495
171.04626	182.67728
123.343056	216.24052
172.72545	175.87808
174.22372	239.17606
139.06808	231.19388
188.3894	197.32347
132.56262	180.62677
165.3383	172.02504
147.98906	238.86838
146.34952	177.70125
499.35345	386.09186
487.5292	393.86398
483.46576	364.705
460.38745	373.3344
452.52725	374.76288
468.80487	368.87653
491.35895	417.80743
452.87793	370.57745
502.74063	400.4859
451.8185	403.25934
461.4283	366.9002
455.71762	399.79117
464.88046	359.59723
496.16718	361.3128
480.3077	416.46136
469.8978	381.04688
493.23834	410.43515
445.56866	393.38232
491.54437	368.91925
468.41815	418.72144
469.97394	401.42633
499.84082	406.08435
455.6578	411.24652
500.85107	380.976
