543.97076	378.83374
535.4333	400.20392
575.2211	385.94275
576.4755	395.82773
537.4748	381.08282
574.94275	372.51892
543.923	369.3539
552.10583	370.85706
560.12103	409.6871
551.7583	408.76224
549.8663	364.1516
569.4131	404.34247
525.7865	390.75266
579.4525	383.68472
541.9667	408.49585
563.4736	361.8
580.51337	389.81894
535.01953	393.78925
564.33014	367.19165
557.05334	412.71133
539.2327	368.10675
497.52426	66.52635
465.73325	132.8332
458.4085	34.205025
418.87466	92.01686
406.38507	89.25908
439.66293	59.023613
465.34692	91.89906
480.86728	112.5995
490.0685	109.457016
412.35165	59.74295
492.12143	102.62804
466.30078	122.83311
400.2807	99.15483
488.14923	86.9119
436.72842	139.00443
459.83392	54.317665
412.5787	127.206505
421.90756	59.1257
488.19708	58.725758
407.0274	120.698204
425.67072	50.602833
501.81015	95.358734
431.03012	129.24684
428.94037	55.460503
416.55853	136.77237
407.42697	77.35526
473.31708	49.966408
436.5707	130.55588
428.14307	44.855934
449.35858	133.05981
146.05544	306.63815
132.01376	301.4484
177.85602	308.82755
161.02971	262.43124
176.20973	265.04865
138.21642	298.63467
176.60184	274.86093
158.24635	309.24326
132.4807	287.58044
169.57411	261.87137
170.97287	309.0082
168.21158	267.84128
141.4672	312.15878
133.52505	293.46103
181.68344	282.6231
137.39905	305.85492
151.65765	263.35352
178.05807	286.25372
375.2321	413.94565
345.84036	398.70798
391.51987	363.25027
348.86328	370.48077
397.39722	376.8412
382.00238	417.74814
347.45346	403.75024
357.16986	363.98578
362.35477	417.35175
379.16782	355.05084
408.84473	393.16528
338.10556	369.73773
383.50153	397.17444
400.8985	408.7395
370.3333	364.44196
401.79327	373.46924
366.50458	412.62875
400.99655	388.9107
347.29132	410.94516
364.6867	375.829
405.52548	388.71323
338.78687	387.95416
366.36246	352.2459
377.25082	423.70068
341.51727	373.438
395.8115	404.33704
365.4411	420.59384
362.49133	357.8642
388.25012	413.97217
341.89145	383.1912
145.66928	551.97925
143.94968	560.6197
153.06424	526.19836
176.17441	538.4479
161.49979	563.73816
154.94913	521.1653
159.2416	528.83575
178.11415	557.8424
175.39159	551.19104
151.04567	564.67615
139.64085	553.3899
173.72134	556.7334
137.29523	542.29834
141.56143	532.5629
635.4079	393.26193
612.1773	390.25378
646.9874	383.05264
642.82214	386.53546
635.3919	380.66736
647.3332	404.2885
620.131	403.61923
638.67114	404.1061
615.46643	407.5654
609.863	397.9917
650.0929	392.2366
610.95917	402.59665
621.62195	365.9903
650.8713	378.2367
613.98804	383.93698
635.8575	368.2604
626.9152	409.92773
613.3607	372.88135
177.06966	163.53146
162.93785	217.9793
183.32932	175.19394
155.76285	155.94841
143.27171	196.42618
166.42044	163.69406
135.71306	194.70116
138.5668	210.87749
179.71881	199.07765
126.49363	174.69925
163.4235	157.09903
149.34367	212.57803
125.767624	185.25589
184.05466	206.46297
129.29355	163.01318
131.54813	169.85776
176.82831	210.49289
150.92566	205.76193
189.96812	189.13184
143.12386	215.07866
149.88797	154.4369
186.99751	195.95493
676.6726	394.62653
704.10144	375.28018
707.36145	403.7909
705.378	397.1086
702.1806	368.601
684.62354	404.69104
696.0299	369.08563
711.1068	402.82095
680.3363	376.49786
700.95917	413.05917
697.1207	406.41943
681.12573	382.407
714.8408	388.49054
691.1041	372.6086
678.4835	373.0832
699.557	400.00836
675.7369	383.8298
754.13226	29.41676
746.32526	60.535744
752.904	36.972176
769.2087	55.499714
720.3856	55.205067
731.8039	90.27801
713.16754	73.663086
743.911	23.375967
763.5822	41.05979
753.4719	76.26962
730.26196	25.783733
769.45886	79.50127
776.1333	47.382355
727.6964	57.406456
763.80676	77.31081
710.3376	58.30247
750.57245	90.69347
711.11566	43.922062
723.54224	25.124474
737.3375	86.96096
721.84607	82.43031
772.4335	63.76351
704.6564	64.86652
133.05475	460.6502
129.16682	470.2387
167.26563	493.14365
166.61758	468.73404
137.01434	466.77826
156.99852	445.3007
171.19551	479.34473
161.07993	488.03232
164.19296	443.5114
184.01823	464.58218
142.74289	484.56842
178.90459	465.4169
167.93478	486.0057
137.698	454.93784
173.61142	490.6474
147.4957	443.85687
172.21536	446.22662
801.7441	381.23605
806.03253	402.69382
808.57654	388.28568
796.11523	397.63116
810.32855	374.57593
817.9644	398.44934
794.0173	385.19354
818.6513	381.00555
812.8879	400.6393
803.56946	373.87753
821.48914	391.48276
795.03345	393.26117
773.2659	383.54343
764.7405	401.65698
752.0491	386.08746
759.1539	408.16962
757.1041	403.4294
753.3874	370.8421
768.67865	393.34232
739.7067	393.3421
765.1788	372.40512
747.0861	404.73404
736.8303	381.09525
759.87415	383.46664
750.7025	400.1977
743.42426	378.2798
757.3913	389.17838
158.19672	65.43956
125.508766	45.930016
144.75745	100.20876
145.73961	31.099716
198.99638	64.9084
147.6937	94.13512
181.07407	84.45818
127.606705	68.4419
132.15317	50.393044
188.42247	82.1302
132.6725	95.72252
134.8664	39.860237
176.36961	87.73082
121.011375	54.877117
191.45601	49.51716
183.82492	56.339638
146.89977	62.967304
174.05777	37.221485
178.75867	94.55754
181.89992	37.770775
183.55264	93.63137
118.51028	68.42897
192.6459	68.86953
123.587204	73.8208
166.26138	27.496155
173.1868	103.95537
135.61136	376.29398
181.37117	391.8478
164.90703	404.55197
152.9489	355.28967
173.37645	354.1516
131.24178	383.79666
157.23204	359.88046
179.23743	368.56595
137.26297	372.9198
156.2561	350.9413
148.59636	401.89874
137.31798	361.89224
176.3219	398.44107
138.24684	392.11743
166.57936	355.30405
178.5178	375.46405
130.6742	379.29596
134.51152	356.9022
464.9589	414.04565
452.81665	374.47537
492.89288	403.2982
449.4585	380.48395
471.11978	406.32623
494.78165	412.42694
479.4218	363.0516
497.9969	386.4058
465.7242	408.57037
486.55426	368.5938
466.9953	371.63538
448.28546	389.24823
491.37857	366.9252
453.3376	391.7459
450.02972	369.8686
487.75742	406.93457
448.93744	409.87393
494.65924	376.99243
472.75537	413.7289
486.1293	384.5705
489.47705	379.317
456.869	409.9791
479.4749	369.65222
