799.0571	375.04285
794.99225	384.04462
785.64545	385.72394
794.56683	369.575
778.9604	386.496
802.0631	385.55518
791.6935	398.8757
788.9321	371.42267
808.1533	373.96985
791.2907	394.01678
804.21735	373.02628
799.19104	396.20538
524.9421	374.45282
552.1798	387.16928
556.04626	407.81967
535.20374	361.14993
568.22144	394.97888
533.9677	384.74768
572.4891	375.4496
524.515	387.9372
538.2738	370.68573
569.8756	411.2093
530.445	379.62668
563.82043	360.78036
564.5144	385.1061
560.3036	357.63037
578.2145	369.02814
541.2655	404.4497
574.9424	363.70883
578.7317	390.95065
525.9652	395.37036
544.01056	358.32394
574.57294	394.45575
527.4906	403.80975
572.98755	384.02936
535.051	400.8083
540.88367	362.99225
432.75992	126.53923
406.89594	58.83609
495.69565	73.42453
487.5389	105.45282
409.60025	74.47647
444.26303	69.57335
460.47144	92.57588
449.38614	36.052345
448.20737	122.57692
441.16284	32.081528
430.78085	59.94692
403.7825	95.6095
456.5712	43.301476
465.06342	46.634773
406.53665	83.51851
481.29254	63.59574
428.16998	140.35005
432.86914	43.64359
487.4856	100.25194
407.31165	88.760605
415.94147	57.356102
476.725	117.23375
413.89313	105.102745
492.83682	96.54696
438.07632	122.592636
405.5753	69.969376
495.90253	97.97598
424.29248	121.153244
488.44272	75.982574
386.45898	398.1485
355.23566	360.0566
369.1816	361.25854
348.0345	379.43307
379.17706	405.54037
404.4119	380.54587
383.1749	385.03033
395.30884	370.6037
358.07657	394.15048
367.97177	356.3236
398.90625	393.50446
341.57773	371.03986
380.64215	355.24164
356.72156	405.4135
373.32446	375.70078
398.18878	383.50742
357.01376	412.37933
349.98505	369.91486
384.7885	407.9311
344.3012	394.46344
361.89453	354.02625
373.18445	414.9925
346.6634	372.39124
399.89557	374.26016
369.6793	413.84512
387.7771	367.92178
368.0144	407.83914
351.75238	355.29678
396.30072	365.62006
691.1926	400.02133
682.3941	373.67023
706.41907	392.49225
702.65393	375.13776
706.4594	366.24646
696.0807	398.64645
681.79156	381.66467
708.1651	372.186
684.0554	391.5158
698.07947	369.15735
704.751	397.89264
674.8878	378.3314
694.0262	363.26956
676.6947	388.64337
684.61633	365.99976
712.0802	377.36163
679.60614	396.99884
153.97078	275.01956
143.88348	281.80237
148.91104	269.9555
156.44975	276.46945
132.48386	286.1559
169.2639	304.69
173.01263	317.116
141.66959	318.91327
190.59673	290.72137
173.34569	322.1131
137.35416	285.5251
172.77826	271.9139
175.69981	329.8438
162.82068	267.47845
172.11812	326.18298
188.60408	298.62933
190.61954	307.5601
128.61404	315.22696
142.40826	273.09674
193.2601	312.81094
145.24147	328.0637
153.62476	267.01843
150.26218	325.41125
134.91315	307.92422
165.33485	460.57318
151.75258	498.75702
158.45052	460.46967
179.76144	460.41397
145.89055	488.95117
174.28629	460.97153
170.47672	499.57608
142.65358	467.7307
147.17404	496.74884
155.74548	504.97894
182.35707	476.11514
167.33722	465.42
140.01538	488.82886
184.4269	480.38745
159.76736	498.8685
169.03267	456.33334
173.86337	498.65268
137.70215	97.06907
184.18024	47.621185
164.61949	95.601395
193.39915	73.975
175.21341	59.79066
144.95493	84.694824
151.49442	64.09801
136.12692	42.729034
149.37492	34.63758
165.35164	32.861275
144.27055	95.48797
186.23938	43.05553
191.55026	56.53434
125.80373	75.258705
200.15265	51.814613
198.83563	58.74885
126.29138	52.17315
197.05844	82.43244
190.45908	39.570408
136.65381	45.28194
181.11371	78.02484
137.38817	85.50657
162.61813	25.475948
194.40257	85.94876
138.43735	32.460968
168.61923	99.93293
152.49193	95.05578
184.1685	32.268955
193.78116	96.947556
756.55695	373.81387
739.06274	385.71277
750.24817	396.27866
762.5416	390.06204
765.49207	382.54572
738.57263	394.53568
731.7127	375.48615
755.44977	401.18716
729.6824	389.9491
763.80457	374.49194
732.1224	393.85217
745.413	364.52142
761.4093	394.15683
733.9337	378.9348
755.1829	365.4713
742.6183	396.18854
169.81363	556.4557
179.78421	557.34216
143.51039	559.59436
159.47897	530.00574
164.63338	567.3656
146.27145	540.4066
178.7479	547.20795
158.38911	566.9743
149.18607	532.9966
165.21257	533.19714
144.4155	550.4148
171.44223	530.98035
175.14053	557.6787
156.06308	535.38934
759.55237	56.258278
716.09924	89.12001
754.346	87.35489
714.5945	94.74742
732.9049	25.716349
741.4403	33.20699
754.91974	94.50662
728.86255	35.222633
751.08453	87.41784
700.5101	61.41662
756.3513	59.603783
734.4256	104.39458
702.3604	53.406372
719.2602	32.24189
743.10425	87.664406
716.67456	38.237465
770.6564	81.129074
697.7371	52.412514
763.72424	45.745792
772.5684	70.90309
706.657	38.239918
755.9462	36.085533
704.7119	81.36622
737.274	25.71459
745.29297	98.88586
728.4269	53.538746
751.20966	22.577122
731.496	96.532265
700.9748	43.114098
190.19633	201.0682
152.72395	201.1409
185.80191	169.08481
174.44873	216.40616
153.73947	219.10454
194.0823	181.91037
141.71335	212.10872
135.50728	207.81888
182.8099	201.4277
144.57803	158.19398
189.66933	158.04578
179.82784	206.45132
177.98857	194.90276
180.93027	213.88168
147.08698	172.78899
159.35797	156.36859
173.64664	222.65683
129.4144	171.53214
148.16168	161.80252
156.65201	214.70166
131.21597	193.39474
171.66245	173.28847
142.20409	154.5254
170.80455	155.82524
127.74193	204.84265
137.01846	168.59137
619.45264	376.3919
632.20404	396.8109
620.6543	365.4073
638.42914	403.98972
629.2377	385.43597
649.26276	384.36835
608.916	379.79242
625.888	357.48154
645.959	392.27924
629.82117	403.49924
635.50165	367.4962
612.3604	398.9115
608.6531	375.74152
631.75635	379.80157
612.93164	390.773
633.15955	361.3377
649.8578	398.17136
606.9638	388.77148
645.123	362.2206
653.8135	378.0273
614.51166	367.2384
164.65765	410.6828
141.22478	408.71756
168.90224	374.0952
173.18684	421.17987
149.21063	397.95453
152.3444	416.54404
180.32599	408.7719
163.86986	370.94992
186.47946	408.85675
140.60274	427.6127
180.5627	386.5452
166.89632	420.10345
139.85387	382.41913
186.80899	390.1421
134.12294	403.43283
194.4286	384.9819
172.79536	378.70627
147.67572	414.04974
148.372	377.54
136.63225	396.32367
449.38184	367.4365
485.57846	368.4192
456.35458	379.84192
471.55255	360.5823
477.51788	411.19586
441.10385	368.11032
487.45013	390.59375
464.1017	405.9641
467.45743	361.03244
472.9777	353.30292
451.2876	356.17813
494.3371	375.16168
447.35464	400.66754
466.6823	393.42615
486.95737	400.85583
436.57324	387.67194
449.38907	361.91797
494.21777	388.2342
444.0196	389.58817
462.23926	356.84958
467.07428	410.95758
459.87042	354.62976
489.91714	380.05267
444.05142	393.94635
453.11923	397.0229
479.47186	397.7409
440.16107	378.02264
