169.1161	539.0934
148.44508	539.1126
176.99277	561.75287
167.09215	572.2079
141.7239	555.8898
161.79343	532.0192
154.33975	568.6821
141.1186	541.54913
160.48598	552.18756
142.80682	567.3106
174.90889	538.6607
158.76802	570.9063
156.34428	530.22675
178.24786	543.1402
145.1521	485.9891
153.96503	456.73154
172.90744	501.66846
135.61736	465.65546
176.38179	454.11392
179.48643	489.98175
132.24246	482.43823
158.05696	496.32047
137.22176	488.32495
147.03667	461.32193
179.8557	479.4292
151.7374	447.95972
185.85956	469.25504
167.7427	498.08936
160.55612	473.32773
149.20535	495.68805
139.24667	481.8935
181.77132	464.01773
355.45157	413.92944
341.52615	374.23627
380.58282	401.79633
351.66827	392.5877
384.20923	407.31952
366.84497	392.60663
372.12256	368.66135
384.77188	372.6608
378.9039	367.32306
346.68152	385.58514
395.8615	395.25507
341.70575	381.18277
405.61508	382.3959
389.28485	389.99945
352.2464	408.09442
388.4277	360.09174
347.5912	397.73383
356.19305	359.67807
392.69318	405.33673
341.06497	362.5025
374.11444	356.33713
379.94687	416.7081
348.12692	368.44952
391.3813	368.22324
337.70084	385.2902
387.8537	368.4242
375.3318	411.15045
756.5309	23.267681
761.2126	45.197857
748.8435	85.16724
707.11316	62.53594
739.2956	90.789505
720.93317	84.08867
725.45953	28.103195
737.38354	28.962296
756.6084	43.901497
760.0842	36.063618
731.64905	91.44413
737.8046	57.740807
757.7257	82.43956
712.71356	36.768303
713.92926	58.313213
710.14886	74.77692
725.7342	35.687996
767.4552	74.81701
725.45154	78.16463
728.0436	21.360802
757.571	87.72615
719.0773	32.02554
768.8183	55.71827
752.00055	74.84349
178.0013	37.338734
152.35231	53.399372
147.97804	26.964212
192.27716	66.6115
126.7661	38.5844
177.23355	67.81655
179.75839	31.088293
140.88396	45.89012
196.02116	53.10198
158.36867	90.94261
135.31927	71.238106
185.6869	73.481125
135.62527	84.80038
139.14102	39.683052
191.64517	80.87171
128.93163	77.47452
155.24998	30.084757
155.59871	100.59532
134.15305	37.10489
187.33676	51.605255
157.63045	95.06674
125.977196	63.40027
190.72356	84.63833
125.90476	90.20806
172.5425	22.663418
177.61609	89.67325
443.90045	368.81378
438.07794	379.70798
453.01923	396.10883
473.93588	372.33197
484.3373	381.2249
443.46802	399.57437
474.91562	366.46576
428.2442	399.852
455.5416	364.4886
479.9776	394.03146
446.22763	410.36533
458.66235	386.00763
478.62738	400.70987
444.77704	378.65652
465.91367	380.88882
456.95428	409.10934
483.39355	372.9238
485.3458	390.09482
432.20313	373.82608
486.63763	377.05084
435.34488	391.1524
447.2321	360.01752
464.36044	410.6149
409.5108	82.78768
412.48862	51.706715
472.94513	69.4639
438.74603	41.0751
457.55536	63.4434
403.55807	79.10158
444.99725	41.28441
493.08002	84.434425
454.80096	135.28867
490.45297	62.747486
446.81567	109.68357
455.89496	74.868805
496.46686	102.71818
425.52963	82.01365
476.32574	39.778385
426.0694	115.95984
413.40005	55.753906
439.79095	60.297455
429.41376	136.42752
410.2185	111.10692
488.97607	97.08739
395.60406	90.32282
496.37466	75.324974
495.85107	116.832886
413.8419	127.53316
463.52628	128.79324
436.7343	127.94191
422.2272	49.582653
498.70743	105.40657
181.68513	394.03592
173.21336	371.19513
175.66406	397.51825
136.06445	388.204
138.77252	367.70163
155.811	394.61334
154.84067	361.22485
141.6848	408.51324
137.92484	379.32404
186.15231	380.87238
127.422035	397.1865
168.32437	358.55038
189.1866	390.61725
132.6646	396.3886
145.8655	356.7595
163.65532	407.06802
140.06458	355.4879
180.47531	384.97983
139.5419	395.54977
546.5038	387.50873
532.9087	392.77945
525.08044	372.7942
545.45764	365.05133
549.38635	370.36807
525.94293	366.76016
558.59656	400.4942
524.54584	401.87714
533.9065	367.95514
560.16565	380.64398
521.84985	392.32184
565.0097	367.34125
541.71027	412.06757
531.1515	360.5281
544.6566	405.5058
519.8107	384.29828
557.9308	371.18903
538.6301	408.22263
522.38806	360.35614
549.4231	406.66916
514.811	397.8185
750.80426	372.91788
747.91785	396.69843
736.86707	401.9769
743.2209	380.44196
755.129	400.23993
739.0919	388.39905
757.5994	395.25876
729.7583	382.5094
755.4596	368.39108
746.4696	403.75073
733.1012	374.7162
761.56433	385.0149
727.18085	387.04633
746.25555	365.56067
761.8795	378.2077
596.4513	375.16473
626.8076	379.06274
614.28357	397.98544
633.47107	391.48907
607.5846	406.63898
619.3428	370.39044
627.7921	366.0722
623.139	394.5654
596.17413	371.36908
630.8165	372.0546
595.14636	402.24167
619.81055	362.75507
632.22125	404.40018
590.07874	390.76453
605.9997	361.65726
601.85535	400.22903
591.55585	386.6929
634.09827	377.8447
604.97424	408.74167
600.74066	366.21982
175.15366	313.96536
163.92516	260.23846
184.8996	277.89487
164.27751	306.2181
140.23416	259.47076
185.34274	287.05945
125.29518	290.57895
155.85086	265.2835
140.6414	311.2258
134.45694	280.74615
191.49805	272.80658
137.66449	304.8659
138.27365	273.18234
182.92226	301.14948
152.00021	311.22922
172.72662	262.48236
153.38718	316.6765
149.33102	262.50543
168.5505	309.34338
132.39146	299.77786
160.82808	316.72742
811.2033	386.43335
786.0376	381.24863
813.9249	379.41254
811.6195	394.16913
788.4518	374.0218
802.3653	400.4299
789.6395	395.17505
810.4005	375.16742
793.5393	400.11957
789.94464	403.19162
816.38916	389.01996
781.84576	385.61853
798.82947	369.15384
798.1135	384.91092
135.44191	186.44194
179.57628	160.14352
168.59999	216.83769
150.59526	154.80318
190.73262	180.41771
149.02423	206.11543
177.13443	147.20486
143.57724	194.30545
159.73239	150.02196
187.97684	169.78914
150.78513	210.85458
185.34608	182.04028
176.74751	205.0312
128.62552	189.589
129.35309	182.5528
192.01047	185.98688
160.51547	171.5006
186.91628	197.30185
163.7645	210.06119
134.63402	166.09167
138.2455	209.8106
140.93263	152.49146
185.61836	162.81424
695.7298	398.85303
673.16907	386.4846
685.627	386.27606
667.8821	393.92578
687.78314	368.14932
676.51904	373.39594
663.6108	390.30963
708.04065	384.61865
666.292	399.30682
670.21124	372.3221
702.02966	394.95648
663.60016	375.83075
688.61694	373.89117
683.61383	404.22665
679.5681	364.06842
701.73157	384.11926
672.9768	406.7326
705.3747	374.9389
695.4543	406.82822
