139.47513	83.422806
127.987564	72.955696
176.93068	106.24188
147.7378	106.14304
132.00394	78.86351
161.56735	41.960728
203.7221	95.399895
133.53941	91.13156
208.14255	74.28872
127.20066	49.65116
193.36604	59.431274
195.69127	52.857838
156.0218	36.514656
200.38393	78.0315
176.46817	84.525734
166.82227	34.730576
164.84775	114.62184
125.66371	81.79955
205.46658	86.25796
180.76332	116.59562
133.54634	55.01939
205.22104	104.17831
151.98485	124.04337
184.86673	35.131023
213.04166	67.97325
145.97511	38.205196
186.41342	38.983654
154.47829	111.75578
160.92233	455.70264
190.11208	468.54865
148.18233	463.2545
189.74179	491.51385
141.52107	495.27304
136.49004	488.37408
178.37662	468.52872
146.96674	507.10074
138.42227	465.8727
187.2779	500.85016
152.32458	458.25543
183.1232	462.48965
154.6279	506.7613
181.87935	455.26138
196.6995	488.5462
169.59178	511.10913
203.73398	486.10913
180.00633	507.93994
167.40715	447.1789
190.33751	461.2522
514.28406	410.21085
524.0686	352.86295
522.0782	398.575
501.97845	410.9256
518.43555	357.19354
490.8707	416.25372
494.36285	368.11502
540.0928	420.48062
488.60577	364.53607
529.19824	359.4902
553.2665	384.13382
498.16544	377.51447
525.68616	424.3133
544.38904	425.0196
547.5927	374.78143
487.82904	420.48715
506.5375	416.8589
523.97485	365.28952
555.5604	413.18408
511.36816	362.93463
538.16595	386.52945
493.37866	406.78314
542.32666	361.30893
553.7157	395.54303
492.64575	396.38724
556.3302	366.40887
510.8459	420.50967
508.94785	355.83267
204.46597	219.70247
186.78429	259.44965
171.55026	242.69649
192.57704	200.80138
129.92552	224.16292
197.0945	210.55899
181.61652	219.18494
161.09975	187.5112
138.1218	242.63472
137.7981	204.64505
214.57584	199.30464
148.99216	262.54984
135.29929	191.6442
187.5571	207.97766
155.91458	258.48602
149.70863	188.81357
202.49252	250.97812
139.71033	250.76913
200.61642	218.27219
178.86751	260.5426
132.68895	198.58882
191.79495	246.27551
123.9727	214.88846
183.5588	194.2367
177.35634	266.7043
173.24966	254.8455
207.94348	211.63284
444.45712	120.05922
441.67545	81.95444
535.07935	96.79945
441.35724	67.20033
508.93384	53.94743
489.61005	135.57993
517.0945	126.36666
465.39584	81.73508
456.50204	110.330215
486.5683	52.086723
502.88467	125.927086
431.7418	70.23314
520.2385	60.67798
526.29504	124.90169
496.4396	46.70944
452.12177	138.9346
435.8122	129.53012
497.9278	58.764595
514.25494	132.43713
434.1098	87.31245
502.62735	137.22672
460.2956	132.94162
501.37778	49.252594
521.83466	64.07048
445.64703	59.90935
509.6783	106.53249
439.91904	108.27649
486.3703	44.265213
523.888	110.07703
481.90753	97.87148
614.258	407.07306
669.80316	391.22845
609.2931	403.084
666.0808	405.7568
661.04553	389.07407
649.9211	409.50958
662.75323	374.34445
618.513	369.4385
631.72125	416.01276
647.75256	365.3519
641.53064	359.0754
657.7464	370.31122
629.37146	421.05597
611.53186	374.42197
655.92535	414.41293
607.01685	388.9498
662.68835	362.10812
643.71674	422.82855
637.93933	369.17166
654.2521	423.80167
608.4877	412.56998
654.8849	362.79608
620.8339	415.57544
633.8022	360.17255
646.1025	420.61044
618.1296	401.89728
801.7184	22.937046
814.33435	64.6243
766.7147	52.53132
811.8377	35.82598
769.738	61.764782
795.23035	62.097736
818.5548	36.90786
814.66516	51.27059
787.0214	21.455511
768.82336	56.56722
761.8524	54.456703
777.565	50.82692
785.1741	76.41761
760.36426	49.409138
819.53674	49.832405
770.1191	35.346138
807.63025	26.15336
781.3113	70.14058
907.8832	389.77585
926.8634	380.58163
908.0695	408.44815
885.52527	382.64548
915.2367	408.47052
897.7614	379.2861
916.9811	374.17636
901.51855	402.68427
903.44305	373.1836
924.0749	397.9604
897.375	405.9398
911.0827	402.1734
889.5873	392.14337
913.04846	377.6657
153.55064	337.8799
123.51314	365.34396
142.22632	340.49164
202.11737	358.9455
186.28627	352.56335
180.2916	325.3327
149.92076	397.44733
132.54935	365.06073
192.06992	382.2239
133.90047	377.25836
161.05055	379.31683
186.37637	391.51788
150.06674	387.78278
199.3061	343.6129
150.75594	392.8009
147.99203	332.7725
196.83737	379.85062
193.52664	361.4135
184.75558	335.64267
164.51596	391.74582
152.5815	327.14752
190.4094	343.399
135.3714	382.7965
128.91737	350.89435
410.76938	386.9859
428.7469	384.71658
389.8814	357.33514
378.67496	419.9564
362.77014	384.08295
419.8773	415.24335
374.19708	405.4646
369.999	371.59854
400.6812	392.0717
362.30353	395.48004
421.54462	409.92496
429.5569	401.7232
393.73563	375.0025
429.48697	394.32132
373.14746	414.10236
430.02563	410.42938
356.92828	400.44226
385.39328	359.02078
438.11484	395.5445
374.01794	423.76532
396.9009	348.57794
430.13077	418.77573
367.05048	401.1546
430.47894	368.88098
362.67804	408.0945
407.7747	357.2421
423.34122	370.11264
354.46362	387.84235
415.55753	372.7383
401.86893	416.26865
832.6959	364.44666
847.5339	376.8519
839.75793	391.12323
823.7876	377.59784
846.5719	412.33344
821.92615	397.54855
824.0581	373.4284
848.3753	402.23965
819.501	380.08365
852.6797	372.5251
842.97766	413.44687
849.28723	370.8204
826.48114	407.84854
813.41113	389.3342
860.58954	393.73532
821.9591	409.8592
842.5579	368.9781
860.7518	403.6057
760.27454	408.43512
764.60614	378.69086
745.1566	381.15536
716.8981	380.36554
740.47894	416.38394
720.7483	396.4504
775.0865	382.1208
774.31885	407.4389
771.402	391.1611
773.53314	398.73157
725.308	417.27744
727.0444	366.9544
780.83093	392.97113
725.6629	408.7383
781.35724	379.3961
769.9789	412.1923
718.5357	385.0051
737.302	365.3375
735.2693	423.36963
746.22754	362.4938
763.1921	417.44537
769.456	364.81586
773.32666	372.5753
735.02435	372.52124
