192.38693	210.60478
196.78511	251.75635
147.20346	205.733
159.697	279.51053
182.3501	279.22052
201.70065	234.62045
154.60867	278.66074
134.9899	205.81958
135.9301	264.6225
137.49461	233.46367
138.0206	197.44664
195.12756	218.33594
154.53561	269.28644
182.95721	226.89734
124.48633	243.88675
126.00692	217.08862
205.0863	248.25552
133.84167	215.82645
179.73834	198.99565
172.31377	276.81503
149.8127	197.29388
200.96677	245.83133
122.82036	238.66609
201.84511	209.83842
174.27454	272.74664
122.93239	233.32906
526.6573	88.75474
448.79263	60.290565
458.2955	98.73419
520.7625	81.24951
484.36484	53.782593
450.7892	58.2489
482.84845	140.10562
431.28287	125.47357
530.2589	114.38356
445.70538	128.60172
509.10196	56.236153
469.99936	156.3443
434.72574	118.21858
522.67285	69.21847
475.08286	145.00027
478.99823	79.27768
470.35068	71.59375
460.3165	142.90971
475.26886	42.842308
528.02356	103.775
435.97974	80.52276
523.3339	98.40144
440.53912	114.81631
450.74872	51.152576
506.56186	131.04451
440.30875	60.155506
432.6372	80.09273
504.94873	140.952
437.6684	57.256214
523.19385	113.88712
125.00803	73.225845
172.81033	38.45764
180.36832	112.551895
177.14917	59.148357
187.1163	51.774193
166.62631	109.56435
129.21246	68.543884
198.93053	53.702232
131.70488	56.072712
193.13937	96.65657
209.57507	96.836205
196.04547	39.572094
188.1164	45.359184
135.79587	115.524864
201.97958	89.51711
163.67432	121.63267
124.425964	80.78206
206.43547	63.627594
174.41312	119.18679
133.66814	51.214703
205.61545	76.126564
146.70947	117.40232
152.90164	39.06135
185.11285	117.49083
118.60708	63.670998
178.8166	37.006584
145.35889	124.210464
142.07608	380.2525
145.8357	352.96225
144.93498	415.95258
194.88756	368.655
204.31664	396.32452
181.649	351.30908
186.42244	411.63672
160.96065	418.31836
170.32198	340.3812
150.59605	416.42474
127.74162	364.2827
183.60141	364.43652
153.12851	423.76392
137.59468	364.124
197.41968	378.40582
126.28026	382.45935
203.25058	369.7674
176.95525	416.38614
138.93149	407.89337
188.24142	356.44403
169.56656	418.06903
164.34717	348.0857
155.2695	419.754
130.70003	375.4608
819.44824	31.137379
782.8436	67.248764
773.83514	37.618027
790.82776	17.799242
786.61926	60.79555
815.1908	37.546272
817.46014	40.35626
770.4938	57.61698
810.9629	29.326227
770.4155	48.409157
779.297	25.585009
806.749	65.47649
777.5819	21.23657
814.8544	62.31131
802.3047	65.67484
521.1365	363.07858
529.83057	400.5511
510.4257	392.6557
485.2413	393.38434
499.0306	379.0067
504.9415	409.9038
559.31274	374.24448
559.35266	400.29633
527.2892	359.08063
551.4647	384.1622
497.8125	361.04434
510.9125	381.1177
538.1981	430.594
478.347	402.39175
545.01715	400.169
532.99255	427.52832
516.61847	357.7543
552.06067	395.63483
497.92255	418.02255
543.2475	372.46262
489.51556	415.14282
497.86386	368.4731
548.07477	425.8313
503.3393	429.68506
542.5329	364.87747
509.879	428.05524
492.44098	371.62042
771.2179	373.20496
742.63153	411.7644
750.36383	369.90036
774.4542	415.62067
786.1085	400.56073
766.3436	418.08832
745.98175	418.70233
734.4728	397.1601
787.4635	387.8875
733.5224	379.42865
750.209	380.7584
777.7288	379.61163
732.3249	416.49457
757.0898	365.89996
760.72766	423.07266
738.747	372.3006
780.8609	385.56036
734.35864	406.36832
779.5294	371.8966
779.8243	401.85074
731.0849	390.1897
844.9552	390.95795
853.50964	403.22604
831.21405	381.6513
842.5504	413.54926
837.6136	412.69263
834.6424	375.4109
825.51526	403.76242
823.9806	380.3251
862.1478	398.42157
824.2599	396.82462
851.5519	377.26865
858.735	403.31143
820.5443	390.14716
852.58124	381.08026
901.2246	394.58704
888.6965	408.62918
892.0148	406.66138
883.84436	399.90326
912.0382	390.19684
907.80096	404.20737
887.5013	392.54144
902.0133	381.57028
895.83527	394.0798
893.54456	380.8902
429.09927	394.92575
423.31528	405.615
373.1782	364.2664
404.2541	426.7649
408.713	402.9899
425.22867	380.49567
361.4099	414.69736
390.01514	362.3708
410.6329	428.22186
351.43057	396.09866
420.49603	391.21832
412.9898	370.41913
361.18164	384.77057
430.10117	416.50555
371.7397	414.5233
411.5332	359.43472
360.5325	387.76517
362.9787	373.112
431.1267	386.5434
364.29614	408.56458
391.62582	394.63885
398.84085	435.7268
384.27094	425.6753
399.17117	372.3662
395.29047	429.79938
401.4324	360.76297
417.0185	417.41107
357.51022	397.93002
179.50615	486.8602
145.21194	533.479
159.91255	540.73224
161.78183	484.91107
181.68318	535.5912
150.23837	485.1254
175.87143	542.765
138.11685	535.78595
181.23549	498.96793
134.66284	512.6782
176.456	485.0695
191.49283	522.2491
138.36287	487.39764
162.05328	480.00372
138.11568	526.31793
160.31523	546.2388
195.55923	507.55078
167.22502	544.2659
144.7015	486.85565
191.39355	527.48676
651.43494	426.32056
662.06195	361.7164
624.8584	412.34424
637.2147	412.8399
658.24365	399.08685
612.71674	397.3943
634.1769	363.20544
669.72815	429.65155
652.13324	381.93137
683.82465	396.9908
629.6989	425.28848
654.2091	416.92758
635.81244	366.30457
655.77734	404.345
650.8914	358.66013
673.3757	426.919
612.03046	388.21783
663.335	366.49652
622.204	418.34674
620.94666	367.489
670.5317	415.2591
605.1051	399.12323
678.777	406.87497
663.3729	390.85004
627.7122	362.96567
681.8385	376.82507
