758.026	89.91676
755.61	76.88131
769.3742	90.685684
775.1156	80.87407
712.86707	73.36074
777.09814	71.06578
725.6716	81.45845
718.27783	49.606155
732.69354	28.517536
709.482	82.67763
736.5819	31.699612
779.06824	46.5854
739.3416	55.05706
773.53345	44.723347
721.1563	97.82296
764.4166	36.123093
759.3279	97.09099
714.3742	79.52482
750.6044	28.838465
730.6444	96.6985
726.49945	31.295841
414.81024	121.73606
490.8929	84.16724
491.5717	115.37103
411.24496	127.8254
447.74884	143.2331
497.46094	83.00696
425.93155	100.35298
426.9588	60.72724
472.97153	136.96579
398.9265	93.28761
455.4515	46.611385
487.65714	136.00888
445.08267	54.30697
406.1236	113.8148
435.87225	142.81305
443.69003	43.61817
499.9147	115.09035
438.07803	50.39394
486.96783	126.413246
474.63348	143.73758
404.50183	81.91825
458.0976	51.920197
393.6433	118.03727
493.49414	66.92677
454.58438	150.91055
412.36044	46.6646
496.08603	73.20482
402.2763	107.06472
422.7757	52.71993
489.23785	101.99611
148.52486	501.25278
178.28699	486.98325
126.22661	498.09943
146.9932	473.8331
158.76974	469.71695
131.48788	515.6659
170.45901	522.7804
180.62674	497.53995
124.52608	511.13022
159.23476	525.15735
159.41177	528.4276
152.44637	470.13608
169.79405	513.99396
128.19315	486.778
172.99443	487.01678
164.0667	475.10147
697.17413	397.94623
736.52893	395.2425
689.21277	387.73907
698.3834	390.38626
713.84485	419.64606
696.51843	380.6015
723.407	377.1739
698.24835	416.36725
714.5448	396.78262
740.3585	385.3051
689.78284	406.45383
736.0063	383.01263
735.5704	406.97235
709.2584	374.90262
732.94073	418.43268
726.94403	415.13736
696.7926	373.49213
737.2675	399.08954
524.1233	401.78915
529.578	362.97003
538.6771	408.2871
487.05	368.82202
540.593	415.16806
544.5668	380.32388
534.0666	423.73447
529.6376	376.5853
474.9926	397.65164
527.1791	393.24786
486.73633	417.9239
522.847	368.60373
544.5785	388.15448
469.0253	399.53195
506.60626	357.20334
517.0128	408.02402
474.511	386.7793
517.9412	361.22333
493.2168	425.77008
503.5329	363.36746
507.6814	432.63934
476.11826	411.37778
548.3151	386.97305
545.9153	427.94116
482.88177	365.36884
526.2822	433.0519
506.96942	436.4698
509.80005	381.95197
154.54257	135.98836
107.69285	64.34108
196.19217	88.8217
139.51904	138.20317
195.83403	75.89712
175.48943	120.470726
108.66649	97.639465
133.2534	81.98587
178.90785	125.23051
113.662125	60.28543
135.0361	48.852303
123.51412	119.74009
192.60233	62.668922
185.28891	66.39755
191.6594	104.79954
134.56921	102.42129
183.99318	116.74422
118.94206	59.847984
194.25626	111.90364
113.29564	106.23482
127.14612	46.605312
127.42344	134.53685
108.17501	78.316666
177.95952	132.84952
85.39586	77.02083
175.01791	51.622547
203.77423	61.74424
119.10897	67.76681
176.99878	41.729626
165.56877	421.9826
122.47294	409.5281
145.26999	415.17734
119.78639	392.7093
160.30362	356.99197
141.7063	423.08148
121.2357	383.14737
168.28172	397.91632
188.04929	402.06677
180.81392	376.08942
187.38916	359.661
126.74626	367.2866
142.59726	353.10437
167.90282	410.00674
137.10915	354.41278
158.25046	351.09473
160.33133	414.39087
142.29037	386.8947
181.11952	396.77744
179.23502	361.0957
169.40205	228.46805
129.47336	260.45245
152.04701	210.14676
145.98805	215.68405
173.8578	282.7468
155.97943	224.69006
160.69904	291.55246
115.57115	273.09256
182.31459	270.93457
118.594376	275.0316
150.81003	216.99997
150.26735	250.26273
129.35297	278.90768
158.83054	216.95161
131.45107	286.11423
121.265	228.45634
193.01633	253.12495
146.45311	272.67798
134.41801	219.28093
188.51897	262.71915
129.59251	292.50577
183.14792	237.66183
150.86188	302.12207
763.5465	390.7663
788.2949	403.3441
780.4028	397.93155
766.18665	387.057
788.3245	408.28952
768.20575	396.72665
792.8188	387.2878
762.7268	399.94098
773.24713	389.49402
791.53986	410.3917
815.3717	393.5052
837.3187	389.84552
817.85046	405.02203
820.1886	384.57657
831.8197	402.59164
821.16174	413.013
811.7111	389.36853
841.0251	402.5153
824.4186	391.93445
843.4168	391.34036
348.7269	401.88
388.44427	358.02942
384.06094	370.64398
380.656	402.16965
405.40607	373.65512
381.45303	358.64722
387.7531	394.52023
407.3946	416.20605
361.76917	438.5545
379.99527	409.18768
400.69403	433.08463
336.00983	409.5739
409.64032	381.60663
399.3004	399.39276
330.53156	388.7202
407.27103	424.80704
336.20258	391.26068
365.6811	362.05438
388.446	427.17352
343.58298	430.58368
411.77695	398.71466
404.24847	411.7623
346.65582	363.78137
380.6942	434.60855
340.99026	421.35953
357.71777	356.49753
341.01135	412.80884
356.02798	362.653
391.59613	366.01328
338.60626	362.94742
630.3577	422.0167
621.2478	406.21906
603.9723	419.38394
633.5686	375.1724
601.7866	377.51288
598.12	397.5971
651.4464	400.29587
626.9809	373.21616
650.54114	388.5221
639.72577	418.99203
608.0914	378.4024
603.7411	370.96628
617.18384	422.41904
615.63385	374.10703
644.6378	409.13916
613.0254	419.2591
637.5439	371.6557
596.0807	376.19037
620.4906	370.13773
646.4123	375.76303
606.1843	421.71747
