851.62415	412.0638
848.9048	399.67157
849.222	379.46585
859.71277	412.1581
832.0072	391.671
846.39453	383.92703
841.29626	411.36118
846.7186	394.6323
864.0719	400.6246
836.02606	398.5056
860.46893	385.01486
152.75874	285.41998
173.2104	219.49136
205.58902	243.22952
191.64241	254.58755
177.47739	208.18144
116.278465	244.23381
115.43937	255.14632
140.21107	225.18002
163.57074	287.8533
143.02614	203.57222
192.24094	268.0063
127.80678	272.79807
189.48062	216.56079
163.71596	280.17
122.95469	238.0855
169.03842	202.57489
155.86392	292.6621
117.72876	229.97282
200.33066	240.83989
125.53313	264.4766
203.4983	256.88278
178.59686	283.7316
132.4357	217.01323
198.8001	264.07428
146.40225	280.0285
405.49664	372.2154
399.35223	400.72675
357.75214	417.31915
391.24225	374.75873
357.14462	372.47058
419.92438	415.3933
360.77386	418.88046
359.30127	409.43347
410.82025	365.4314
399.81824	415.22748
384.3677	361.30377
428.86615	403.52805
416.54712	376.5745
347.29318	382.2342
426.37396	428.38632
359.3908	378.87564
426.78253	370.45596
404.38925	428.94702
369.25912	374.68445
430.9437	411.3439
369.57877	420.68658
381.614	357.34595
389.84586	438.14557
351.8713	406.2166
408.9883	357.85004
369.85992	432.2133
356.3379	392.16888
427.9336	388.48865
751.9611	370.26227
780.65985	366.06964
778.73346	376.5915
739.1156	404.56628
786.5267	415.54126
779.8955	390.07086
764.55994	369.01813
791.18787	393.40668
744.7654	417.58755
752.9241	415.38614
756.3932	403.68216
775.14514	366.10513
789.19855	422.06122
764.9309	421.7794
767.85333	373.5735
770.92566	425.1048
755.93286	374.40033
799.71027	405.00903
764.2682	430.4955
754.61774	381.36368
149.64395	372.46042
127.22276	417.43173
169.3693	364.3462
134.47372	439.4415
164.97331	430.9292
182.47195	422.27164
143.39743	425.08466
195.9548	416.17706
154.3109	422.92963
126.012314	399.4799
180.72728	371.12354
170.5207	427.88388
141.26881	359.92508
198.73746	384.55176
125.33287	389.9829
186.92819	363.78986
195.88452	405.35345
130.6779	384.83942
184.75551	367.7757
151.78021	429.40918
153.57924	358.61377
132.16255	415.32358
771.63684	37.296722
804.2922	23.490082
805.3575	67.01802
796.89624	39.091465
800.94934	45.00686
773.16125	49.955215
812.0949	27.130463
811.0387	59.322105
791.9862	42.62508
783.6653	62.00946
773.4525	54.539837
821.9587	45.450977
818.1207	29.56052
795.74866	49.015636
144.39697	37.485085
187.12248	114.99101
164.54306	46.08117
129.22244	106.662415
196.97179	104.745995
201.38188	93.343544
188.79944	63.118896
125.468506	55.703205
172.35641	121.18523
168.69676	122.18534
193.21951	51.036045
201.88278	96.226
117.239685	84.227196
198.82047	66.60466
190.39694	123.746315
120.14341	71.17616
143.51273	44.924755
206.45728	84.61417
132.21971	51.575417
205.60437	106.26221
133.00562	114.41127
165.65251	40.33879
161.97539	124.64138
151.49963	49.39027
202.46597	78.6383
146.22787	122.75331
633.0002	385.69647
656.6805	429.41864
664.20404	364.1668
690.54706	389.08664
646.1333	370.2296
631.98254	400.72916
681.3566	395.20123
632.2833	412.6529
694.5882	375.10382
673.8685	366.1104
638.6386	373.13824
694.57117	399.7674
634.54626	418.90274
662.8921	377.9929
676.6143	419.9571
650.1825	429.82755
653.5559	367.20795
664.82153	429.91046
636.12964	368.15924
682.4689	383.2206
653.92004	426.48834
687.86127	409.6789
638.9947	427.71417
626.96606	377.5685
184.326	502.21997
138.4314	491.3067
141.87712	493.62442
180.99048	534.92053
153.92783	538.8903
186.75592	518.45935
176.68274	531.9228
139.66037	500.54083
177.57005	492.30206
139.16586	514.5909
163.92662	494.72308
179.6636	519.0297
134.95035	513.6088
185.89232	530.6403
164.361	535.06793
900.70624	382.28052
903.8099	396.44424
893.4546	384.5506
918.8721	388.6134
913.35315	409.65326
887.48865	399.06946
918.67676	404.17477
911.47687	413.0974
910.3839	381.50552
895.7454	410.0787
898.1405	415.5314
572.9161	401.82495
517.30005	427.07822
505.65753	373.14032
517.7326	358.16577
501.80817	424.16592
539.29865	365.2995
549.48645	432.28622
496.91318	401.00558
565.70105	390.74963
515.6567	394.0581
504.78354	411.84537
558.11633	402.97455
497.50058	414.5201
551.3353	376.54495
558.058	412.7404
518.75305	369.71918
564.3094	404.71732
533.89594	441.13272
555.0487	370.2651
564.4392	416.62817
524.3061	434.31964
526.515	360.24454
507.67596	419.6021
507.0917	365.29755
538.6483	429.4296
519.67255	437.89194
478.28256	86.59597
466.84677	146.84467
431.59058	85.047386
489.92838	48.756504
524.16974	122.50126
448.59683	64.58386
468.0502	101.40837
423.38354	104.37235
488.9702	66.89468
479.91275	146.14139
450.67554	86.593124
503.90094	128.97742
500.6661	149.73755
509.8666	57.2401
493.7714	91.97878
465.1412	45.56176
517.65845	66.33293
460.54498	156.89816
427.90103	62.658092
531.55475	117.136986
433.83185	106.79331
493.19052	43.15931
439.0174	139.04935
457.8016	146.1061
529.77374	96.43241
446.52548	130.05244
459.18182	55.414776
495.9402	145.33002
441.83594	66.47859
532.7237	106.23682
