175.23805	381.3271
130.0086	412.83783
138.82573	409.32016
155.30109	390.37213
138.4373	416.63727
126.04573	391.99597
176.63817	416.28458
135.77089	370.5121
182.37753	405.4467
127.56051	403.28705
180.51796	378.38065
155.67455	396.1227
131.84953	377.37204
180.28877	384.4256
907.10583	403.02386
891.54474	404.16928
910.99084	407.6773
892.77405	410.79532
918.85516	391.08774
901.41614	422.3437
896.35364	391.25162
925.2007	404.97202
898.3817	419.36368
925.5329	397.19873
844.0077	404.43292
828.3087	416.60065
841.41016	399.60513
839.1144	422.6469
852.4074	387.16196
857.81525	415.92682
833.2542	421.26773
853.7707	392.0749
841.1702	408.75436
829.8415	393.54062
849.5011	405.22372
158.45728	147.29565
162.44858	51.96247
175.66966	143.14417
95.82432	92.415146
200.13821	96.73767
176.76007	102.23231
154.7142	89.88785
188.96024	133.39189
111.16903	72.005226
141.8014	44.5617
111.24165	82.46828
153.32405	48.533375
150.8236	127.37797
107.45247	90.56618
174.71497	55.016224
204.53845	128.09799
157.33435	156.95482
200.2972	84.483116
171.06258	139.02861
133.8699	49.496887
191.42422	124.47009
186.98839	125.77627
144.5378	50.808258
193.86624	128.82472
107.30515	117.260864
813.4068	75.882675
808.86884	79.32209
793.61884	24.462439
803.17883	48.632214
789.0148	69.46773
805.44586	24.4353
783.7596	73.802536
785.1791	57.6139
818.8994	28.097813
777.19867	58.000305
825.5044	66.50274
813.7022	69.45153
828.5218	36.28312
189.31155	282.84137
147.55882	246.67618
195.92892	248.09517
188.57925	275.9616
152.89221	225.07681
115.776596	249.01047
193.9488	266.29178
116.22811	283.65982
141.00641	234.0961
127.471214	290.67755
164.19786	231.39021
180.84659	288.2104
122.35918	257.158
174.32509	236.2609
174.9255	300.07742
137.42361	235.58707
181.3851	294.62308
123.75697	289.43378
127.57548	237.3708
481.5416	160.21834
440.6229	136.83875
479.3963	141.43091
472.1166	169.12448
430.98788	81.58754
532.7743	136.47081
426.3985	127.054306
464.84668	132.42084
529.95154	101.5696
454.86578	54.953888
462.17303	68.95844
427.62436	103.43573
430.42535	121.656044
518.37036	142.75314
422.73944	100.38903
507.63068	59.28124
497.88077	116.66537
468.30695	88.24691
489.64297	79.85376
445.32852	150.67563
498.22794	53.6909
486.2482	164.17142
433.329	74.15971
534.0062	119.09306
507.46002	150.83527
487.43683	45.49417
528.1907	85.479706
463.39264	50.529892
522.9334	66.18656
533.3874	110.352196
662.023	380.36386
696.1334	400.4959
653.73987	386.1422
704.359	395.92142
700.36163	416.83734
687.7385	433.31802
657.14636	371.19675
645.438	419.7583
656.12146	378.63367
700.0481	424.31403
679.7417	433.37115
700.71704	409.63037
692.5826	425.60956
641.8847	400.16302
683.2905	375.31927
652.246	429.9433
645.1109	389.5538
660.5353	368.05972
641.3802	426.62897
794.14984	395.40375
757.25836	424.58585
748.0478	405.0852
787.51135	418.5336
750.51624	412.09454
761.9015	384.53998
774.2285	425.45856
746.65594	396.75534
782.45715	386.3993
771.5048	408.93463
771.1335	401.3099
788.4447	401.81378
766.2756	405.2453
442.4066	392.6429
380.40067	448.64606
372.35345	435.9813
422.117	361.6839
428.37616	443.0826
398.41095	375.06717
444.34235	409.55844
365.10098	434.69165
450.74457	404.71085
394.79495	392.7804
376.92368	359.68732
436.63754	391.16394
340.40924	396.70493
423.92767	414.75375
391.0242	451.41937
364.2792	377.1782
389.66476	360.69928
357.67038	400.48938
440.65128	380.1125
423.1629	410.67172
416.50397	439.57135
416.24838	365.47845
420.37827	463.72617
380.20905	364.80746
408.0002	460.43976
374.94418	447.99014
401.59317	354.55698
399.2226	448.2706
352.7301	394.15262
567.5285	381.00522
579.8251	395.6147
552.7239	426.92642
562.69464	420.36417
513.5954	411.27203
547.44226	376.01996
518.4369	393.6575
530.1898	430.61432
587.74176	410.3854
524.73615	415.9502
539.89984	370.63138
580.6703	412.5254
576.02234	401.48676
550.48004	368.15826
534.22546	422.6209
525.3109	380.9433
573.7002	380.58636
517.2074	422.3706
538.5121	377.8989
554.2738	441.33893
166.83974	478.1775
151.59892	467.27515
133.98727	514.9561
143.4874	472.675
164.96182	522.517
138.00677	475.01483
174.6344	481.84863
172.58218	512.0144
127.59479	493.84796
164.63432	472.44287
152.81891	510.93915
149.18356	471.9127
159.60997	526.25867
