482.39728	417.84467
518.52405	420.0368
503.62524	406.80786
531.53046	401.21686
462.97235	390.6144
506.048	365.9715
505.93222	420.72324
515.8575	354.34766
497.76382	373.81476
497.04614	389.43277
527.6555	368.87402
526.00995	423.441
471.11603	397.0832
531.8137	394.99533
479.31158	398.35495
472.61768	373.6445
537.0748	412.05328
480.9475	370.76038
514.1761	357.8382
495.1787	426.9004
510.81476	356.30438
547.6121	402.13165
460.32373	400.86127
488.285	366.34064
509.14273	443.88507
473.60507	412.46475
538.8174	380.79626
448.6648	130.3615
428.80927	62.096855
432.4196	124.05525
417.7946	139.2927
443.23724	47.072384
467.7316	104.290855
461.1784	142.29091
492.22565	118.28042
405.03943	83.26487
450.70166	39.462704
498.06876	83.78728
483.4544	82.27759
485.13785	63.828175
431.4449	144.22221
428.86157	44.15083
489.9632	96.31796
414.80634	63.152275
410.8544	53.94518
486.94962	126.622055
404.29196	121.100136
469.04388	75.42975
404.5695	130.2703
485.81168	58.326775
505.65186	134.51651
425.64316	104.431335
483.3858	51.075043
464.94565	152.1904
471.40494	43.735474
478.72403	139.52832
813.79517	395.74115
823.7507	380.69208
834.9289	406.91623
819.9401	385.7151
840.5666	400.5417
826.4733	406.64627
821.63477	409.2658
828.1987	394.06284
815.4898	383.0725
841.7616	391.4551
622.5761	370.68683
585.85065	392.64682
636.2859	405.91617
585.38074	399.63495
592.7906	371.80136
637.22815	391.36993
598.3816	413.32227
590.82855	393.52887
587.8417	407.36667
595.33234	380.41986
633.944	381.72955
596.957	418.11328
639.77594	388.40277
602.0152	419.88135
636.6381	399.20782
626.4411	376.30878
608.5516	413.61816
610.3319	370.49966
630.20026	418.8872
591.87585	378.74472
145.38834	35.705204
186.43051	111.7218
140.00264	120.55794
185.95015	87.769035
197.126	82.92401
145.02255	133.97047
150.56268	86.14939
111.443054	62.38225
111.36123	96.46559
148.2823	128.42935
132.06941	52.275757
176.29721	131.38736
114.24796	70.28081
192.55145	68.94417
195.68437	104.59298
126.413925	47.933483
193.87073	93.6895
115.25035	115.55531
146.64345	47.400738
154.6348	137.12709
141.16339	135.24655
180.61252	53.72149
132.42992	125.53699
105.54922	69.49121
186.60274	51.816338
107.83327	83.41776
171.48453	44.588726
204.00511	71.63788
121.44999	404.76117
186.87479	391.49258
145.46452	435.5355
144.11063	370.3195
182.34732	387.92862
126.81036	383.75598
177.08705	375.8477
181.20181	396.8743
115.98421	403.18427
154.42773	403.50623
125.716934	424.86075
123.0342	381.05872
185.34018	407.79205
149.42345	405.7525
171.96872	379.83038
161.80412	435.4677
144.35031	377.31607
173.45308	430.05215
134.05856	382.0525
168.92258	424.03256
191.72525	234.27116
120.18484	231.72122
190.10147	284.22675
112.46643	279.9531
140.6894	232.6373
174.15175	253.7978
144.77148	246.3212
137.90858	213.592
180.22525	294.3401
126.11133	215.81657
185.53792	288.42792
104.99636	265.7978
193.74033	260.27078
120.905655	285.7204
126.04189	297.81464
114.41844	230.75278
140.00156	296.30963
150.9975	303.84958
195.95401	279.7398
112.174034	271.95868
181.45512	226.1451
155.22102	297.23358
170.85683	217.07368
204.74936	254.46875
142.85916	298.82352
135.82861	221.70773
193.4892	267.61124
338.26028	411.21118
407.63547	403.2093
365.7225	402.6667
373.92905	395.02423
398.79407	374.00128
346.3276	365.30493
340.6573	395.54373
386.62183	428.34433
366.46857	387.7828
383.70093	363.45844
376.10257	430.83237
406.65683	367.00333
356.07593	371.44983
331.7796	404.54346
388.24817	394.5369
365.21594	435.4405
367.85306	355.93243
414.76236	390.53897
343.49655	406.92108
355.11224	361.7599
400.73807	424.37167
369.04956	363.98996
389.62378	345.75006
390.28064	430.9619
363.8488	420.51605
397.21695	384.24066
339.29065	419.36694
361.45306	360.83664
379.73157	413.2548
678.6357	378.0341
724.71246	393.99506
697.4911	415.82104
719.3485	379.01147
731.65753	398.8081
707.13293	417.12518
725.7944	378.81537
684.2777	411.95697
706.1821	395.44537
706.7229	369.4717
685.38403	405.75668
728.4473	378.77902
725.5062	412.74298
681.1019	386.2596
709.8219	376.718
696.2496	421.42026
728.76013	390.8755
687.25836	392.31198
683.98737	399.02118
763.3148	40.32964
784.58716	66.20255
714.2914	57.71043
765.834	96.549675
727.2027	89.302315
709.796	61.732746
772.9673	84.12825
780.6787	57.04068
775.5688	64.97617
711.9165	82.481064
755.02856	33.90763
767.5758	41.625732
721.24915	88.522934
741.32825	31.267918
741.04724	99.74065
711.00085	73.991165
777.8626	70.71539
763.23004	32.44975
775.8347	46.89282
768.73254	73.64177
714.5466	78.86082
172.80026	494.4095
154.49083	528.0482
132.99007	516.6638
172.0794	508.1858
136.16965	521.1698
155.37251	483.66797
161.18405	526.32983
139.18634	487.7999
157.08609	488.0331
151.30072	505.97134
130.3655	511.62823
173.04854	517.7139
176.05368	504.6997
768.33105	380.53888
788.2847	404.47296
785.3148	378.10767
781.72455	381.81683
760.8485	401.62415
776.8959	382.19427
776.1386	411.59244
758.6502	387.9859
792.62726	389.3399
766.7572	408.25818
762.8283	390.81815
792.9354	397.30127
