147.4245	286.90695
203.99815	255.1018
137.86629	222.94524
174.70984	298.62454
106.37079	283.00958
193.8089	269.07135
110.52351	255.69266
119.3245	233.94731
201.84546	287.65643
123.920975	306.5712
186.90009	300.74188
148.77065	244.00705
137.79123	308.86658
195.39105	273.94876
185.44905	308.7469
105.00999	242.33862
189.14853	278.7889
113.17513	248.46024
180.97745	287.66028
133.16226	313.50555
112.56455	241.47966
197.2417	259.47687
115.62123	305.83905
169.40575	235.30782
175.00006	308.29663
126.937195	236.5054
178.41159	233.99094
148.27658	520.39624
145.14798	481.5992
165.04456	516.5371
145.49966	476.03766
171.20813	496.35065
162.16614	478.56512
133.6938	486.6478
160.9664	512.572
138.39445	514.6781
160.27083	484.4515
171.32945	504.06015
129.23283	499.30426
175.1897	130.73181
124.39919	124.605606
115.85388	57.916588
196.45682	112.64553
122.12797	68.41481
170.93172	81.157936
181.23903	116.21649
160.58719	38.576477
130.39206	49.271763
121.16927	131.42244
105.6567	94.54074
162.32309	134.7123
150.044	32.36386
160.41235	44.18659
147.30386	132.66391
127.402725	52.85197
186.54863	57.409157
107.54132	123.22306
119.818886	50.84542
196.07642	61.21412
103.14874	87.331955
182.15988	54.24717
111.60988	126.96753
189.21066	77.29547
188.55225	116.390564
163.69618	141.6623
147.6197	45.024223
181.40956	130.39676
861.1826	392.9487
850.4694	386.1334
847.45087	401.19724
874.65594	391.8986
844.0708	404.542
858.42365	398.73328
874.35175	398.09943
862.4845	402.63956
846.13513	394.68695
872.36865	405.6607
507.84854	368.513
521.9603	359.2275
525.49207	399.2467
482.3767	406.87228
552.429	409.2866
491.28534	432.42725
474.4396	399.43085
546.7115	411.22842
479.18668	376.50958
483.1867	383.1786
537.5358	421.86508
514.55896	408.72986
552.7678	413.9542
507.91034	437.18256
499.8955	366.83014
521.5763	392.3354
493.97675	374.97336
546.2881	389.8659
503.7898	426.8792
523.0216	367.5295
553.39026	381.46335
516.81165	427.34937
529.09863	362.7505
537.5384	429.1473
496.5937	361.86713
542.9669	430.8727
476.17465	408.98364
504.48618	361.13177
678.4394	384.79056
645.246	404.9046
611.158	404.3907
652.63	438.92407
678.4445	368.6403
669.7523	380.36472
619.4999	374.73663
674.3803	380.70047
640.2398	386.26703
607.29834	391.62018
693.4138	403.5036
627.8586	429.87338
643.18427	364.82248
633.472	430.51602
619.067	414.2929
663.4997	371.21884
666.7555	428.05142
625.11755	379.83588
684.75415	378.99115
653.17413	430.58783
682.8043	408.75946
680.25476	393.5888
614.2975	409.11905
687.721	390.2
640.8537	425.5581
623.928	373.29208
661.43805	435.28687
120.27818	422.04474
179.26723	411.82886
179.65346	422.61572
131.38377	383.1292
167.9161	390.2713
165.97067	433.09058
128.00888	418.43854
175.69731	398.35217
137.37857	402.04504
151.24623	382.14377
157.26097	434.06137
169.31694	381.73428
174.32364	420.1231
133.97115	432.07324
149.23734	405.33252
149.89998	411.008
450.91302	153.92813
466.12955	51.672707
446.26788	130.77005
482.3794	71.36742
470.3937	140.29208
471.45557	97.52052
470.23846	66.172
406.71536	136.90652
430.9501	54.739067
484.88608	140.71152
405.24252	75.80732
409.74512	72.572
498.06842	105.68353
396.40393	121.95747
444.57178	50.290627
413.6202	134.62746
410.7011	87.86773
481.18433	105.5378
398.94986	126.31172
457.1391	55.063435
428.04745	147.75381
406.75665	109.09945
496.4589	71.497
425.0314	137.93533
402.57034	71.077484
480.62973	139.7366
448.5324	148.32175
487.31787	64.24684
477.08588	133.18526
450.74942	44.639137
760.2207	389.23975
754.3996	396.57574
730.7756	388.5633
752.1533	418.23105
750.3141	381.4886
758.3463	384.75964
733.11957	410.91327
727.55493	392.88025
762.5475	402.95578
725.57556	400.20154
765.5847	399.2889
750.1523	413.2871
743.688	397.28424
805.4071	387.4481
793.5193	403.6692
785.09326	404.7646
807.09827	397.62665
799.49384	413.86215
819.029	385.0021
795.9768	407.6574
804.21716	380.26105
825.235	400.40906
807.8191	415.827
813.9671	382.8089
811.57745	411.93643
370.63715	359.46994
379.13153	388.4645
416.52826	409.43024
336.11957	390.77496
393.5368	427.80194
378.46844	411.9975
405.67325	396.4864
362.3187	364.68677
338.93588	379.39496
412.7133	393.57117
351.08737	429.5294
393.52197	371.06097
359.67438	435.7167
349.8825	423.13657
417.61603	403.98846
409.52524	400.5769
341.67178	384.37778
411.50797	378.8643
386.66003	431.8016
402.47855	372.62292
354.88943	434.5363
344.76666	367.59793
404.997	412.11945
397.53253	439.2352
344.20987	372.76114
380.7942	438.55762
334.49567	409.0777
388.26257	358.26236
372.90295	438.7932
349.19965	364.20996
775.29846	52.091347
722.4071	62.62798
743.9113	23.697376
758.7415	77.97788
722.1343	47.92875
761.7075	43.006496
767.74506	69.30044
734.1932	21.907242
767.54364	59.385292
758.1496	72.37306
772.33844	37.35061
764.7186	64.058304
735.1803	29.575577
758.63727	26.064291
726.7205	56.99185
