460.75024	121.73219
473.3458	146.99294
512.4024	79.410385
474.9957	127.116905
509.7784	128.11307
471.38177	37.071754
438.27554	100.45598
467.2586	119.638565
529.93835	113.19519
455.52158	125.75759
508.3769	63.366436
522.1421	124.24402
438.9389	66.4627
485.90112	45.390503
423.63263	86.47343
481.28198	65.60243
509.23935	134.20833
430.47687	103.16294
530.6199	75.89439
486.21136	141.62468
456.98932	43.768467
483.38177	73.677414
465.4041	141.08618
447.89648	62.676952
508.62167	145.13168
409.9252	49.139015
537.50604	116.13367
433.23993	116.65367
461.38242	51.16142
523.3113	118.26759
138.67238	362.80823
193.63167	379.01154
135.47716	399.4003
158.57085	353.45883
161.81088	385.3199
131.73035	373.1344
161.27406	424.30307
149.52042	410.17865
196.67496	401.90256
181.32709	359.93152
173.21582	418.38623
144.79074	357.621
186.92288	413.8764
156.76038	420.4288
192.32266	370.2943
194.92848	386.17764
128.21967	398.21707
198.95013	384.00916
185.86197	407.18964
172.56969	351.04962
136.81894	411.9647
722.8662	404.52692
725.6118	411.80414
771.2745	385.0385
746.0299	369.50635
773.0636	402.72302
725.3625	396.57526
761.637	375.1811
768.26416	415.1369
725.7435	391.9074
767.4133	374.369
759.10315	413.61905
714.6322	383.9878
736.3516	420.6892
724.9452	382.4073
749.53735	377.93457
732.67255	414.1853
774.6605	373.98248
778.3937	393.47626
746.32025	425.0394
729.3288	376.4826
831.11066	399.14752
839.1525	377.68292
841.9188	409.20163
825.341	396.43793
811.0199	388.5783
845.46094	391.90192
816.4815	405.49893
842.9053	382.98407
811.28217	404.9688
812.0592	395.39398
829.8006	391.94196
837.7005	411.3941
822.42053	377.59827
194.1101	520.5475
131.46019	521.1172
173.83394	479.698
130.90659	502.27118
133.34052	494.08234
145.42314	485.22052
133.23357	535.13196
168.14629	483.58463
181.04117	538.7479
138.02403	534.0517
196.2262	499.951
176.63329	538.3519
132.63309	511.05923
166.7719	548.9144
136.65662	528.50134
168.14229	495.3649
184.5639	527.1878
162.6319	477.2816
191.40808	531.28064
146.68387	543.5287
874.9953	384.48257
897.7165	395.86462
883.84924	396.9258
896.1168	405.2889
891.20135	383.46246
870.0199	395.7059
899.4694	390.75943
872.01056	402.94543
879.84015	385.85727
883.8966	410.29022
377.6459	426.80557
419.60995	369.44757
390.12836	440.30893
370.39883	375.2829
393.60065	374.72443
405.7393	426.97162
363.66763	414.59683
395.79358	424.68427
356.13892	382.08878
430.6402	400.59088
361.5532	372.55988
369.8702	399.86414
400.12396	414.26483
359.66174	393.29587
430.35693	390.97845
407.31274	433.1774
382.72278	358.62088
371.1679	408.91812
392.42685	429.12738
417.39496	391.1169
417.35995	424.0018
394.23505	362.14227
410.0943	367.17792
357.9233	400.62375
405.45618	360.76788
428.93124	413.1944
352.1053	403.25107
406.0184	353.93317
633.7042	404.03778
647.72955	363.95334
663.8935	375.7299
644.56995	423.82407
622.7313	376.91333
646.5359	393.89667
676.7147	384.51373
652.5934	370.20636
614.35754	409.30707
653.0013	409.7687
665.55615	416.48804
630.2477	415.77695
641.89056	415.18073
672.15515	414.1876
616.342	389.8847
675.13104	401.553
616.0774	411.73608
632.23663	366.9768
676.48376	369.65125
629.7742	377.25897
676.819	388.11243
628.4415	420.43146
169.55667	94.71565
209.44792	118.14624
116.57292	98.459526
152.20047	43.8861
173.0995	133.73888
140.56296	119.33358
199.06783	108.97756
178.33139	117.31525
170.2048	42.65302
199.525	122.2689
191.50064	113.62976
197.13719	63.437122
161.00421	84.20117
141.2645	46.604965
198.67934	85.774475
127.74441	107.89408
164.46469	45.123333
153.3614	119.041405
141.2789	55.42143
204.7825	101.10432
191.94096	41.157017
121.36159	63.982056
191.17497	122.01426
122.90554	67.86648
191.83948	54.05537
141.53865	124.573166
132.6599	121.85105
174.20152	41.201084
123.33777	259.96213
142.25487	205.56516
139.21907	265.43668
123.722916	270.85657
181.14844	239.20154
197.37718	230.2074
207.64389	243.89436
197.51585	264.08514
181.83752	274.12283
190.18007	223.75249
189.8399	268.79547
133.59622	262.14325
168.54085	208.39677
189.8262	281.33524
122.31926	230.9736
199.54332	272.17438
126.98021	257.3251
128.43294	219.26291
147.17894	278.4007
129.1777	228.90396
175.94635	202.53368
119.42432	251.09204
149.90073	209.63484
181.2726	280.99896
146.41373	210.34085
551.49805	369.42767
541.19763	430.35138
520.6234	355.85788
550.81775	421.27817
493.40512	396.62817
503.2167	379.08832
512.4376	384.24094
490.61566	426.84116
560.57764	385.5291
489.06747	405.11526
517.7903	367.41916
525.61365	435.12378
514.7663	412.435
519.4724	363.52136
563.88684	399.68683
499.43365	370.42926
503.39532	411.46832
521.0563	431.88647
531.8297	354.8162
568.10986	392.54932
507.31134	364.90863
559.6033	404.43854
522.9901	417.02042
559.34814	416.31268
556.02527	415.27417
503.24774	424.9191
549.74316	380.08862
787.5371	77.41237
784.9432	46.584255
802.53503	47.417984
770.38464	61.10856
767.80286	58.72251
822.72546	54.449657
775.07666	84.693344
822.12146	35.799206
775.6108	69.52663
783.9337	25.58731
823.59326	66.01954
771.4098	29.321234
792.5918	23.476706
813.854	69.29544
767.73816	71.522354
816.3328	30.934061
769.15436	35.79914
