179.82445	466.32733
176.00131	471.42032
177.45778	459.6353
184.97707	474.68427
170.67017	468.88443
185.343	463.9694
174.46414	479.9664
171.82462	458.02457
190.26704	474.20303
167.81613	475.10904
183.69162	456.81268
181.33537	479.5726
168.13219	463.75912
190.74269	465.8365
178.64127	418.1419
177.32161	407.20612
184.97113	419.4454
168.63376	417.3764
183.58136	409.85107
179.79816	426.23355
173.59372	413.378
190.65645	416.90317
168.68404	423.06265
184.39224	403.34387
187.41554	425.75568
166.59132	410.28265
190.6912	410.2422
174.37914	427.30072
172.69049	403.87296
182.72964	519.1013
173.52228	519.99243
185.15569	507.06998
180.36263	526.90967
175.09517	513.94617
189.70296	520.3483
168.45279	523.5954
179.96954	510.14154
186.37428	528.2079
167.27731	514.82153
188.19577	513.2368
174.65704	528.0713
173.12471	507.404
181.4773	223.77322
166.91312	226.96082
183.39171	213.82938
183.74092	228.97949
172.2624	216.96074
186.35977	219.99234
174.67102	229.92587
177.38676	218.7795
192.45226	226.96309
167.80032	219.82617
186.92865	207.86514
182.43002	236.5148
167.50949	208.76523
193.61246	220.8719
167.28568	232.56897
180.40134	206.7655
189.98883	233.6333
161.74269	218.70845
192.12814	214.12585
175.12128	237.08223
174.33188	207.74918
482.5025	377.35553
474.90692	376.5532
477.93353	369.6832
481.3727	384.0689
470.50797	366.95367
490.10455	376.0516
468.5534	380.61624
475.94156	363.96878
487.60947	384.00702
466.18658	371.76334
486.1247	371.32144
472.01	386.81607
462.35223	363.15985
494.71875	373.65363
463.02188	382.4491
478.152	357.26453
482.85913	391.61807
460.139	370.79095
490.54077	363.8048
465.79413	389.84723
469.72446	358.50974
492.5507	385.2432
459.0062	377.15442
483.14096	361.5499
475.48004	392.63437
865.93616	370.88208
880.2378	373.81076
865.98596	382.92236
874.19934	368.23663
876.848	383.0268
865.376	376.39368
880.6501	367.02542
871.7297	380.8478
868.9668	365.70294
882.14044	379.31708
468.5202	83.55713
482.67407	62.889202
480.92133	80.38954
478.76154	74.63173
485.23462	72.51396
473.44232	79.45039
468.72543	69.92126
485.25626	85.69067
461.9708	75.021935
490.65747	67.5471
479.63232	94.4462
483.69482	58.101124
494.7391	83.02422
460.8853	87.50599
480.64664	53.324707
493.17584	88.80375
457.0226	68.43785
501.4361	70.806335
468.47845	95.86165
470.25845	63.4302
500.6456	79.835464
458.99698	79.71928
493.7798	58.976418
485.24884	98.867256
464.15616	62.737053
493.909	72.22506
469.25568	89.8862
473.08447	57.9511
186.97499	570.6247
172.75531	561.9276
185.08612	552.49255
175.04855	571.0625
174.28293	552.5375
186.15694	563.8163
169.2597	567.299
179.44893	555.1459
180.68918	568.74316
169.54218	557.32367
187.35826	558.4302
179.2698	61.65965
174.2937	50.11445
186.80667	49.719936
167.66942	51.318073
187.14828	41.018543
182.6504	56.474346
175.3837	40.567585
180.63402	45.634895
172.51736	57.41752
183.76408	36.013027
187.92532	62.804283
164.96123	42.90579
196.24033	45.07527
168.78671	64.07511
170.67148	32.489067
198.6647	55.46886
161.49545	52.66447
185.916	30.188187
183.33504	68.801704
166.13704	37.872356
193.09753	52.21565
163.1549	60.554432
176.74841	29.340921
193.23425	60.024426
158.71158	46.59462
194.04666	36.026917
176.38379	67.05225
602.32434	364.7516
615.5797	381.20474
593.80945	378.86017
608.08746	371.17697
613.0421	389.53302
600.30865	370.8796
614.0142	374.1241
602.5687	383.49918
604.2267	359.36316
622.76996	378.30267
603.6708	377.48184
617.81995	360.76422
609.91785	383.1388
595.2186	365.38803
622.9557	371.9159
596.17194	386.5645
611.02405	361.22574
620.89386	386.02536
592.61707	372.6367
618.29205	367.49374
604.7468	390.2775
538.581	367.9051
553.65216	379.74542
535.0972	380.32538
548.3346	370.89145
550.3524	384.62515
531.6232	371.38235
554.813	370.92596
539.44446	384.76938
545.121	363.54758
558.92035	384.46735
540.99176	374.44513
553.401	362.6205
544.9464	378.96643
531.1143	365.0243
559.8048	376.43744
534.3741	388.55106
549.00964	358.759
549.72394	390.7853
529.1815	378.00864
560.9838	367.38336
543.28503	389.78024
539.19226	358.91302
189.12308	142.76852
170.03482	144.46718
183.83362	132.50055
183.64653	151.31723
173.12883	130.65164
188.56203	136.5892
172.47296	151.63864
178.93047	135.67087
179.13242	143.4077
171.89368	137.98427
190.29883	128.0169
178.0472	156.57257
166.66312	127.28383
196.26508	144.0875
165.17702	149.77048
183.7827	124.07444
185.2839	157.5452
162.70636	134.64478
193.94408	135.7037
169.9379	157.91653
176.4075	125.4361
191.95642	149.57898
163.04636	142.17865
670.6063	367.297
661.7396	380.6987
655.4319	365.8485
667.51575	377.21832
654.89435	382.8455
664.3481	371.16937
672.1396	385.1952
657.4254	374.46204
676.046	366.826
658.8773	387.9896
659.9352	362.14447
674.4961	379.73972
650.59906	378.46112
665.3684	363.93658
666.15027	388.33023
651.3006	370.01447
676.50653	373.6597
170.77913	369.1404
178.871	352.5212
184.18529	360.19598
173.3414	354.361
187.27612	347.78183
177.68196	363.03876
168.91483	346.444
186.98306	354.8496
171.76102	362.15546
182.43892	344.71613
186.1385	367.9964
165.70833	353.08167
193.00485	353.24536
179.06491	370.21896
176.3519	344.2413
192.3073	363.00665
166.14798	359.91763
408.66107	359.9416
397.90436	380.54724
384.1864	366.18637
404.68674	376.31647
386.58566	381.0365
396.83838	367.15408
405.63818	384.7352
396.51505	374.18732
408.27737	369.64264
392.6271	382.9206
391.57462	356.03583
410.62363	379.727
380.28467	380.81604
402.62686	365.27335
402.09637	392.5709
378.62827	372.86584
416.43646	369.1746
392.02737	392.98172
398.71008	361.20227
413.77548	386.66418
385.9731	372.9803
413.39648	364.78006
396.92255	389.57498
388.73706	362.99127
417.89362	377.46637
383.77982	386.9958
400.70917	355.75586
408.33127	391.6928
172.98691	290.87646
186.08517	288.17773
175.99887	302.17798
178.20905	287.98096
192.45471	296.96655
171.11823	297.1275
180.85954	281.90662
180.34476	298.61823
165.08672	288.2405
193.56897	289.47195
170.02594	305.41263
175.72859	278.25595
188.47185	304.2823
165.05489	295.4177
188.0397	281.58554
181.49757	306.64886
169.41211	282.09637
185.36255	294.85004
755.29675	377.39124
760.4129	366.9704
764.73096	383.96808
746.90576	372.24536
769.46765	371.22723
754.4437	384.72415
754.97375	371.4366
769.51324	379.71683
746.1708	378.7694
765.5971	364.5943
759.9751	385.33856
748.46375	364.96182
763.61865	374.77814
748.24756	385.08664
755.4921	362.5946
804.794	384.50656
789.3579	373.633
809.7907	365.9586
797.3587	377.93008
792.9069	364.34995
809.9688	375.7627
788.7876	379.30975
800.7693	370.04736
799.5683	385.72174
794.07385	370.59152
807.5179	371.30453
794.00714	385.51898
800.5939	362.90952
810.349	382.05063
706.52936	374.00055
721.34644	369.15466
710.39514	379.18497
706.77515	367.77417
722.5933	378.70584
701.56036	383.4041
713.70197	368.00757
720.81995	384.94843
700.2711	369.18283
725.25507	373.51205
707.6296	385.60495
707.8188	361.93823
715.52124	377.64432
699.8916	376.38202
718.0192	362.58386
713.9553	387.57224
763.52576	39.91883
783.2784	39.65597
773.20825	59.090656
776.38135	38.123394
779.083	45.403103
772.012	46.63678
788.5081	47.48181
778.2726	54.570473
770.4718	38.930637
791.0277	55.991966
769.78253	53.6505
788.13464	32.234104
785.30707	51.5532
759.2445	44.798393
797.38586	41.640617
774.13403	66.72043
777.0154	29.327799
793.623	60.944164
762.5062	52.24582
790.8099	39.19356
780.116	61.898914
767.49506	33.18468
797.22595	49.798992
763.4233	60.725586
783.36176	29.196436
785.95026	63.910614
829.67883	373.5003
849.9334	368.58075
836.6898	384.97168
835.381	366.6086
843.1763	377.0644
833.1727	378.04068
843.7401	364.122
842.22345	383.57953
829.6029	367.41547
850.1704	375.20294
830.118	383.31537
840.6859	369.0344
848.0758	383.99954
