171.98868	563.51733
165.22986	565.423
170.21136	556.8407
173.69212	571.3187
162.29985	558.0374
179.79704	558.6161
166.44183	571.8067
164.816	552.5231
179.1123	565.9643
159.4215	564.0863
174.22993	552.469
374.53998	378.81085
366.11472	367.05417
379.16904	369.71378
367.63495	379.797
372.90726	366.39352
380.1396	377.94504
363.26642	373.3185
382.07028	364.22263
371.82315	386.16696
366.5318	358.35516
385.16852	373.2236
359.71863	379.46045
376.0475	360.7237
378.8333	385.4715
360.42847	365.47427
389.67767	367.464
367.826	390.33362
369.76422	353.2586
388.84747	380.8853
354.34332	376.35458
383.61652	356.96674
376.70032	392.26093
358.77222	359.24445
391.97232	373.84918
361.87985	384.9427
377.36826	354.1713
385.61823	386.58377
354.68762	368.7683
388.75974	361.409
447.5694	83.18396
443.7011	71.99974
460.1792	72.901245
435.83676	76.436035
452.15143	63.496307
451.1897	88.5426
434.1751	59.222584
454.221	68.89473
445.1958	76.82379
445.4764	65.239
455.8338	81.00424
437.0843	67.46587
458.065	60.94343
450.31445	96.037674
440.40118	59.317707
466.25797	73.61867
434.40894	83.72673
453.76132	57.63555
465.03183	83.51115
426.7723	70.22026
466.8444	60.441998
443.50763	92.93785
444.6107	55.194946
471.75946	80.45604
427.7835	78.36483
458.6132	51.199665
458.34286	92.39603
427.0777	62.39266
470.80185	67.99847
436.93353	88.81206
168.33565	284.64
173.85332	291.2779
162.02333	284.90314
178.18414	277.9668
166.46521	293.57358
162.655	277.7907
176.31744	285.95264
159.51218	292.3515
171.18492	278.09473
174.7956	297.73444
153.2131	283.19916
184.9852	280.25156
164.39023	302.162
164.42972	270.03177
184.46678	292.054
154.95975	288.7468
180.6802	272.05276
172.70554	303.9141
156.18027	276.16528
183.63568	286.476
156.93835	299.07565
171.4504	271.11652
181.39304	299.02142
162.05675	419.52393
176.04813	418.04462
168.70418	427.8178
163.39261	414.04794
177.45822	425.12787
163.34352	425.70148
170.55363	419.8566
173.09314	431.5953
155.82425	418.4161
184.38876	418.7924
164.29782	436.23224
169.52522	410.9921
180.88791	432.2294
155.90994	425.61386
180.24757	412.53848
172.82591	437.99786
159.49655	409.9903
184.01431	425.66742
157.24857	432.3795
174.79077	407.96426
617.61084	373.00262
606.24426	367.47003
624.8634	366.2112
608.80475	384.8155
611.9779	369.60004
622.3199	377.60162
606.0333	374.25055
618.67474	365.72955
613.7146	378.47003
601.99664	361.42065
625.81964	372.2562
603.0607	382.20663
613.0304	361.3366
626.1978	382.03937
598.93677	368.80826
626.69543	361.13278
613.9743	388.6532
608.44415	358.0057
631.03906	373.9133
599.1525	376.27075
618.12683	356.9767
619.8837	386.3539
738.40515	368.35263
755.8756	367.7747
743.4562	378.89993
745.523	368.7257
750.2524	374.20755
737.0776	373.7773
752.81604	362.0711
748.042	382.52478
739.5436	362.4397
757.9019	374.2148
737.63556	380.4604
747.00305	362.15903
754.48505	381.74127
432.8543	370.13303
445.9925	365.4703
440.3045	374.51822
438.18475	364.5024
447.7006	374.89276
434.88242	378.83148
445.7979	359.58795
442.15445	383.45438
427.1526	365.06555
451.132	368.50146
431.4013	383.12766
437.79556	354.9714
450.649	383.22717
427.1	373.10114
452.74347	359.43088
439.34775	390.0379
425.60077	359.19547
455.59717	373.88892
424.88608	383.4876
443.02768	355.01834
446.93097	389.8695
421.80307	368.21442
456.9897	366.28058
432.16113	390.06326
432.07245	357.26254
455.98306	379.501
422.3559	376.62103
713.6002	366.29205
712.2291	383.47723
701.1471	365.14496
715.11365	371.77863
700.92175	381.37723
708.2017	364.49774
717.8226	377.62527
705.1796	372.4268
720.60315	362.45352
708.70764	377.84073
704.6241	358.9543
724.1553	375.68362
697.4773	375.8579
713.6307	358.72565
718.7673	383.97675
696.96704	368.99152
723.096	369.42694
706.4576	385.65753
167.74153	520.3753
179.8768	529.45215
165.16002	525.0365
177.08543	514.661
170.06993	534.31775
163.67422	513.95844
177.74924	524.8113
158.80666	530.56946
170.75801	514.63654
175.87259	534.41943
158.31871	521.31116
177.80421	520.1029
164.71579	532.9643
496.3431	364.9327
506.8461	375.81598
489.771	374.35474
506.79022	360.2537
500.94623	378.38712
488.71646	366.09982
506.53656	370.50778
494.71362	379.88184
500.59473	362.19467
507.96548	383.00833
495.50854	371.16068
510.38345	365.43948
499.55646	385.96414
489.03607	358.6448
517.4032	376.6101
487.93134	383.37125
503.50113	354.45477
505.38947	389.02185
483.4157	368.49908
516.4078	369.5592
493.65323	388.78186
495.32803	356.4184
513.8579	382.74353
483.02304	376.74088
514.91003	361.1802
172.75241	212.84163
165.60071	205.80464
176.6634	207.6092
166.9379	213.8427
174.05035	201.57007
173.70413	221.13191
158.82114	208.42786
180.56306	202.11472
166.04309	223.1427
163.7153	196.81332
180.07379	214.8715
152.04669	213.68661
172.74625	193.87025
177.32887	227.61221
153.39687	205.16348
186.50058	208.99075
160.24199	225.54294
168.81725	199.12814
182.45361	223.12614
160.47191	215.85722
183.97368	198.36649
169.34897	228.59087
157.12613	197.68901
187.20024	216.30496
155.56737	219.86502
728.974	113.5815
734.2645	130.77112
716.6757	115.40411
743.1041	116.23031
724.5602	124.83488
721.82245	110.838646
736.2543	121.86
713.9636	120.87355
734.6447	104.60795
730.3388	125.22701
715.57697	109.63303
735.4647	115.61825
717.8865	127.394936
728.92456	104.725784
741.6343	124.590576
722.30066	119.04707
739.9796	109.41295
725.14233	132.21904
723.09216	103.63601
788.25867	372.89798
773.6061	375.66486
780.6258	362.15958
781.0475	378.37018
767.52014	367.7641
781.9781	370.19177
769.6691	381.6945
775.4112	365.94012
786.6304	380.14682
767.94635	373.28903
787.27527	364.96808
776.77795	382.78912
771.28656	361.47662
173.4084	358.4278
161.25674	361.53693
171.93224	351.627
172.7139	371.7802
165.4581	353.78412
179.83481	350.7829
166.76457	364.0605
164.59865	344.72034
179.85745	361.88907
154.25208	361.86703
174.5103	344.09805
173.35896	365.12457
154.42207	350.93402
185.16039	353.5467
158.55864	368.79507
169.22453	340.51703
180.50536	369.6076
158.73642	355.2531
180.63072	343.6621
165.9183	372.29218
157.91241	345.47028
186.43776	361.57547
156.9564	49.46129
171.41359	41.78649
175.17535	55.63725
164.05399	40.616253
177.89755	37.793274
165.83066	55.659004
165.40137	34.11561
185.01189	52.33262
164.91913	47.350105
173.51053	33.088673
171.8975	48.720715
155.57524	28.786963
179.31113	49.29623
155.33064	54.723125
175.20099	25.040367
182.79622	60.1815
157.96844	41.711025
184.52779	34.965336
168.13098	61.838264
161.8374	26.560776
186.52243	45.073486
151.18814	45.48211
181.30388	28.715633
174.5217	63.139008
152.88983	36.98247
188.19647	39.0879
158.87492	60.042297
168.40063	28.268524
570.72034	378.86646
554.96967	371.92032
567.0651	364.97064
555.735	378.80493
547.74097	358.4809
564.16254	374.9985
548.4404	376.781
560.86304	366.3523
564.10364	388.90274
552.4221	365.96185
576.18536	364.88895
553.0319	385.4168
555.7452	360.94034
576.7987	374.8829
542.7141	375.7643
563.95715	356.2245
561.98083	381.59235
544.5111	364.09717
571.30066	371.52347
546.49915	384.05914
557.2528	355.20642
570.53735	384.98737
543.525	369.40158
569.8341	359.60892
557.22217	389.04895
659.32874	358.6158
668.30786	374.74283
650.39984	376.6842
666.77203	367.12927
669.43286	386.83456
656.6861	368.8825
673.991	367.89352
659.5642	378.71768
663.22864	363.56445
678.09796	377.98407
660.07874	372.78107
673.27356	359.85788
665.3424	381.60577
652.3181	362.19403
677.79407	372.54468
653.8143	382.9205
666.3522	356.88443
676.15784	383.92902
649.9602	369.63684
679.2711	365.43018
660.65295	387.6136
721.0514	35.376015
741.92706	48.72304
720.2714	50.334423
734.8634	33.335995
728.9965	49.13031
716.3562	38.69245
730.7803	42.91995
716.5579	60.62252
727.97766	36.946068
735.26434	52.98054
723.0083	43.210835
742.36346	30.15333
724.5936	55.421246
715.93915	28.497574
737.69574	40.59803
713.65784	53.408497
729.2111	26.006033
737.8985	61.216663
714.6957	45.09312
744.2357	38.448437
723.24774	61.057323
723.38635	29.192266
743.6811	54.27961
708.02997	44.039627
737.1489	25.411354
731.0338	61.29599
712.0975	35.232414
747.12494	44.383858
161.85861	486.16925
170.8875	473.23633
175.45998	487.97168
164.02728	477.2335
182.22208	471.77377
169.30429	481.31256
162.4638	469.27814
179.61594	481.51178
157.07567	481.20898
175.86002	469.09985
170.52731	490.51227
157.47481	473.89117
177.65143	476.5053
164.44467	491.44736
168.09923	466.06366
181.49799	487.08203
162.67958	128.85785
177.73788	128.8356
169.02238	134.29893
166.39642	120.91875
177.20175	135.90141
160.70659	136.12485
174.59297	122.42883
173.77248	141.8222
157.12073	123.18357
184.29729	122.246666
166.75781	140.35117
170.79697	117.22282
184.71707	137.34756
154.79495	133.80708
175.56258	112.529526
176.08055	148.48534
153.58105	119.13371
187.71617	126.28998
159.77681	144.9575
166.55136	111.428856
182.3103	143.66016
152.464	128.16483
181.70029	116.27586
166.16914	146.98553
160.71843	113.39354
186.15277	131.4242
152.58261	140.28033
