782.3038	50.155327
776.7912	48.94049
785.8662	44.365356
787.4819	54.721313
771.277	42.646202
790.4799	40.859417
777.928	59.455555
776.34344	38.130478
793.27875	51.190952
771.4063	50.49275
789.5034	34.88919
786.7315	60.51181
767.5635	37.40228
797.6541	41.933678
772.33386	58.731007
780.5901	33.40379
795.98615	58.323547
764.4336	45.517376
796.14215	36.230083
780.2712	65.83845
774.3004	28.477688
799.653	47.82811
766.13324	53.140636
786.27924	27.218128
176.51758	306.3782
171.56656	300.9448
182.04933	297.18137
169.5798	307.7748
172.59354	294.2484
182.96756	304.22256
162.7521	303.91702
182.28105	291.235
182.30461	312.45206
165.26955	291.5277
189.65527	300.04486
165.03574	311.0705
177.18211	287.5888
188.94003	308.78998
161.45244	297.28036
188.63303	292.1458
173.74046	315.68024
170.64012	287.0927
868.7843	381.4035
859.25244	382.2427
865.8175	375.18146
866.12177	387.80933
856.8613	372.86127
874.72754	376.88022
859.61884	388.73093
862.4795	369.6583
873.50793	385.97043
854.64343	378.98193
870.41406	369.72186
389.41736	383.01868
389.7099	375.685
396.4705	380.76752
382.85953	384.54938
395.18372	370.0506
397.44595	389.14932
383.94193	373.67838
400.25845	375.8714
387.61694	390.47687
386.47415	366.4037
403.31537	384.53268
377.88635	377.69965
404.74762	369.5185
396.8133	394.60272
376.13077	371.52924
407.47552	375.23694
381.6048	394.79474
390.19397	359.6521
403.96405	391.59885
373.92502	382.75333
402.16342	362.54462
390.19235	396.82596
379.82974	364.14508
410.33878	383.8211
376.48495	388.64212
396.01663	363.80795
545.648	387.7692
525.3354	375.88513
542.4382	375.2735
530.5399	387.37427
530.9339	374.90973
537.6783	382.57016
527.5853	381.85983
536.6935	372.98102
537.55707	390.61566
524.1451	367.88272
549.48096	376.20108
524.21497	390.435
536.77826	364.1751
542.6986	394.1612
518.8082	374.87543
546.5893	370.16022
531.48663	394.79953
530.7795	365.22375
547.9387	383.07108
519.9312	382.5814
542.55914	365.25824
707.0565	386.50925
702.5859	378.0113
716.89484	376.79364
700.51965	385.37308
702.13806	370.7796
714.08405	382.6578
695.4045	380.1614
712.45123	370.6453
702.7957	391.42117
696.4252	367.95792
709.817	377.21332
693.3747	386.9069
706.6444	366.28372
713.15906	388.87784
692.72375	374.64438
178.27007	524.4547
172.78601	537.73706
168.15529	519.7633
185.97885	531.3424
171.66495	529.2339
180.75116	517.6713
178.11255	532.5104
165.41379	526.3495
185.4516	524.778
166.18196	534.7574
174.09578	519.222
180.94167	538.2901
168.49362	47.912975
184.81583	45.330162
176.0104	57.799152
174.96031	46.278355
182.15614	50.66114
156.06653	55.765602
183.75186	37.471016
180.03568	65.89402
158.58942	42.618767
195.58072	54.338387
169.97734	57.056286
174.71674	37.913216
183.21931	56.207497
166.19781	52.414032
180.66702	31.141602
173.89636	65.30611
164.61334	39.533596
192.09224	47.767403
163.66133	62.12417
174.17758	31.060257
186.152	64.81992
158.93239	50.058067
191.2728	39.19326
169.63924	70.802444
167.07483	33.337753
190.53337	58.778435
585.77985	381.55502
600.6837	371.07123
598.4257	390.7712
586.9055	372.29205
600.55566	378.78058
590.55896	387.21207
592.4835	368.78052
609.46924	386.8964
592.8533	377.6562
608.18616	368.57208
597.9095	383.96085
588.81287	364.47424
611.3911	379.63538
583.807	387.4583
600.0138	364.52325
604.2192	391.5312
582.08057	375.83456
607.3131	375.65457
591.68585	393.31906
175.41695	133.94136
187.7019	149.88211
168.72581	146.31943
181.14441	133.32634
179.10483	149.83504
170.76749	140.19217
183.4426	142.44353
164.51083	151.57477
177.80351	142.06522
184.95207	156.47707
162.99022	140.7095
187.21675	132.42256
174.16171	153.3959
165.49821	130.15445
190.79324	144.86403
159.97171	147.15462
180.70294	125.45259
178.18263	157.41563
160.45224	134.05959
193.0429	137.9643
167.95328	158.67006
172.15561	127.665405
661.6561	384.75488
649.65454	379.59576
663.454	368.20062
654.18005	384.83102
647.2282	372.01544
659.07434	377.0862
644.98474	386.9588
654.99817	373.05112
662.7399	391.16473
641.59076	377.37067
666.7416	374.45914
647.46204	392.21014
650.204	366.3509
667.41254	382.37646
639.7619	383.63412
656.6742	365.11896
655.09094	391.90625
640.7689	370.84393
179.68044	426.40347
169.4187	438.6346
173.82877	423.114
184.0422	436.08658
170.25017	428.5887
182.73384	418.47372
175.24196	433.9524
169.13086	416.9247
184.49098	430.36115
164.17899	431.96747
175.96431	415.94107
178.33601	439.87762
164.46922	424.18246
187.24307	423.9291
175.47235	371.20386
172.4058	361.69504
186.43895	373.41052
169.78793	369.57745
181.42207	354.82016
178.49759	380.08456
164.33311	359.0207
181.45313	367.42975
163.0367	378.40802
179.19295	361.20578
184.56349	378.98315
165.1185	365.05408
188.72029	360.59845
172.3254	380.9157
170.66322	354.9095
189.01712	367.6131
163.63292	371.36456
472.726	368.2621
469.72528	388.73804
453.08667	367.5767
476.91025	376.65732
459.96988	388.72043
463.2995	368.3864
474.50235	382.84735
460.566	377.46378
467.7168	376.79123
466.06787	384.18744
456.42026	373.4783
483.54688	380.42334
453.08658	389.10156
469.21338	363.67303
475.5401	393.13318
449.4852	378.24042
480.93774	372.30762
462.12753	394.59247
461.52393	361.85095
480.60464	388.33585
454.4208	381.93274
479.19742	366.60492
469.35605	394.8783
165.26695	472.64764
184.16187	478.29053
168.16989	490.39023
172.94382	468.25702
186.02605	486.4164
166.46419	478.50424
186.17099	472.79095
174.62503	486.20865
173.47409	475.59708
180.74382	483.1722
167.67502	484.25323
179.44432	470.70688
178.94797	491.0921
822.56866	377.17136
838.91113	377.37555
827.2023	387.83148
826.9252	372.0655
838.548	386.8131
818.6008	381.2896
837.55597	371.37775
832.49805	386.80237
820.7699	369.77878
834.0106	380.731
821.55115	386.95612
831.9412	368.9254
798.4001	387.3881
780.94464	377.98474
801.6492	373.7124
789.55396	383.32593
786.9418	373.81757
801.2036	382.08466
782.26184	383.39093
795.9418	368.89276
792.5282	389.29718
780.6608	371.16592
795.43365	377.99692
784.2905	389.58206
789.598	368.63504
758.09845	387.13876
744.09937	380.36334
756.73413	369.26968
749.4493	384.8852
740.9916	368.97638
751.8226	378.2734
738.4686	384.08582
750.7262	367.7344
751.52905	390.83197
737.2943	376.02496
759.0469	374.91867
743.1845	389.56442
745.86365	372.4606
759.48737	380.94977
464.89575	81.529236
491.58023	75.29765
481.61945	87.21157
476.93317	79.70478
501.8183	78.26817
464.84943	97.303894
466.24506	67.962746
491.76797	98.72636
472.40836	72.30516
496.2858	70.89599
475.23422	88.0372
474.26352	58.956543
485.55435	81.738495
469.38608	90.67783
488.52057	66.128876
484.2693	98.69188
460.0686	63.88742
484.51215	74.2585
477.86395	101.235565
481.4643	61.129528
489.70258	84.18422
454.40933	75.396614
495.32755	64.85838
470.62427	96.98599
468.63095	63.206573
502.5729	86.48094
458.96307	88.87923
478.0791	69.78929
496.68262	92.27413
460.97406	76.2162
183.47475	567.0018
173.64957	578.9496
171.76926	570.5613
180.49744	575.6687
166.00613	576.85785
178.17047	564.8791
177.88217	585.36633
165.24985	569.6982
186.28453	572.75916
168.48546	583.5332
172.14911	564.42145
184.95485	581.02893
168.74948	224.7321
181.57648	217.26355
174.42972	229.04764
167.52953	212.02188
183.03448	229.43039
166.1564	231.44058
175.61543	213.67139
178.86385	233.48836
160.00372	219.60945
192.41351	222.52597
171.25465	237.08426
174.454	220.35483
189.8212	230.86995
159.51886	228.01791
186.69748	213.68352
176.82523	242.82768
167.02371	218.67981
185.3649	223.61353
165.06859	239.5037
176.64903	208.1967
184.84325	238.13188
