513.00995	376.01437
508.45972	382.3122
514.0755	368.50446
516.023	382.6724
505.58154	373.52383
519.9066	372.26013
509.1358	388.4184
508.16852	365.28485
522.023	383.0749
502.8211	379.1816
518.46576	362.28348
515.43134	391.92288
498.55878	370.29547
526.02673	373.47275
501.02704	388.54416
510.3051	359.56842
522.2623	389.9274
495.70645	376.60468
525.1079	365.9591
508.13965	394.15515
500.2564	364.7367
528.2751	381.336
495.91852	383.45477
571.6014	371.94214
572.7568	383.52448
566.7163	375.84357
577.23267	374.34668
566.131	383.38965
565.2455	368.4393
579.70605	380.9185
560.2403	381.44244
574.78815	362.66376
574.49994	390.9017
558.6917	372.81827
584.0781	373.18893
559.20123	388.13083
568.17535	362.8399
580.44653	387.89386
554.39923	377.70502
580.4503	366.13672
566.85974	391.66425
559.33484	365.70624
585.4092	379.88678
159.96944	50.455208
169.6396	38.849342
164.74272	54.894714
163.66832	43.572933
169.01178	46.53384
157.58049	59.237843
164.12875	33.043587
172.83383	54.01777
153.35085	48.281654
177.46532	40.105965
167.14001	59.93421
156.35385	41.49769
178.97363	47.77059
151.12665	60.219
168.06183	27.829773
177.02962	61.638786
149.60367	41.846405
183.4042	38.378975
160.12924	66.70984
157.7417	31.440823
181.91368	56.58247
148.4268	53.609535
174.44136	31.499166
171.15628	65.76059
151.83807	34.50071
185.03226	44.92598
436.1806	382.67938
447.4166	373.82074
448.914	381.46832
440.61627	375.23334
454.71054	372.81757
442.7453	383.61786
441.22275	368.10028
454.88974	378.86182
429.51538	374.0959
449.59058	367.8631
449.69116	388.55563
434.2685	369.54596
461.0127	368.86755
442.82138	390.26642
441.8405	360.9455
461.70346	383.22992
437.3709	390.87848
455.59686	362.47794
447.6507	395.638
433.72867	363.96564
463.0236	376.4926
430.55524	387.87204
448.33075	359.56607
456.60458	389.8753
429.242	380.6315
169.35902	130.74539
167.85802	146.31355
166.30586	135.47722
176.34816	143.94069
148.1577	143.34587
174.0943	126.92478
174.39366	151.5776
155.05469	134.12337
173.06985	138.4968
160.32864	144.6757
162.95952	127.841995
181.23676	149.0314
160.73514	138.43845
179.02155	124.92865
163.74767	152.43118
153.15645	127.36247
181.96707	139.77615
153.00528	147.77362
167.14252	120.832436
169.18483	156.31131
149.14977	135.95364
182.38593	134.60292
158.79805	154.75412
159.12401	121.9891
758.1946	380.17096
742.4943	381.18915
751.54565	370.68317
750.2092	384.28314
741.27527	369.86694
756.6861	375.05817
744.4989	387.31705
746.73474	369.42807
756.342	386.29297
740.54913	375.99524
757.6614	368.80527
167.02266	570.7891
158.16214	558.2818
173.37494	567.31757
157.14989	569.567
170.1456	556.6283
172.94511	574.1428
159.88577	564.55
174.20001	561.665
162.12912	574.54675
164.76738	559.0529
737.62756	124.86885
726.13684	121.5624
737.4928	110.31718
731.84143	127.97715
722.81006	111.918945
736.17944	117.92129
720.4007	126.795975
730.6056	114.75835
737.40466	131.20264
720.51483	118.69883
743.31165	115.50322
727.15063	132.02617
729.47705	108.2379
743.4606	124.176834
364.46918	381.71747
375.9637	368.95624
371.53815	381.0157
358.74225	370.8271
373.59143	375.1192
359.8103	387.81418
365.9662	368.21613
380.52625	383.68048
367.54434	374.2733
386.12473	371.0177
368.84598	387.9328
363.1384	362.0348
381.49066	376.537
353.74405	384.0938
377.15094	362.3253
377.17886	392.3239
352.84784	372.50616
392.30347	372.48224
368.3401	394.0314
369.82806	361.12988
389.33228	386.20667
355.64236	378.42157
384.9141	362.58997
373.86758	397.92206
357.1189	363.71356
389.934	379.3783
358.25464	393.2755
376.83722	355.98456
383.7017	390.66003
617.9516	375.5949
631.1665	370.473
619.8727	386.61118
618.71716	369.9221
629.1593	383.09393
615.0653	381.24286
625.27515	370.30435
623.6152	380.6803
609.02185	373.58527
636.6611	373.6407
613.88794	389.5357
620.332	363.1763
632.13983	387.9927
608.9414	381.06155
628.60876	364.14532
624.94977	390.94983
612.6495	366.177
634.1462	379.51407
731.62103	54.530373
733.234	36.714317
736.84143	49.69941
718.54913	43.905327
735.58673	42.277264
727.2171	60.377045
727.24146	47.608814
743.2175	55.224224
720.13885	52.861523
741.2138	34.057632
736.52924	58.44892
725.0978	39.864967
743.3366	47.620007
719.8747	60.14086
729.4498	31.783428
744.4435	61.26191
713.69745	43.890095
745.83295	37.890846
727.68805	66.58657
723.3585	30.847586
749.5013	51.536797
712.45386	53.543823
735.9503	29.494862
736.33386	65.76119
715.7163	35.460045
750.77124	42.85882
162.47835	370.92853
166.36536	351.64166
177.3704	373.6333
160.25829	363.51566
171.33675	359.6403
168.58414	370.7742
153.49782	356.1541
171.4586	366.10626
157.20944	376.36844
165.28421	358.55133
171.6658	378.11816
152.27647	364.0423
179.55148	359.0506
164.2492	379.2459
159.47159	353.39703
179.30943	365.80573
154.96207	369.70435
174.62863	353.1656
673.10144	388.28046
666.35034	374.988
678.92145	375.9365
667.02405	384.45132
672.1274	371.751
682.94226	385.11987
661.6498	378.9537
678.88135	366.9888
672.33923	379.43008
661.8534	367.03458
684.5897	378.85406
658.8334	384.31866
674.0583	362.79596
678.2643	389.76166
657.8927	373.09125
684.5521	371.5579
666.5506	390.48877
667.57556	365.55167
176.72305	303.56738
156.05702	300.35394
171.25133	289.1386
166.82756	301.49615
154.88727	288.76837
169.71242	296.85727
160.65901	305.3309
163.78754	289.1424
173.82082	308.94882
160.82193	296.6916
179.91753	289.32074
162.2467	313.52655
160.5034	283.46222
181.68222	299.8123
152.29446	304.3544
169.54742	282.93018
167.83076	310.33365
151.35745	293.88202
176.51878	294.4929
709.7121	386.7036
712.7327	372.90604
726.0909	381.42334
709.19	378.84412
722.5638	366.78415
716.8111	379.994
708.08246	366.9605
725.07556	375.84656
703.7411	382.62152
715.5499	365.9029
722.3698	387.23038
704.1812	373.35223
720.9859	372.20807
715.5744	388.42758
162.44499	520.9071
170.44345	529.42896
157.59656	532.0144
173.19809	518.74146
167.31424	535.4688
156.79602	520.3817
175.90671	525.79565
161.57599	537.2721
167.89107	520.09235
174.58664	535.37994
158.78645	526.54865
174.26326	474.87665
164.10391	489.49725
158.78786	472.75375
171.78935	485.36884
155.50333	489.03253
169.20793	474.72357
170.60031	493.29425
159.00891	479.1408
176.94748	480.74844
162.36787	495.31268
165.06715	477.36163
176.65396	489.71735
155.76695	483.4366
461.2812	57.026314
444.0748	88.45825
438.55893	67.43932
465.52695	77.82729
432.80453	89.62218
458.50568	72.76267
460.90308	84.85947
443.62564	77.06081
452.95264	80.63356
439.7208	83.24284
439.6115	60.846992
466.826	87.05939
427.98276	86.250885
451.48737	53.52647
451.01898	89.20403
426.85092	70.353745
461.44183	67.869644
444.3287	96.59209
449.32642	60.448475
462.51572	96.77238
427.8687	77.31601
455.92407	62.87095
450.183	99.14095
432.14194	61.573467
472.28622	80.896736
437.69937	96.897285
448.68546	70.07295
455.28204	96.35656
436.55566	74.905655
470.65225	68.85143
776.2903	385.0548
775.0404	369.36523
789.0558	378.68463
772.9688	377.96054
787.66125	368.7963
781.53467	384.0069
770.1102	372.1114
784.40326	374.67123
770.1785	383.75757
780.757	368.37128
787.3066	385.48312
161.82683	428.94855
177.23984	424.9251
165.43106	434.79443
162.95561	422.6123
179.71152	430.43976
157.15927	436.41812
169.49686	417.86273
174.58997	439.9056
154.98392	425.63907
170.00009	427.70215
162.13522	441.9755
163.03304	415.06317
173.12993	433.19962
152.00697	431.45728
175.37917	417.84772
168.58072	440.50284
155.45505	418.85126
173.7476	223.68938
150.02353	229.85747
168.61728	213.79764
172.40393	237.3793
159.12729	213.90027
176.08449	216.38394
165.1798	226.48027
164.43387	219.61148
170.31546	230.87996
157.08664	228.63399
171.24689	207.64465
165.11725	233.50723
151.22702	216.34126
181.76108	219.59604
155.87659	235.30685
163.91443	207.40239
177.8146	233.02896
154.77362	221.68417
177.2717	209.92607
163.11829	239.8667
155.44576	208.08923
181.38731	226.17761
