752.53	380.12323
745.9608	382.7647
751.65607	373.62598
754.8105	387.77954
742.8029	374.77777
759.72473	375.50616
747.5106	388.84274
745.981	369.68805
759.8318	382.72617
740.10876	380.81723
754.9159	368.5515
781.97296	382.52005
777.1535	377.52774
788.38605	377.5784
773.9225	385.73947
781.1304	372.031
788.9618	383.82806
770.8271	378.90985
787.30255	370.9727
781.0843	388.65802
775.46936	370.22183
171.0678	146.26262
160.0214	146.66544
166.81674	139.53168
167.19713	151.11934
156.14859	141.2045
177.12439	143.29453
159.99272	153.11884
158.27896	135.44937
178.79268	149.96101
150.76111	147.57922
171.78203	129.681
168.48264	158.09525
153.3786	132.17784
181.41556	137.97652
152.86172	154.00626
166.2181	129.78256
174.96892	157.81918
148.83377	139.50974
175.81573	134.36684
161.3839	159.18288
161.125	128.42607
579.01	381.53793
569.2092	382.28857
574.4075	375.0089
574.1105	387.38593
564.1734	377.57498
580.1656	373.7864
567.58545	390.7497
569.00183	371.35593
585.58496	384.39737
559.27454	382.2251
576.70935	365.54614
574.4449	393.58722
561.74896	368.4574
587.06067	376.0875
561.8595	389.3287
568.8673	365.0041
581.9965	390.5928
558.037	374.43362
583.6408	368.11615
712.72485	381.4061
711.5764	371.71445
720.6413	380.98364
705.6326	381.2205
716.75824	375.3448
717.64417	387.71075
706.3282	369.4672
726.712	377.4376
705.86487	387.6185
716.56824	366.814
725.00806	386.29874
703.6946	375.55133
723.066	370.63318
712.8525	390.7459
510.86786	373.402
519.1247	381.3752
501.49625	386.0019
516.8004	373.9561
521.7942	387.04276
504.9616	373.7106
524.0136	377.87
512.2074	381.4417
510.51605	364.32352
527.8749	383.8685
505.9438	380.64957
522.44006	366.67157
516.8248	390.47064
503.73697	367.58185
529.9381	376.49985
505.4441	391.01093
517.46625	364.69635
524.9449	392.83002
498.77667	378.8736
527.92004	369.8867
512.13904	393.84125
163.36713	472.42944
176.51236	476.76797
155.29935	483.48236
167.74332	465.02533
166.00014	478.3172
154.36765	472.16016
172.00005	472.4145
161.48721	485.59814
162.10678	463.4664
174.09326	483.68936
156.48245	477.60864
175.53494	466.86725
167.74956	485.48907
155.89505	465.48715
167.58072	58.06734
151.61641	58.49342
162.24242	40.23702
175.16322	54.608807
163.32068	53.611656
168.90298	47.78601
161.90666	62.201366
157.99368	50.434845
180.51797	59.97927
147.40926	54.102192
171.14302	36.853542
172.49034	64.77177
157.26476	42.23364
175.45518	45.424606
154.01347	66.87936
163.48819	34.70639
178.45793	66.39049
150.18498	46.86719
181.2172	40.579018
160.74556	70.414474
152.88597	34.176376
183.64076	52.9069
146.22041	63.168385
168.73103	30.289667
168.42963	69.050026
146.27179	40.847797
182.4769	46.86516
668.8201	386.56668
671.71564	372.96683
683.78064	381.63995
668.87897	379.84772
682.0189	369.92288
676.52844	386.5378
662.61053	371.5384
676.9401	377.71252
661.36536	384.7738
675.7881	367.9358
681.6943	388.70996
661.7366	378.17245
684.5219	375.56946
671.13904	391.81125
667.8812	367.1098
740.10254	53.39405
728.68567	53.726234
735.3785	41.878624
734.5426	57.11846
716.0266	43.18709
742.04	47.510246
728.72876	61.98809
730.8426	46.45752
742.21326	61.21543
722.53955	48.93642
749.96234	44.433487
736.7951	69.03575
722.84576	42.410084
748.3532	54.60127
718.3746	61.862885
730.99615	38.93232
742.0123	69.1052
713.4754	55.478924
742.5592	39.978867
722.68414	65.50127
729.53064	32.97827
749.3706	62.099285
720.78455	53.41983
740.0318	33.620415
727.1456	72.74599
720.6566	35.593067
754.1542	50.580883
366.1222	384.84802
367.49008	369.35843
379.27216	386.59195
368.59885	377.72525
377.40897	372.5077
372.4232	387.4593
362.87894	373.53387
375.33276	379.8663
356.3089	386.49936
375.71536	365.32965
376.22504	397.45572
356.46722	373.71994
383.11496	376.33234
362.32233	391.17194
369.80145	363.6047
385.10468	388.5633
357.2545	380.75272
383.7973	364.01544
372.06204	393.49103
356.1259	364.87125
391.74426	376.94928
356.417	393.10254
375.97745	359.27606
381.82596	395.18448
350.52994	376.34433
388.86694	370.62347
366.25052	397.11258
364.0935	359.9724
389.1454	383.7879
729.9492	128.77107
736.1493	119.335556
736.9318	131.974
725.9708	123.67583
741.11584	124.32063
726.86395	136.23186
731.14026	117.541245
743.55334	130.71313
722.0675	129.24911
741.7611	117.977066
734.2456	137.51836
724.71356	117.778275
171.06133	564.2091
156.13312	567.7392
168.9631	553.86536
166.98976	570.78046
158.33354	556.8787
172.41515	558.62286
161.39488	570.7274
163.66966	555.295
173.43347	569.47986
155.19968	561.6282
171.9602	514.19794
166.18864	531.8561
154.60262	518.5314
169.59927	524.9211
155.39581	527.84534
166.14609	516.87823
173.17776	530.3862
160.26114	522.17926
174.88443	521.2066
160.70938	530.35205
160.77719	513.0732
172.01474	297.75143
150.0079	300.1275
167.56024	288.16705
167.01389	310.01523
160.32024	292.56406
171.32845	292.93768
160.49591	309.24774
159.8111	286.37717
178.77434	301.41666
155.33833	296.25784
174.17758	284.46295
164.42328	299.36053
158.20113	280.90515
178.91386	292.33783
157.23509	303.19455
167.24915	281.33173
171.23892	304.88275
151.75424	288.7286
171.9982	358.40393
163.36993	363.34778
163.69397	356.4062
169.9993	364.6545
156.7051	363.4571
169.41446	351.7732
167.12369	372.40216
153.0047	352.47882
179.20837	361.51172
153.64226	368.34906
165.4646	346.55487
174.11073	369.6697
152.86667	358.4249
176.14572	351.8916
160.71515	371.3282
159.1488	349.9337
455.27643	378.76743
444.07904	383.72272
450.51898	374.40768
453.07294	384.54337
435.10522	375.14246
458.0708	371.015
444.117	389.9018
446.65765	369.7345
459.45453	385.90936
442.0565	376.2766
458.27988	361.68814
451.1464	390.68903
435.0948	368.2753
464.64996	376.8241
433.55487	388.84467
446.6613	362.8261
460.26407	392.18045
430.61914	378.56522
464.91797	369.66376
443.03027	396.2571
439.94824	363.23505
465.53458	384.0378
436.97772	383.49576
453.15063	365.40225
452.18002	396.82697
160.37416	413.19717
169.54555	421.24185
159.47865	429.6057
166.58255	414.9457
171.89249	429.21307
156.99428	419.8459
172.14622	411.8958
163.35893	424.3794
159.14467	407.9234
176.3389	422.82684
153.37973	426.06915
167.72836	406.361
166.00801	431.9393
151.58282	415.81534
177.94203	416.25165
158.5928	236.56473
160.6451	207.17815
176.53458	233.38066
159.72833	226.15845
174.49161	214.47112
165.81894	225.3195
161.32777	216.74695
171.7562	221.47818
153.32147	232.11295
167.18596	212.67801
171.71135	227.84402
153.30322	220.19543
180.56459	215.40549
163.86763	233.21982
156.03311	211.35751
180.05106	225.1127
150.64023	225.77087
171.49796	207.61038
169.64948	236.98714
149.93286	214.33755
636.24976	376.72498
620.1028	386.9371
626.8473	373.78375
634.8048	388.74808
620.88837	380.60693
631.57	368.4321
627.2648	385.90503
618.5755	371.99506
630.13873	380.2459
612.957	384.64618
627.00183	364.88416
629.3485	393.92133
612.3867	372.4699
638.32074	371.1308
620.41833	392.3735
620.3761	365.29654
639.40204	382.10516
614.0093	378.7075
457.06396	75.62234
457.84863	90.52312
430.25455	68.90425
450.6734	83.168785
447.56674	74.81951
440.976	69.228386
463.3177	88.82641
441.38263	79.18681
464.11005	70.78561
437.1822	85.643715
443.08414	61.650146
464.28827	77.62686
430.56088	94.692276
451.8379	67.77736
446.41864	102.05264
438.1855	73.85622
469.97614	80.938576
440.2352	92.64409
441.19818	55.849648
467.53394	94.14403
425.3253	85.76112
460.2085	64.52198
447.52695	92.485596
433.03696	62.66992
472.43954	86.523056
436.2832	101.48132
454.8331	59.328144
454.28702	99.30424
431.47818	76.45558
469.28925	69.296555
