446.04028	76.621056
436.7538	76.02775
447.39984	66.25315
450.01962	82.49062
440.52936	68.564
457.46454	70.85371
449.99164	88.45264
448.26328	58.247734
453.95093	77.4054
426.79987	79.89046
454.9826	64.89355
456.2693	92.10455
434.59506	64.62846
461.58978	63.680553
438.01373	86.79738
452.4336	52.91162
461.39056	82.06792
432.89142	72.34938
464.01123	57.075165
444.3413	96.147835
437.95074	58.52008
467.43832	69.89839
433.6316	83.626015
457.56915	56.020092
466.67905	87.34399
427.73154	64.695206
471.09286	64.37251
442.29028	90.21803
440.87784	51.66762
464.64102	76.16292
168.18008	282.25635
174.29121	273.12674
171.77464	288.44058
165.3444	276.34027
176.36058	282.2416
164.2746	288.38794
168.32784	271.4538
178.34625	292.3748
159.39276	280.4329
180.22433	275.7479
166.67766	297.3373
158.8638	268.5858
183.72421	283.1286
156.89745	289.22528
174.71039	266.59262
174.49709	297.5501
154.7015	274.4461
187.09445	277.46628
160.29547	294.69843
165.45743	264.94345
184.61166	291.3051
153.48369	282.72186
181.61757	268.2016
729.19006	50.88277
721.89514	36.348503
736.2287	41.410492
720.433	50.363945
728.0513	37.276604
735.8126	50.82109
727.8338	43.708073
738.2179	36.311447
723.6611	57.80007
724.3301	28.994823
743.0312	49.26311
715.208	44.67778
734.30273	30.484303
732.0653	57.726337
715.3088	38.275517
745.3331	37.10372
717.7936	57.722736
722.907	23.440037
742.1835	55.67461
708.7567	47.79191
742.303	29.742138
726.37585	62.046
715.8998	30.172037
746.0475	44.940994
710.8672	53.953003
731.6208	25.082241
737.5585	60.865936
709.0311	35.890858
614.3241	373.28256
607.85376	381.70728
606.7525	357.33527
621.0363	377.8665
605.82654	372.29465
615.74817	365.89545
614.7421	380.30444
607.41156	365.47397
622.3069	370.83636
602.42706	377.9816
612.15173	359.66498
622.58777	384.65863
598.778	369.68344
622.0337	361.26825
607.679	387.68878
599.9345	359.05618
627.2115	375.88614
595.0991	375.86224
616.9353	356.18375
614.9541	387.35687
597.0417	364.2193
627.3821	366.68332
599.0641	383.715
166.85057	120.64366
173.49704	137.40527
164.22475	128.44238
173.61925	126.895
168.53062	143.79634
161.14421	116.552345
179.77635	132.10927
161.53783	137.07382
172.50803	118.227394
166.75833	134.51631
160.64009	123.97994
179.86638	122.84668
161.82654	145.39139
166.62355	112.15401
185.20065	137.90952
153.40341	131.30345
181.0659	116.3618
174.59637	146.4508
154.66042	117.58964
187.60208	130.46982
155.2048	138.56552
175.39038	111.34149
180.42548	141.93271
153.54997	125.26854
186.43437	122.47896
166.38214	51.41327
166.0029	41.571293
175.10121	44.74358
153.30539	55.07542
170.4383	39.194252
174.58612	51.215294
159.09418	42.181313
180.67253	41.597992
162.98293	55.72575
164.65427	32.479973
181.30809	52.190693
159.47456	47.939735
175.55496	34.555183
175.86227	58.422142
155.82048	30.006067
189.51932	46.071846
157.40616	60.341656
173.19235	25.967625
181.90836	61.324738
150.46283	38.55461
183.53957	35.657936
165.85886	63.61842
165.2251	25.062243
186.97188	52.7257
151.64252	47.9345
181.50278	29.603079
172.60283	63.73885
158.58583	36.509907
189.44894	38.41024
166.01857	534.90857
168.44672	520.1605
180.48044	528.8137
165.30879	526.5077
179.49422	517.89246
172.01437	535.0601
163.53989	515.4962
176.35098	523.4517
159.88367	530.75104
172.57396	514.9815
174.60487	529.9352
159.94083	522.1765
504.88257	370.66177
495.41342	377.69464
494.58075	361.0069
507.51254	376.84674
496.25928	371.30002
506.77188	358.39322
501.23795	380.41718
490.6394	368.10318
511.10553	369.03204
489.56015	380.63226
500.4334	365.1705
507.1893	384.8897
486.25708	373.39948
512.9433	359.53253
496.35806	387.37262
487.50235	360.98468
515.82495	375.0368
482.99838	378.33646
500.7518	355.2967
502.16528	388.64838
483.69415	366.85052
516.6037	366.06778
489.24283	387.0014
494.39462	354.74835
513.37134	382.1501
720.4224	117.43553
730.0729	112.429565
728.53723	119.791916
719.1727	105.18292
734.61395	117.05983
718.44867	125.02899
728.70905	104.75851
736.50885	126.772255
722.82513	112.05815
739.4396	106.30324
724.6715	127.28137
723.8448	101.114296
740.91235	120.37569
714.572	119.75388
733.8517	102.81594
730.2979	128.59988
714.37396	110.06189
741.2092	113.349
702.9735	378.5226
707.80664	367.17624
717.97375	382.37842
702.68787	370.81003
716.3516	365.78162
709.1021	377.16293
698.2127	361.29755
713.65906	373.2897
696.8432	381.13986
709.97424	360.3934
711.4878	385.01108
695.7256	367.2707
720.02496	369.7717
704.8341	385.20233
704.16327	359.44992
720.8232	375.9
695.28735	374.00128
716.4713	359.83447
171.6662	423.06323
164.1083	412.00797
175.83542	417.03687
163.4722	423.78256
172.0379	412.13226
176.37454	428.27148
165.19849	417.24033
180.60663	409.8517
168.55138	431.096
160.55783	406.66437
182.73466	421.53546
157.1814	427.80478
175.08463	405.28204
174.68619	434.85385
156.29582	414.13306
184.65173	415.82236
162.6528	433.19604
168.63734	405.05698
182.69281	427.5334
155.0597	420.94766
177.02791	552.2901
170.6865	568.7407
161.01527	553.8652
175.11618	563.1715
161.9171	565.63934
171.68602	553.6599
177.50395	569.5077
162.04887	560.09717
179.85042	559.13635
165.69644	570.3046
166.719	553.91235
676.16864	379.8397
649.04443	373.5506
667.006	362.09317
666.9733	377.2331
654.79987	365.88535
668.65607	370.71133
654.25464	381.81592
662.18463	367.13104
671.39404	383.79517
657.0444	372.3641
674.72614	361.95007
660.3795	377.9032
653.6915	359.6816
675.95447	374.48315
648.047	379.33823
666.7707	356.38007
664.9198	385.05072
647.9705	367.06757
676.48944	368.36032
658.3332	386.64957
659.5929	358.3936
180.02385	211.75595
165.70572	207.19841
174.49295	195.2109
171.55138	213.4939
164.86665	197.30618
175.50722	201.72928
162.722	212.89603
169.98317	203.4136
176.6246	218.28378
160.70181	203.73776
187.65274	201.01753
163.95319	219.71463
158.68246	191.07698
186.27477	210.21396
153.84085	211.54178
174.21707	188.71109
174.1834	223.68335
155.49925	198.75995
181.2077	204.49225
156.80371	217.98575
167.6885	190.57632
184.13065	218.77495
153.7531	205.17671
182.41637	194.28525
165.69203	224.92868
160.80667	468.548
173.22574	478.8039
165.57268	482.1695
172.9647	472.41132
172.38022	484.51962
164.14738	476.17645
179.8675	473.88834
165.10301	490.14862
166.02898	465.90942
182.76956	483.84506
155.76997	480.51654
178.55344	466.3294
171.3689	492.41455
157.5857	473.9943
184.69673	477.427
159.49065	487.46548
170.763	467.04092
177.85484	490.44537
164.93376	351.22263
179.14034	347.70404
164.982	357.9017
166.7245	337.97943
183.52327	358.8122
157.52335	358.8358
172.96744	342.70087
172.29147	358.30612
159.63078	345.7747
172.87686	351.21585
164.93666	368.66385
167.05893	345.94098
179.7991	363.69183
152.75888	354.75345
181.15097	339.36
170.66745	367.06528
159.6736	339.26718
186.59943	354.83173
160.81337	363.7327
173.26031	335.7945
176.04893	367.82208
154.09892	348.28302
186.0845	347.94452
780.00745	380.40033
780.474	365.81982
789.63074	374.37622
776.29816	374.29596
791.2948	363.83774
785.396	380.35406
774.92755	362.69855
790.56287	369.5063
773.50476	380.17642
785.05695	362.46558
791.5793	380.0052
772.3898	369.73422
569.2346	366.27374
554.00854	373.65222
549.8795	365.6508
563.1278	378.3678
540.8114	375.65878
563.3307	356.06342
560.55084	386.30038
543.3306	363.4421
561.45917	370.76236
548.3758	383.10907
556.22375	366.4887
571.75726	379.8994
548.38104	375.02087
565.8181	361.84503
555.1774	381.29724
547.3817	358.1278
570.0835	373.40646
542.08093	382.10767
558.06323	360.48508
567.0814	385.92755
542.1871	368.9101
574.01624	367.66873
553.3694	388.9367
553.3636	355.99637
387.2249	371.87653
367.4311	374.34924
381.153	357.20612
376.13138	382.37256
362.61298	365.9713
378.04532	371.28156
368.21497	382.41776
369.5896	364.98828
381.8775	377.55713
361.1051	373.0379
383.26514	365.60617
372.66922	375.15778
365.76254	357.25372
394.13458	374.37653
359.22156	382.2348
375.3997	364.206
382.57465	387.9743
356.23083	367.1744
390.36652	361.31268
369.63895	390.1452
370.83972	355.00397
390.40533	380.45297
356.70624	376.17984
386.42294	355.21924
376.2928	390.9134
359.8984	359.0973
393.451	367.1784
362.77557	387.96082
376.5365	352.68286
388.62067	387.02164
434.11572	373.95282
444.73715	364.7428
438.74258	379.97375
434.82635	360.92926
442.42636	374.69302
423.21063	379.0904
446.2414	358.8299
445.3828	384.489
423.80096	365.42328
451.38638	368.46628
429.84613	386.9571
438.14252	368.0379
449.0712	376.8593
424.75812	372.00333
452.5135	358.9791
441.43863	388.3316
427.88654	359.77512
456.37067	373.72235
430.00537	380.13104
441.65024	354.72043
451.40094	385.34198
430.91583	368.0849
456.7354	364.99963
435.78165	388.10593
435.42163	354.4044
456.30548	380.0839
737.4757	374.94238
754.7362	364.7965
750.4413	377.21753
741.41644	368.60413
760.0458	370.70624
744.663	381.90616
746.3398	364.29095
760.775	376.85086
747.20703	371.59955
760.6703	363.7523
749.8692	385.06793
741.5069	359.97153
753.9706	372.5733
738.30237	381.3912
750.2041	359.74258
756.6784	383.54318
734.96356	367.43857
