733.93555	127.47394
727.20667	130.74088
733.63153	120.95018
737.0551	134.80443
724.46765	122.05686
741.767	122.840195
729.7411	136.42085
728.0436	116.987404
741.96985	129.73477
722.0108	127.68823
737.00665	115.82499
167.51447	481.6076
165.21744	475.14804
171.83575	475.3732
159.26642	481.74146
166.19922	466.90765
171.15698	486.90704
155.7713	472.03583
173.41689	469.00018
163.15804	487.3001
159.92467	467.87506
177.03812	478.7023
154.04568	479.67148
579.5497	371.8965
581.6012	381.78387
571.9784	377.25995
584.673	375.02325
574.2709	384.2901
573.67487	369.08554
588.4996	382.75702
565.9569	383.60406
582.3239	364.06268
581.0902	389.05508
564.24304	373.5451
591.1175	373.6214
569.0016	389.50436
576.3169	363.92944
587.13055	391.59213
562.31824	379.24008
588.3331	366.9261
575.7745	393.1694
567.6407	367.04642
593.98425	381.76736
364.73822	385.79364
374.6984	369.95007
376.16037	387.8891
362.2567	371.99417
378.50168	375.0149
373.11395	380.2783
369.257	373.13226
385.52148	388.35907
362.21927	379.8603
383.25616	367.43317
367.6182	391.1324
366.05475	362.9655
380.9824	380.09567
356.04083	387.11404
375.96127	360.41455
381.8493	393.40958
355.9074	376.0246
388.87204	371.9704
368.8841	396.6236
359.16364	364.5372
390.2125	382.09604
352.3958	380.4222
383.85297	362.54947
376.34808	397.02582
355.011	370.14084
386.17978	377.7453
360.6065	392.75806
368.8995	358.46478
786.202	384.69525
771.48865	378.3638
782.4269	368.25165
773.754	385.36176
772.99255	368.9146
782.7545	379.1289
767.5377	383.81216
777.7265	372.82788
779.09735	387.4472
767.9999	373.50537
787.0431	374.81262
666.78937	384.77496
668.4702	374.6905
679.67957	380.90186
660.89886	379.3404
676.1863	368.79974
670.39087	389.55127
663.9681	367.73358
672.56165	379.31854
660.372	386.38406
670.0292	367.46194
676.93854	386.99136
659.0981	373.77386
679.2636	374.4138
449.41275	381.45395
446.39517	375.35016
456.83087	379.2821
442.02435	379.5691
450.4925	371.5494
448.5494	393.80716
437.75195	370.24783
457.33453	372.47488
444.292	387.73367
446.6811	366.5979
455.8593	386.53824
435.8869	378.29083
458.58563	364.50027
455.4186	395.87903
437.2154	364.4036
464.11554	375.85596
437.45752	388.7117
452.15106	362.18658
462.2002	389.6181
430.58383	375.2056
464.03326	368.7312
441.7884	395.72095
443.58447	361.32578
465.47534	382.502
432.09848	385.08795
457.37793	59.864937
443.05304	78.647575
440.06332	74.50358
452.1625	72.43777
437.71875	86.380775
453.05756	65.133385
454.74396	91.15639
430.85913	74.600426
472.72333	75.19866
448.13763	84.97725
433.2984	60.83548
454.26138	81.24507
431.80292	92.81043
463.66055	64.53203
457.7591	97.88291
434.9804	69.0384
467.6504	80.223015
443.4435	93.26912
438.52994	62.457714
466.59073	87.147125
431.51154	85.23077
464.7497	70.72118
451.8968	98.881
446.53442	68.291084
460.0529	83.252266
439.133	97.708595
449.16718	56.13044
463.66577	94.82469
424.79218	77.06496
173.98886	47.12548
171.98788	62.541943
167.48228	48.79133
169.52185	55.81794
158.2905	59.268414
169.60918	39.795258
162.17743	71.467705
149.80399	46.432526
182.27823	51.35421
152.7717	62.82676
160.88423	40.103203
177.59766	64.17377
159.8032	49.996803
179.72069	39.735153
164.63638	62.146954
155.35652	43.081364
185.51285	55.131817
145.30647	58.61571
164.09227	33.472076
169.86856	69.839066
145.45963	50.344803
182.39706	45.827106
153.28305	70.920815
156.03488	33.810936
183.06055	67.10252
155.20117	53.17459
174.01926	34.82993
745.16833	381.82843
733.9364	372.09875
752.12683	375.5844
736.6029	385.25208
745.6527	371.44736
750.0635	387.7398
740.07983	376.5334
751.6652	368.892
742.487	388.33585
740.5182	367.87366
753.5985	381.38135
733.82385	379.42767
734.3646	42.576103
744.5115	66.578865
725.225	49.501945
737.9954	50.779125
729.4623	61.410107
726.85345	44.551323
739.1205	60.072742
720.9832	56.07589
744.703	43.885117
733.31555	55.76526
719.1705	37.749763
746.84326	53.36421
722.9953	62.650246
735.73645	36.3938
738.4799	69.90502
717.3923	49.92496
751.1376	43.480347
727.4885	69.19876
726.76337	38.076447
749.1254	62.175873
712.7856	59.026257
742.7452	34.88761
733.2063	71.03319
715.91125	44.091164
753.0151	51.98406
717.6327	66.12621
729.3194	32.365803
522.9743	384.9557
506.0091	376.56464
525.7555	372.52924
514.7519	379.30826
511.31964	366.76062
521.7079	377.8344
508.58545	383.1249
522.5517	366.87604
519.8879	391.72992
502.38803	371.77487
532.84534	373.26465
512.7652	387.4082
516.0098	362.47482
532.2406	384.96848
500.99854	381.66302
526.5748	363.42157
514.38043	394.37607
504.99405	365.52573
530.0034	379.33975
504.52777	390.10806
515.9061	372.08136
526.9629	390.20694
153.10828	426.30035
175.47177	422.73837
163.54594	437.3957
158.48994	418.5522
167.64427	429.475
158.10823	431.7439
169.29367	422.27252
169.00919	437.95786
161.10834	425.25537
175.812	429.46225
157.60641	438.05737
165.96512	416.88696
174.61813	436.5533
160.87572	309.88013
174.70885	305.08862
161.53975	316.6997
161.0538	300.19537
168.91167	317.14313
151.31769	318.91034
168.0296	307.21115
173.82895	323.5676
150.06575	306.69412
179.246	308.6528
161.73634	325.47018
166.6695	299.13263
179.21822	319.1766
153.87881	313.22638
172.67728	297.82486
167.98326	325.33017
154.73804	301.6204
178.23148	314.19864
156.8514	322.86
163.78781	148.17517
169.05373	155.70903
157.72128	140.19615
175.09647	145.18933
158.00504	154.4415
159.37045	132.4243
172.80579	151.38673
154.6207	148.46362
168.47856	141.7683
169.42726	164.92526
147.60281	147.54483
182.82233	144.56416
158.5917	165.8922
164.80473	136.82469
178.86598	156.80118
148.60248	156.16222
176.61038	137.66406
164.13919	161.43361
150.6879	138.59146
181.0726	151.355
154.14265	159.80234
170.11435	132.54993
176.37231	164.85658
161.06268	230.93974
181.08179	229.4253
160.44772	238.82295
161.26816	223.84514
180.56134	240.84883
150.96121	239.03035
169.89078	218.59827
166.78944	240.11935
148.68388	231.50876
168.93146	233.51958
160.48868	248.74263
168.75595	226.16745
173.34871	242.5761
155.2752	235.69421
177.47028	224.29778
167.64285	248.39746
153.99194	224.96704
174.87141	234.07532
153.18472	246.6643
161.9985	218.09128
175.00081	250.04778
157.41797	564.6809
172.0715	562.32806
161.33331	573.9364
164.42377	560.0399
172.51125	573.8727
156.28705	570.004
169.89706	556.62317
166.55873	573.1473
158.47684	557.8124
173.25253	567.70636
701.7548	388.66046
709.0664	366.8887
714.7528	386.54922
700.0884	377.0414
717.6347	370.7154
705.45044	382.36368
703.0233	368.6828
718.0829	381.27856
697.23206	382.4123
709.82086	373.51828
708.9122	388.35016
696.7418	371.85715
714.42285	377.2118
623.30896	384.4156
629.86536	373.70758
640.71954	385.10013
623.69165	378.1278
637.2922	370.2497
630.3672	382.1159
620.81604	370.01718
636.5525	380.75876
617.11694	382.99713
632.52844	365.9277
633.80756	389.5969
617.33185	375.88364
641.42236	375.05365
625.23676	390.3279
625.64056	366.51086
174.81339	525.75354
155.7085	526.782
168.8349	513.51666
168.09764	531.65955
156.44325	515.2162
170.19797	521.5132
157.74008	533.05804
163.24626	515.12787
173.57533	533.1326
157.33334	521.40656
175.52458	516.9904
163.13353	529.44885
159.39815	365.606
175.05943	379.85498
157.09512	384.15305
169.08148	363.2971
166.23222	378.57907
160.21399	374.35562
172.90858	374.00052
162.17113	387.17206
166.70682	370.0933
174.34964	385.99915
154.82251	378.65057
176.42252	369.22742
167.79135	385.9175
153.7637	370.64035
