558.1274	375.02704
553.1016	379.67682
559.6301	368.85037
561.5407	380.9213
550.1775	372.9992
566.86414	369.91415
554.7599	386.25015
551.63226	366.0597
569.5173	378.561
546.3119	381.64743
560.05536	362.74368
563.1006	388.16174
543.27686	371.35458
572.72784	372.81265
547.83026	388.06543
554.4481	359.3749
569.05237	384.84036
541.1058	378.3121
567.15393	362.66116
557.3189	391.68115
545.5911	364.46384
501.87872	376.94727
493.62433	379.30142
504.71793	369.1334
505.61108	381.3228
496.9003	373.33035
510.4269	370.3345
497.53848	385.237
498.6684	367.5396
511.9378	383.1363
486.96808	378.67804
505.1967	361.4968
504.28247	390.02094
485.9146	367.64532
517.12714	370.9719
488.16382	386.512
498.7315	360.1938
510.8626	388.5737
485.93832	372.9391
512.532	363.20935
496.92432	391.17416
492.1953	363.08905
516.16974	378.31992
164.65474	222.03946
170.7574	210.4095
172.31935	225.84082
158.51201	211.68228
169.48238	218.74956
163.33554	229.00784
164.65259	214.15593
177.6914	222.63208
157.0079	218.60188
176.32469	205.64624
171.44846	232.9679
156.99316	205.29886
178.11278	214.35274
155.28064	228.65234
168.45761	201.32076
178.03885	231.17122
151.67154	213.13713
182.49849	210.60799
164.43578	234.52115
163.9384	206.08244
183.9977	221.15205
151.34322	223.7875
175.71873	357.82178
167.70888	367.13293
163.81882	358.8222
173.90198	364.3327
160.94978	366.75302
168.53467	355.88922
176.83699	372.8526
158.24834	359.38766
178.19266	351.64874
165.35179	375.70316
158.22983	351.12393
180.30888	365.9691
153.76262	367.50305
170.57172	348.5961
171.57799	376.63843
152.26245	358.96405
181.99132	359.65344
158.26852	373.9544
164.10803	348.1433
178.2488	299.36526
165.7764	295.62756
174.75682	287.27814
170.91434	301.12943
161.71901	287.7253
171.298	293.2517
156.91362	299.19788
168.94305	284.98636
176.3262	306.04514
154.4675	291.05856
180.26541	281.39243
161.97433	303.00726
158.53775	281.02295
182.60837	295.22943
151.83365	296.93695
172.55907	278.29068
168.01393	308.67368
152.47876	285.3055
181.736	288.96475
159.05484	308.30023
164.60744	277.8843
788.14844	379.4177
773.2234	376.6304
787.57605	368.68683
777.8115	382.3261
774.95917	366.5946
784.86426	374.6475
771.3866	382.7338
780.5853	367.98502
783.25146	383.39606
770.5903	371.57953
378.8374	370.85773
372.17215	384.34082
369.34668	368.02975
378.0045	378.5728
363.4127	381.3534
379.755	360.6309
371.81485	376.11993
360.54108	367.54034
384.7535	377.52777
365.1442	388.35892
374.15018	366.3751
380.03528	384.48096
364.04434	375.15494
384.43915	364.07135
368.90204	394.4947
363.74374	360.4925
391.04422	380.81427
357.21268	383.0125
375.43814	357.2738
382.2362	391.95538
353.7171	371.15613
389.30145	372.43915
358.03793	390.6258
368.6986	357.4857
386.96445	387.71613
354.22296	377.6302
391.5331	366.12442
376.16672	393.6914
357.41644	361.23688
740.72424	42.602764
719.81586	48.15751
731.9201	41.665012
735.66583	55.26731
725.37665	40.758995
742.8124	35.556335
726.1355	54.201378
727.6476	33.875034
738.9216	49.982815
719.17865	42.0185
735.94995	33.1724
727.4683	60.238487
718.8838	34.441345
748.42865	40.90838
719.6227	58.342857
726.42194	26.390457
743.9471	54.833324
712.64276	41.93038
742.58044	29.061499
730.6489	47.315384
718.8159	27.04115
747.7531	47.718136
715.29974	51.692577
733.8566	26.42662
734.7359	60.65459
165.20436	422.88477
171.89206	423.40692
161.86002	434.49356
165.80997	415.0573
176.5802	430.38144
159.75633	426.649
175.97731	415.98087
168.51907	431.28784
157.40562	418.13998
180.60136	426.6954
155.83339	432.61176
170.62222	411.20868
175.01985	436.66498
153.17326	423.1756
180.33737	420.59433
166.51144	438.6861
160.74083	411.3397
455.14117	78.62452
448.2277	80.80562
446.26984	68.5259
455.57657	97.736984
442.92734	74.18846
453.50098	65.983734
437.94098	88.19795
451.08173	59.8781
457.11874	89.433556
434.71475	76.269
462.97598	64.694145
450.3986	88.80256
442.39468	60.763508
463.278	79.36311
435.02008	82.33458
454.9794	55.105083
464.88745	95.17594
427.4792	70.16036
459.06046	72.81246
441.30768	97.57184
432.59854	58.706432
470.57822	75.94777
425.36993	81.02152
461.35303	58.292473
447.18353	94.55037
436.21402	68.60195
470.46225	67.07394
430.5248	88.12532
443.72858	55.32492
464.91486	86.07176
744.5484	375.78033
754.9221	364.51953
748.54376	382.46854
740.69244	366.10922
758.2577	375.44366
738.73987	383.62622
749.2476	371.39038
753.44745	382.96027
738.56946	371.44305
756.125	370.26865
744.64545	386.4271
747.51843	363.98398
759.10004	382.20776
736.78186	377.64984
173.53574	45.584522
169.55092	55.437336
156.62785	34.857597
175.74287	52.138916
162.01059	58.315163
166.2791	45.894997
178.44191	58.315563
159.93864	46.088326
176.97345	41.647324
161.45435	66.10976
162.41562	29.361109
183.77121	56.096306
157.12027	50.511196
176.36732	35.6633
169.83841	62.375
148.11563	44.673767
186.75638	44.33676
153.43399	68.62254
166.391	37.717525
181.37103	65.40813
148.64018	54.67143
183.12593	36.837193
166.92743	69.491974
150.33105	37.186398
187.05783	50.54176
155.68344	60.83306
171.51385	31.609629
174.55254	69.02821
152.2704	48.39476
179.2884	479.59735
165.8647	485.7525
164.777	478.80582
177.22636	486.35977
158.73184	483.30313
172.7503	473.48746
169.48872	494.74155
158.84154	474.1892
172.00177	482.25992
155.95671	489.99225
167.70049	471.83438
176.3448	491.8354
153.64749	480.4022
178.12158	473.30698
163.11412	492.96133
161.72363	468.7191
170.44981	142.75015
155.7082	146.52237
169.58942	136.05212
174.39418	149.12779
152.08493	132.69547
174.87323	135.34279
162.18051	148.945
166.09727	126.86253
182.16412	150.1132
162.72511	140.93959
176.39926	125.08309
168.72647	152.65085
161.7518	131.80455
183.93393	137.35844
154.84055	153.26909
170.50865	124.05613
173.94101	157.39182
157.54103	137.04395
179.2165	131.01602
164.03801	156.86542
157.99075	125.95725
179.65349	142.83458
150.97838	141.96527
736.743	104.922195
732.15894	122.25957
724.43536	111.59009
733.8585	114.72044
723.50854	125.295105
727.5574	102.24177
741.0421	124.86385
725.3346	117.5522
742.5779	108.18854
727.9298	129.79166
720.4346	106.198746
740.68286	119.13757
718.5038	122.66014
731.09607	107.978836
734.90753	128.93634
716.4075	114.66376
742.88635	113.89592
704.2798	381.5597
706.8557	370.46143
712.4146	379.4993
703.7482	375.91434
715.5022	365.91696
712.069	388.08286
696.8194	366.19165
712.871	372.82144
697.9085	385.67117
709.9001	361.54742
717.9894	384.019
696.15436	372.43976
719.83563	370.3638
705.18445	387.92157
703.5812	364.39493
719.97156	377.48386
694.974	378.51337
445.13736	365.80966
442.87158	385.8044
430.6961	370.09018
454.4086	374.2442
434.48834	384.30475
439.2108	372.91852
450.9108	383.10382
431.39688	377.51602
449.5731	369.386
439.5611	378.98856
436.55078	366.53214
447.73648	376.95282
428.3841	387.9987
442.55988	359.03754
452.29312	389.66895
424.398	372.87292
457.4423	368.7652
437.15952	391.4333
436.54803	358.99905
457.38788	380.7572
425.42114	380.4699
451.16132	361.226
444.6476	391.03534
428.50287	363.88153
178.15201	527.74335
159.45395	539.4971
164.72057	521.69543
177.25842	537.1438
160.2161	527.5827
174.09358	520.55145
165.05795	536.42957
158.62563	521.6421
171.98788	531.8231
158.7116	532.94446
169.55026	525.0011
169.70586	540.87604
597.1278	367.2878
623.967	371.83685
605.7013	383.85956
609.615	363.37515
619.5475	381.4608
604.5492	377.9831
617.01697	371.74622
612.63025	386.44553
604.6276	369.6662
611.72864	377.83347
599.7634	386.1639
611.5585	370.2143
618.43066	388.81403
597.3969	373.83835
621.0936	365.08295
607.78436	390.39594
603.77185	362.01312
625.49646	379.25327
595.98987	379.89423
615.2769	361.07657
171.26553	575.29865
158.59006	564.5275
174.56021	566.8384
158.86977	574.52313
168.28317	562.59656
176.47305	572.65234
162.40285	569.33417
174.45895	559.9662
165.66005	576.97296
163.27074	559.4054
665.37604	379.49268
647.46716	380.90283
663.1249	371.0057
662.6313	387.50482
655.05475	370.8052
670.3101	373.02823
657.25635	389.59155
656.59973	361.2552
672.8663	382.008
652.7756	377.34296
667.2832	362.6877
658.66174	378.57977
651.22437	365.27493
675.1433	376.07178
651.74963	386.54184
661.3877	364.72687
669.56537	387.77786
646.7629	372.4992
673.531	366.61127
