166.57848	145.59047
195.46092	129.65683
174.20743	116.779396
197.1774	138.92572
160.74203	119.57461
176.18015	156.03313
154.25943	133.65872
178.02853	141.66725
201.64388	142.1986
161.8353	150.064
194.73558	119.20298
188.11627	149.31741
169.39456	121.85835
184.38846	115.52052
166.7427	154.93597
163.39963	113.82916
192.14691	142.39091
159.6304	146.47372
201.2288	123.22534
171.7539	161.563
183.43617	109.93577
201.14218	130.12753
764.4427	30.919086
804.7507	54.227875
777.9524	49.857323
768.6414	20.878933
801.68	37.148132
792.57477	40.289055
767.04626	60.464386
782.19653	69.56792
764.4498	67.15176
781.6164	20.409983
788.8468	71.95388
756.7583	30.730536
790.3041	21.027233
778.87164	56.416115
793.35876	28.55404
804.20056	27.080795
763.08057	23.308544
802.9195	48.644104
753.95825	40.63187
777.2753	16.539688
798.068	64.49089
756.1116	58.739178
787.2346	8.031053
795.2528	59.3982
748.4843	42.114235
496.70514	71.66021
491.8943	86.73494
470.9878	40.370697
508.0355	46.154694
480.21942	34.60801
503.81943	44.278233
440.8607	94.59173
505.27524	99.72461
513.61847	94.776505
510.2343	70.673805
498.35492	41.72587
517.5955	56.920044
463.92285	63.263897
512.9434	82.34512
496.3741	110.665955
443.17197	85.53984
518.82855	66.06511
450.4685	47.170933
449.4537	101.72028
470.47632	110.10824
467.35312	97.25023
483.75806	66.980965
432.59073	99.766846
443.99966	48.244057
511.23273	111.29476
430.6476	77.38423
511.7399	33.57422
459.71973	101.334114
436.85638	62.09914
513.2959	100.65246
837.9123	378.01105
837.93896	363.26373
845.2557	381.8616
826.54456	381.66827
849.05695	373.45673
830.84015	384.86127
829.7716	364.73444
851.15204	379.7596
827.5661	371.1717
845.6865	364.7968
837.0089	387.9171
837.5119	372.39597
769.8631	378.55487
754.69714	359.7977
746.3153	365.23892
764.56866	384.41504
734.601	373.57678
740.098	363.4412
756.0918	388.15567
735.38617	379.81677
770.4337	369.5758
745.89343	381.44867
761.26086	368.27957
746.7041	390.08072
760.7926	359.9297
765.7816	366.0938
738.0148	388.0706
735.2079	360.55685
767.27954	391.23358
740.67474	383.85562
180.85747	568.61914
178.46825	591.853
174.79158	575.9233
190.44748	575.0668
168.81224	585.4566
180.09125	580.733
189.76549	584.9784
164.9662	582.318
185.52182	572.3909
172.77393	590.2602
175.59389	264.56915
177.89464	299.41708
156.81206	281.67917
177.76543	256.75528
170.62587	297.03497
161.84834	287.3852
199.86685	278.39813
164.23003	296.59854
163.44154	269.54547
189.18477	297.0118
169.21053	289.13873
196.62392	267.66083
168.94238	259.45624
154.37459	276.233
202.00508	288.1016
160.4167	292.65182
189.05852	261.5939
195.79776	288.01596
158.95285	278.60236
179.43327	277.0812
466.4179	406.3051
453.88794	360.33865
479.06308	383.1274
456.4684	370.12177
482.12466	370.72232
461.2811	394.45767
479.86322	361.11725
466.9295	379.40396
447.23697	381.31393
459.4467	361.04083
487.12363	381.24512
447.55988	366.8491
492.2868	373.1911
477.38434	398.4059
461.84415	353.04816
492.13623	383.08905
455.5218	387.81055
474.73175	353.12173
470.50195	394.4053
441.9164	380.45697
489.61313	358.93576
455.78595	394.8189
468.33295	350.26413
480.4583	394.8153
451.816	373.9743
804.0035	366.07547
811.4532	377.9466
795.8119	360.86127
815.62463	383.07465
787.1718	389.50906
801.9098	360.20007
804.25995	388.80768
802.65466	373.68683
810.78687	364.11038
792.5319	384.88528
789.67944	367.2305
809.48486	387.93042
782.98175	377.613
809.1571	359.67682
793.6284	389.35052
783.24255	370.75958
543.8222	356.82648
528.4388	391.5329
528.924	372.23483
548.07227	391.55753
513.5267	367.06696
540.5397	387.24796
536.89685	390.399
532.9993	358.1042
545.4845	363.3979
519.7759	391.18958
538.76025	356.5649
545.866	385.05743
515.0223	385.27286
552.23175	364.66812
517.8287	379.7271
529.603	351.97714
548.57806	383.67883
515.06195	372.90738
537.9985	374.7498
530.0708	396.87195
525.8622	357.15417
411.42398	365.5694
379.5886	355.7571
393.36203	351.98383
403.44022	398.05328
395.7373	372.51636
421.277	366.078
388.36053	357.23297
381.5805	351.93372
399.58405	391.47183
368.14337	362.3595
398.36823	360.87216
400.29706	401.16495
369.66864	377.3291
415.02545	371.42917
387.0724	400.25592
405.97687	354.37866
423.17682	391.99957
371.276	385.98526
397.61304	348.07565
392.42657	399.22968
378.28226	372.71466
403.89835	379.0031
373.33063	363.56018
418.1105	360.75436
417.49384	389.97156
380.40643	391.59525
423.25848	377.43475
383.5976	382.6549
703.8619	358.5512
704.26294	395.23944
688.4236	360.02704
713.76843	367.3828
713.2528	371.68057
686.63403	385.6714
715.40375	362.78214
692.637	385.179
695.49054	360.2841
716.8677	385.36066
707.60364	387.43167
700.0565	372.15784
689.9803	392.2411
683.2206	370.9103
719.3988	375.72794
680.2215	375.5288
711.0481	357.597
698.7987	391.4097
687.3032	376.99628
190.78146	18.344967
157.92079	58.610146
203.6244	45.973064
172.73251	74.73297
173.50479	24.894274
191.22112	31.876352
163.30191	74.65881
166.25716	22.95715
196.91916	32.876034
155.53946	68.12715
173.3975	18.905018
196.11948	69.81672
152.48961	45.560234
199.55972	26.24126
157.58421	72.9615
158.94768	24.654839
206.52242	53.777447
143.49084	56.74598
181.23296	24.943346
185.36794	78.45863
197.24826	53.276905
203.96622	40.17736
166.45682	67.73809
148.39304	47.268337
183.74454	71.43446
152.8424	56.727173
210.92648	37.77579
176.27219	32.127583
196.9852	433.34018
193.66359	426.73566
165.04312	428.36688
178.8447	395.314
197.22711	412.15778
164.3307	401.21707
193.9007	406.73196
174.05408	431.9672
187.86502	397.32895
198.11783	419.5749
154.23221	414.83417
203.36948	413.22696
179.35374	436.05917
175.96533	401.1655
164.74127	413.61148
169.83672	436.5384
168.2874	402.87628
184.93185	436.11108
161.04721	406.79532
650.541	372.817
660.87317	382.7414
632.3917	376.47797
647.28314	395.17432
628.5527	378.83734
660.64	362.62424
643.3741	391.3918
646.2118	376.15793
666.53735	375.7497
640.76355	394.86493
647.12213	356.66516
637.59454	385.10812
632.6517	365.95493
652.37085	358.80533
660.40356	368.28012
638.2403	363.03506
663.01935	387.55664
629.6741	368.1619
637.88165	357.97504
656.39813	390.4678
158.2805	338.68472
196.42406	342.1012
171.45071	367.79358
180.95541	362.73886
201.72318	349.92944
162.80649	361.0832
197.93979	337.63324
181.3625	370.25775
195.22629	331.02512
181.14212	341.70273
154.94455	344.97818
175.46632	328.79553
197.26862	369.63083
164.42282	342.20944
172.91995	323.80783
196.62277	356.13293
165.4224	330.05978
187.06987	367.74435
158.49718	354.8875
184.7565	328.24673
180.70546	230.86934
162.36548	192.43275
200.24138	210.97812
176.01537	225.16196
179.91934	185.19116
186.00397	223.03067
158.18782	202.89705
181.57043	209.68193
191.72101	225.5063
173.2471	185.55826
198.35623	221.87717
173.68842	229.69028
162.45273	218.84612
175.59152	210.86057
174.81673	191.47331
194.58565	195.52951
161.8783	225.06131
185.67969	191.23235
202.02248	200.02164
155.5289	213.39102
178.27669	208.18347
569.3145	373.4409
577.31036	359.3458
594.15125	391.60477
603.52673	367.54214
582.7423	365.04874
603.2358	390.43677
574.1885	375.29617
585.7893	352.61166
589.92896	396.7372
595.46173	360.51486
606.68756	373.5228
578.2284	391.3073
603.8655	358.1083
591.6855	375.8243
574.11334	367.6086
611.43665	377.9691
582.47034	383.00467
572.46204	385.62973
608.6759	382.99704
577.9831	385.14984
600.55615	361.95062
862.5884	384.8104
859.48065	369.6402
876.29834	372.3227
856.2799	375.1867
874.0502	367.47592
876.86115	384.35297
868.79443	375.89545
878.4163	377.6743
864.6004	380.38168
870.4876	362.83423
191.24765	548.671
173.29343	550.55676
194.66795	537.8092
172.19551	555.4761
178.66273	537.5254
192.5185	525.5891
162.6464	544.2055
188.70505	529.0077
184.21028	551.93054
170.05707	526.5436
171.43509	521.8567
191.56438	542.1078
162.34506	531.0851
179.79048	521.0686
163.87341	536.19824
195.98601	468.83633
167.909	496.84198
159.36768	483.83014
190.62022	472.85016
183.29561	494.66504
158.66722	474.7708
195.84196	479.8593
198.28688	490.06177
191.35214	462.5001
164.62083	490.9582
174.56662	480.83505
185.11084	467.04776
155.55978	483.17978
163.17131	468.45386
177.392	499.15363
163.8045	479.89478
198.55093	476.37573
188.80156	497.54752
