658.57	369.92877
643.04407	364.32095
669.49646	357.46057
678.15594	383.42816
669.9181	379.35507
665.85913	361.14655
648.9833	384.68472
644.0059	373.2164
674.8112	373.3688
636.8329	385.86914
676.5745	365.05646
665.8105	389.67084
633.307	373.2161
668.7395	366.0969
653.2446	393.23016
654.21094	353.51358
670.3275	393.03934
641.45636	379.38998
679.3992	372.35052
645.8623	387.61267
647.6328	361.08972
847.33856	375.7541
830.1151	366.2386
838.54395	363.17807
842.23096	384.5207
825.28925	370.49164
843.027	369.8883
832.5413	384.45032
836.3698	367.1839
842.8114	378.10327
825.9089	378.855
532.1476	376.87668
549.3846	394.0644
528.84344	362.22238
543.28906	373.35992
517.9865	374.8947
520.63165	354.77112
524.15015	390.08267
533.3625	353.75925
553.9023	361.73346
523.49036	377.4157
512.2424	373.28717
540.5792	360.002
518.3685	388.95883
549.64417	369.42072
551.2253	380.8104
520.271	364.388
555.9445	377.86102
533.84686	396.66418
547.19507	357.72372
557.53723	388.3003
511.8557	380.17624
549.4806	351.6751
542.1494	392.5842
174.72913	348.02847
200.69646	368.39087
163.37274	358.60214
195.05698	361.7144
177.82602	383.14883
156.77573	360.68158
167.98044	368.1503
163.07487	373.50073
163.29114	352.55914
197.6785	379.8529
181.46353	386.7785
197.51407	351.51917
172.76137	380.72882
151.45107	384.4604
202.37997	361.9719
176.8107	391.42593
183.75415	347.36255
189.50803	389.17682
157.2844	374.30344
191.81786	352.70175
182.98401	391.2803
389.209	380.75708
394.06128	378.47552
378.84933	381.61032
390.0865	349.72833
414.81113	386.0491
380.03397	366.9576
405.7127	365.35474
390.12585	397.2209
407.7337	350.6561
406.90646	390.41498
387.03128	356.5551
420.92822	357.58337
413.50586	398.56226
400.04428	389.1086
418.70087	363.89655
378.55536	390.87085
377.53278	354.56982
420.02466	385.9246
373.61453	369.75385
428.78418	371.1898
404.90256	400.99435
401.1906	350.2074
413.97028	395.70554
368.48193	382.68707
411.45035	360.2865
396.03018	398.3105
380.294	359.71457
399.93823	356.59662
377.7841	398.41962
201.27888	219.27116
189.83598	236.87582
155.7222	231.3396
168.77873	192.12137
173.02875	239.69263
158.97073	211.61723
191.52934	217.56221
161.3594	233.55472
196.43951	201.81557
195.7435	240.68674
157.89798	220.0848
163.86308	226.78421
167.4816	238.13943
192.65787	198.05682
200.40219	232.23921
157.61899	204.70921
180.3688	198.24861
172.57011	200.76462
164.44235	199.41565
198.47104	207.77727
179.34958	241.85783
178.75168	193.90027
183.34145	238.48071
577.7572	379.36325
588.1273	384.13248
610.1912	385.68915
586.23627	372.36267
607.39624	380.39572
590.0834	355.65912
612.2812	364.61624
615.476	387.91626
592.9112	391.407
616.3835	373.1233
584.9665	395.53067
597.55475	355.19696
619.5499	384.21866
576.2709	368.6001
609.51984	355.6169
603.4147	386.2636
580.6978	356.79608
594.84204	366.85483
583.59235	389.12018
604.2675	353.1524
607.41516	399.61667
580.7305	363.38208
619.56396	367.25504
483.40903	375.45996
461.0954	358.6565
479.89862	370.8727
458.50333	390.27316
461.99408	371.7009
466.3041	399.4258
458.2438	364.64948
491.30878	384.30057
474.4371	393.97644
468.26083	350.1539
482.83466	397.17508
453.70718	373.15533
488.93402	353.32355
478.3083	384.24658
448.40543	360.0912
487.31006	364.2902
463.6603	397.1025
482.88458	351.34454
489.13297	378.35736
452.66772	364.4573
492.9715	371.654
450.41705	385.64896
481.15063	357.9205
485.70737	391.26657
447.88657	369.6886
773.1009	369.53867
758.79047	375.3244
752.01965	366.9248
761.6495	366.5302
753.08215	389.26227
765.86584	358.70142
774.4244	385.47992
759.74133	387.54095
774.26135	373.67554
748.024	379.69528
749.98883	360.50903
763.511	381.90753
743.1977	378.32498
772.9622	360.8568
766.9957	388.09366
744.6219	370.46234
191.5565	496.25238
175.74765	506.5013
173.33658	474.76205
197.13753	491.64044
187.60783	475.93536
174.78589	468.4123
184.57103	505.70288
165.53377	477.1541
186.03717	470.49994
165.69531	497.9708
182.95515	490.5711
166.3234	502.36166
162.89656	483.3111
191.71516	485.57306
179.76535	502.41837
196.63205	482.91324
799.70013	40.777176
766.9619	65.28084
796.996	66.73305
801.70044	56.397713
760.627	28.129293
806.849	43.796135
753.0919	47.134617
776.07544	52.972424
771.04315	69.438
752.69714	40.367973
791.4321	22.741089
758.47156	63.627586
783.04675	25.919662
784.5954	73.03412
754.9997	26.76652
770.8188	20.460524
813.5904	57.16969
753.5099	63.272053
797.9322	27.470654
787.2549	68.14602
774.7047	14.105601
801.7975	45.84107
778.27545	42.129635
776.61926	20.56117
774.85065	76.22113
757.78656	31.828701
804.87695	50.99855
191.59645	156.18797
197.67819	113.95528
198.43883	156.88718
183.18848	165.58609
201.76028	141.26198
156.90901	121.58407
160.9114	123.10238
192.22728	117.41937
154.74438	142.32137
182.31622	111.37981
166.13882	156.8311
171.69766	114.42617
197.89587	129.17845
151.4815	137.21115
175.6811	116.57501
205.93169	129.69836
187.66615	158.7664
185.46648	118.22624
193.6708	149.31842
190.06483	142.93323
168.53848	150.55064
158.10036	147.71571
167.04272	110.7916
187.64024	165.29227
158.2709	139.33817
197.74734	311.57632
159.32199	296.7265
169.80048	276.27023
182.83626	311.21967
176.41176	286.93127
173.64423	270.91644
174.4355	295.43564
156.59926	284.5354
202.36151	293.79388
167.99574	288.1255
159.40369	288.81003
203.82704	307.46497
163.15732	313.96136
193.18787	283.31024
188.3192	318.66965
200.19751	281.8291
194.2329	306.4858
154.72862	308.6478
185.59305	273.40253
190.83565	311.54767
153.94736	295.843
202.29799	288.20413
853.5666	371.96265
862.21936	366.24536
873.20764	367.34747
853.51776	381.32953
862.09216	375.7164
867.15204	384.56403
854.4164	365.50714
871.58545	376.20172
860.01917	384.97504
869.63513	370.8535
716.2142	388.3566
700.6413	371.1409
728.3501	356.2259
704.369	373.51358
695.05585	370.9849
715.15546	371.37057
696.3076	387.85663
721.20764	357.90863
696.9029	381.85748
698.55566	361.07263
729.66077	375.4101
706.42865	392.4791
704.5477	362.16037
726.0987	388.96207
711.2596	358.3792
724.7653	368.16254
712.2618	391.8094
717.5829	359.34906
720.6322	387.0552
490.5563	93.32601
475.0616	59.870136
517.391	92.802216
440.76147	83.899124
511.38763	43.447136
512.4582	92.66127
483.6723	68.81965
519.88446	68.112595
489.83633	55.610126
491.7631	35.54406
503.91342	94.77335
452.29727	39.351173
502.24188	106.68689
449.54312	104.738365
452.07275	47.30224
505.3497	116.94649
436.91147	90.30636
468.8458	34.90615
465.93082	118.70166
480.60645	30.99874
508.61823	105.06885
460.69962	49.785835
482.55362	39.695885
447.64194	94.362625
441.50815	72.1537
521.84894	79.03387
443.04312	97.743774
459.7357	37.992172
472.7353	101.32009
438.27197	96.791725
187.3465	415.13535
161.18507	433.11215
171.2034	415.97296
198.54684	432.25137
179.17957	433.02505
186.4567	421.11627
194.18988	438.22372
169.08139	424.16473
179.63492	414.96616
159.63303	439.81192
161.75711	423.33456
185.44229	450.38116
171.51634	446.49677
195.20987	419.8785
182.19283	446.00064
157.55905	428.8413
191.11496	446.9848
802.6556	388.91864
805.5347	382.85455
808.7083	386.70163
787.11005	367.174
811.0661	380.44965
795.51984	380.3127
814.4391	366.13986
808.365	364.00317
787.83746	376.07086
801.1283	358.86206
815.54	371.9936
798.88306	364.4109
818.3854	378.17694
794.45325	391.62866
792.6273	371.4815
899.1958	377.73416
879.8005	377.89874
893.36426	368.01355
893.7248	384.58557
886.7726	372.87372
899.4248	370.86313
886.0299	382.01752
887.41736	365.86313
891.5695	377.21625
879.8092	370.16708
196.07126	538.92615
192.94934	545.9042
170.43411	526.8219
195.27249	551.0089
182.37837	558.3271
194.48239	524.2162
167.9956	556.0141
161.92703	542.9056
185.95311	540.4993
173.87213	552.4819
177.20517	524.252
174.96895	538.5323
165.2358	532.641
188.01851	529.6469
179.63197	554.53217
154.44522	38.654358
195.43332	55.825043
168.11154	21.426971
191.33139	23.304785
155.78363	30.751831
148.63571	36.539104
202.17537	31.240341
178.97342	72.4431
174.37009	22.17284
195.74457	66.89174
156.62688	60.283802
196.01553	22.709562
182.52292	76.75035
167.2109	32.708088
206.6901	56.57888
161.51553	65.80124
197.86922	36.387833
159.75142	75.678345
149.01042	53.743824
159.14291	49.08117
189.94392	67.91084
159.96794	25.89766
203.49866	63.99367
150.80534	63.40672
182.61484	21.039253
185.45285	71.69195
152.80394	45.91712
208.18527	47.111855
