168.67427	363.87
183.61867	373.37192
200.07571	357.04352
187.91182	339.31802
196.02946	346.22675
179.82716	366.08282
181.58151	377.99625
176.90053	334.39346
192.84673	333.7767
161.08032	354.25824
179.67729	331.48276
187.4138	368.06036
161.75473	349.10812
201.68748	350.36197
174.90373	373.45145
170.9695	332.2517
195.48297	367.24612
163.65182	339.5032
183.63655	331.20563
161.00058	363.68686
175.3779	342.29123
598.63324	379.0307
590.97675	366.95456
602.64246	374.72797
609.06067	374.81622
585.04236	376.90216
603.25433	363.1622
602.417	387.7095
599.371	369.01816
609.9835	358.14963
580.0251	371.65094
607.0513	356.05313
600.6136	393.07767
598.7234	356.1792
617.5867	369.38635
580.6752	380.45697
594.6926	350.78046
610.0078	391.458
578.35425	363.1614
617.38806	356.15826
592.37634	391.2542
586.2513	360.29016
621.2736	382.8769
170.82054	405.69843
175.74492	403.12943
185.6288	431.52936
182.86383	396.59528
199.47055	421.5479
175.4969	427.67822
164.25055	407.25592
173.66876	419.78125
159.06013	405.01324
193.16367	421.4798
196.85165	432.53082
168.86282	399.14783
198.0585	405.98138
168.28783	428.76367
175.78604	395.22226
195.99611	427.06583
162.36478	423.63898
190.66805	397.4981
173.61438	433.97778
191.60014	22.97522
178.05194	25.242613
186.8013	22.567291
159.81377	45.282784
163.84366	60.83961
185.35593	66.6033
209.49527	41.386833
163.86507	54.428974
181.7865	13.290091
199.32031	59.493176
156.53552	59.996254
198.62505	25.076574
177.32846	31.71074
172.29019	58.954926
199.71454	50.078194
174.9701	66.50182
172.13014	26.741474
204.94162	54.85681
158.69586	51.96878
207.53947	34.557236
162.88681	66.82629
175.66173	14.445101
210.03195	56.32189
157.37216	33.390617
202.13373	31.293274
177.56354	72.55018
155.13968	23.72248
206.91223	47.70365
403.64163	378.54254
422.9859	368.8605
409.0409	376.51093
387.66663	386.3216
414.57944	382.5226
401.0628	369.91644
383.8509	376.58243
378.81207	369.6172
374.3612	381.25558
398.50473	349.86542
387.97113	397.24832
383.0808	348.16888
414.71405	356.1151
397.56256	395.2503
412.66095	370.12927
407.62567	393.8371
375.44345	375.38998
420.44897	353.20392
422.68658	380.833
389.23126	348.33142
422.63388	376.322
385.4795	390.26166
389.99802	357.96
418.4305	386.1944
377.65424	355.99402
407.3227	351.8648
379.98022	392.35043
393.91562	347.5616
424.78363	392.949
746.7864	365.22522
757.7456	383.71515
746.96765	385.54205
768.45325	368.07172
768.1341	376.79303
748.74426	378.8346
752.3724	354.3084
767.59814	384.38736
750.74866	360.63263
761.27075	355.81833
752.57733	389.89542
743.19855	360.28824
774.3331	374.30142
738.91345	376.55585
760.21204	362.56503
760.7724	389.13004
740.76263	369.01935
773.9967	361.99222
742.58875	380.37317
181.51553	266.7448
198.05527	300.15582
162.616	292.48383
195.92506	266.02753
201.11942	288.0372
164.32297	280.94745
194.95142	276.66144
196.04164	283.6609
191.61252	271.31497
172.89595	299.442
157.67828	284.28983
183.31247	259.89185
158.59418	289.9278
158.43613	278.7267
185.82451	305.59424
180.80925	285.06317
201.34785	273.33664
165.10223	296.88147
187.73178	311.2086
203.41968	280.89197
177.90611	305.8603
160.47403	274.20425
190.52762	110.80597
158.30641	146.15158
203.74625	125.68721
184.12021	156.62195
197.9146	112.30438
201.50726	132.28802
155.78339	135.35333
198.88864	105.54022
192.13464	153.40285
164.13216	133.65756
178.13351	106.56826
168.30331	146.8117
170.05232	103.684204
198.10172	149.12755
157.99156	119.74126
203.33923	120.28697
165.85803	154.8475
160.32118	111.54602
194.41127	139.1601
175.58835	155.64507
169.1814	114.750244
206.6666	140.48645
157.7487	129.08798
163.46278	101.6942
182.7432	150.58507
168.07971	110.16972
208.4874	134.9754
447.9315	47.204258
513.26294	44.705032
444.60513	75.992676
466.514	98.57784
513.07874	63.86374
464.65298	112.88326
465.76666	42.018166
512.36755	81.28776
476.46982	108.854324
481.48804	50.317924
457.76	102.702965
453.63184	40.271996
451.52768	53.36367
487.0852	89.77233
475.09106	36.426895
502.95737	107.29036
448.56073	98.40233
519.7092	63.56731
479.74316	112.96749
482.4859	30.88148
475.58472	103.04891
447.629	43.699394
500.49835	41.448997
515.40436	89.29607
457.70004	46.853287
521.0235	72.801384
457.844	110.244484
515.7696	60.420765
518.2352	79.64435
438.7789	69.91853
769.3137	23.329857
790.2621	21.235363
760.3437	62.986847
798.0756	47.78369
752.8019	50.985966
765.6527	24.766224
793.56635	54.014397
753.3817	38.755337
802.59424	42.56672
785.0564	69.42894
805.5433	30.534637
777.0092	61.634453
757.3521	46.377842
755.8834	27.891062
764.40295	67.752396
748.22614	44.08457
802.1749	55.393085
774.5941	68.14174
774.3272	14.60525
796.5118	63.147606
770.02875	17.47288
798.6159	33.55146
790.817	29.024204
785.3088	17.955967
797.508	57.60858
754.2793	56.96327
779.07935	22.134865
752.5315	61.207825
169.91212	468.65625
199.9118	466.98138
165.98293	479.63776
186.16617	456.50552
200.43057	482.69458
188.95662	481.79272
171.69617	461.43784
187.33502	491.44025
193.36789	469.1756
199.30591	478.09467
165.36298	472.16464
192.7057	462.1581
195.29709	487.1983
162.93358	462.5355
197.4425	473.24838
168.94061	486.42676
179.38809	455.10675
188.84964	453.59448
163.81313	489.15707
859.5584	376.52026
852.83905	379.3463
839.5456	366.1191
847.61005	375.57773
841.54803	383.61505
844.8207	361.3885
847.1749	384.28876
833.2098	369.42914
852.76843	362.07956
833.3086	374.8384
835.26056	362.32516
855.53107	372.1101
834.8578	381.58975
708.36646	366.0697
715.0015	370.5018
699.7069	378.4947
725.5578	367.82446
688.5504	365.95465
709.25476	357.89627
715.5561	385.90247
717.64923	379.2086
716.22473	360.84097
693.1979	382.46768
693.1661	365.55206
697.5258	386.0766
693.559	375.86267
712.9747	352.83725
709.34534	390.5332
689.11646	373.576
724.24915	361.1509
704.92804	389.90674
698.99475	351.92853
722.04645	386.8848
875.33136	370.26266
880.014	363.32535
878.0951	377.31174
867.7067	367.21738
882.8146	379.24268
868.17346	376.93143
867.2531	361.95697
879.4548	383.50705
863.993	371.5761
884.98157	367.3043
865.7051	381.48492
537.5209	363.21307
544.0961	382.89676
550.9687	368.83136
543.8826	350.35315
555.2098	373.95163
519.2538	362.18353
558.2454	360.43445
526.1092	387.61652
536.81067	355.4577
550.83026	392.49847
518.47473	375.78638
556.50964	355.7441
536.1875	389.99982
513.47595	364.97107
560.8575	367.4537
520.3029	378.7541
525.73346	355.45868
549.40894	386.2427
518.933	386.15698
550.9867	362.80463
561.80133	379.8871
518.6591	356.08432
555.54474	383.9733
530.18494	396.28897
534.26465	348.90683
546.3522	398.06625
525.3241	365.30563
208.76901	207.54285
187.17871	218.926
179.2161	201.2244
163.83345	206.07837
156.54662	221.2898
192.20242	187.77658
190.79251	222.22209
174.38092	229.29936
195.0724	197.43068
169.66727	200.14803
187.39523	188.83548
193.16049	237.91345
178.34906	187.41785
202.42267	195.90823
170.83682	235.5774
166.58012	188.26833
197.36227	228.775
163.26186	220.64087
191.22234	193.86841
197.51846	214.41623
157.00966	214.90002
202.98427	210.39575
159.96973	228.66714
157.63441	199.16396
179.05064	235.89368
461.79047	353.16586
479.0857	351.37048
466.91095	373.0844
451.33405	369.4157
493.5919	382.95767
450.56146	381.74683
488.1806	368.0216
482.56876	394.53522
447.3397	360.77634
487.8776	376.45895
459.46338	394.1283
491.201	364.75787
492.41928	359.04172
460.41162	363.0281
477.40747	369.43842
475.4251	374.7072
450.87128	356.81708
486.57626	348.57806
456.576	383.96863
474.4691	349.96173
472.6823	395.65964
451.1002	392.40848
495.13037	372.8119
469.2083	394.46945
458.11713	348.83258
477.4913	391.45428
445.73755	373.5331
476.5202	357.2261
192.31996	569.92065
184.31473	566.573
190.11845	556.3724
174.61453	572.4877
175.42244	553.39233
185.1304	576.58484
166.85881	568.9415
194.5531	563.7088
181.77165	583.2734
169.9711	559.0448
186.71565	560.7982
176.11148	578.6415
176.89084	512.3557
190.99565	539.1221
165.89322	529.85144
182.71185	529.249
182.36588	539.56323
183.11305	515.83765
184.64177	510.2329
169.97372	536.2559
189.03738	521.2185
192.40579	531.704
177.80385	526.69714
194.44487	519.58044
169.59705	522.518
171.20445	514.86975
804.77185	371.708
793.8812	379.34576
812.8573	385.51996
804.87054	383.82852
793.6086	358.5838
823.4751	372.49222
788.8956	375.80945
802.63245	360.72833
809.32965	390.22528
803.65826	354.25262
817.68384	362.49442
795.54736	384.43958
810.3851	355.34845
817.93494	379.4111
791.05457	368.33087
810.2309	361.49808
800.0739	388.35406
784.6036	373.5993
817.5575	371.66757
649.5057	372.80078
635.59656	363.53116
665.2314	387.428
641.577	369.23322
671.67505	357.0593
643.1527	387.0925
654.08777	355.11774
673.69653	382.17682
671.5421	388.4123
661.6006	351.6028
656.3517	387.70905
647.0242	353.70468
669.2098	378.74835
640.07776	378.44995
655.7319	370.84918
673.7169	371.1696
655.83704	379.23526
655.2392	363.67255
661.02234	393.7614
633.4723	371.40643
666.2455	365.4343
634.6099	381.4935
