560.64795	372.13287
565.25793	391.2216
556.90436	365.15466
572.7887	387.49142
549.89557	374.5858
573.09546	361.42682
560.26526	383.13556
549.4845	359.15143
574.3839	377.796
539.514	380.1494
565.1518	355.68317
555.3626	397.39337
545.263	379.6844
580.8157	375.09503
553.875	393.23108
556.77924	358.69403
574.5019	391.53436
547.916	366.0079
564.96967	362.87326
554.38556	388.85114
498.21832	362.0379
493.2265	371.41953
487.68222	367.93283
509.31943	360.7188
513.2498	394.50732
491.04214	384.95078
524.89594	381.44052
511.00034	388.91104
502.19745	357.06158
516.70483	365.87338
492.42245	389.82675
523.8246	368.1843
519.4081	392.67023
492.7123	362.12457
520.07916	385.41574
497.30084	391.66354
514.8001	360.0169
503.97647	395.56265
486.31982	378.1939
521.2695	376.46027
505.52075	376.93008
438.26117	39.56008
461.06943	109.610306
426.489	113.88081
412.67416	87.6377
448.1032	40.31875
418.6236	38.995064
480.983	96.241684
474.44278	54.989326
447.92047	83.74352
423.0424	59.519768
461.19736	119.49351
463.8189	94.46946
444.9942	115.11649
430.62262	39.13758
472.26447	49.086723
415.79468	78.528915
474.35425	34.467247
488.87006	75.08157
413.45807	59.093132
487.51398	61.554573
455.52277	122.70925
423.67114	49.50727
485.7543	98.98349
413.70688	98.16363
455.2444	34.139503
465.81625	115.91046
408.9667	56.045715
476.76602	109.517044
404.62933	81.39743
465.57	38.89185
461.57306	362.70007
457.61115	385.8865
436.80698	368.83087
450.1849	389.95886
428.79233	370.7273
444.30304	385.82324
422.6819	365.85178
440.52798	361.47003
448.5695	398.7215
432.6765	359.84372
467.34976	388.18112
440.1853	392.9201
442.9289	355.1838
463.48773	386.9289
431.3625	386.63055
465.08414	374.14203
442.64487	399.481
436.132	351.2564
420.21442	377.55038
429.84244	403.46014
460.1291	356.6635
456.6018	395.41864
427.50366	364.88992
453.1066	361.25153
433.18695	396.6652
165.75085	124.75659
192.09152	146.16075
152.07019	163.70488
167.26851	143.77315
176.26447	162.74051
145.95148	121.41954
187.14986	129.94887
165.75928	163.0111
175.07446	120.68449
186.26018	160.79337
143.67946	142.31143
195.2327	137.1182
178.51398	155.83623
165.4169	114.72589
179.20667	114.09251
144.52307	156.13713
155.63138	115.91451
172.56479	140.25986
143.49452	129.14078
187.58328	116.43986
161.38596	157.39499
175.45067	109.56914
192.28268	156.20786
146.95009	150.26826
179.576	303.73618
174.89644	312.97763
153.60808	269.30667
158.54892	287.51453
165.58617	302.75848
166.46463	280.2708
187.76675	304.17474
146.3258	299.42194
165.20224	272.02423
156.78772	308.44302
147.76094	283.11847
184.88498	280.39264
144.43723	276.39972
180.44543	271.97318
159.48201	312.24567
151.99582	298.13522
183.36041	276.39508
142.10873	310.41946
176.76184	286.14206
181.94109	311.14975
733.56036	137.11154
731.38403	103.219955
734.1573	129.57237
720.5014	108.41134
746.924	120.271545
716.0865	128.31062
736.4066	108.450584
723.8684	135.01573
713.73645	116.7053
739.2026	103.80864
740.0585	135.06625
716.8151	121.640114
744.68036	130.74431
715.22107	106.2546
748.69995	116.01958
742.2345	370.45944
733.52246	367.77008
755.4371	372.2284
737.8511	388.27588
752.8131	378.65207
749.8371	386.58527
732.0254	374.93243
748.4454	367.26944
744.2204	387.27316
752.33923	363.25848
756.0311	385.87604
733.01544	383.9781
737.4845	364.11813
711.1688	376.64554
698.3091	372.52005
706.28015	391.23575
711.48267	384.78543
705.14026	361.78165
720.3966	377.90524
693.29895	377.70166
716.0418	369.40723
699.4142	386.30597
695.5924	366.44055
713.59155	359.12457
703.4769	394.67355
711.3677	366.5672
712.8156	392.7331
689.61584	374.34528
191.55716	53.642723
174.06873	49.8897
160.38095	23.541529
156.55261	29.313808
174.75385	28.92919
185.60161	26.401194
186.04874	69.34871
138.3885	40.666
193.02628	43.903454
150.16052	65.83912
164.3486	35.528656
170.59128	64.675644
146.41054	50.35454
194.09906	34.358673
174.52377	74.83591
144.34459	36.582493
189.97447	64.238335
152.31757	76.80379
162.6069	19.56409
152.52896	72.00747
136.811	59.859978
145.57172	29.601446
162.78317	74.22411
149.70375	20.65876
197.70242	56.186176
143.69363	65.15203
168.33376	20.786999
163.15889	445.62842
178.80064	417.62857
178.8059	411.0982
170.61653	441.4455
170.24707	407.21872
166.72336	424.90875
150.475	434.71542
183.90292	433.07062
177.86084	440.04425
157.5697	408.59253
182.09738	438.73975
145.96414	429.066
175.46771	408.2932
163.2161	435.34082
148.12947	421.8187
162.27628	411.23297
156.3985	441.43964
187.43677	221.44405
177.89911	240.1145
157.30132	236.77534
162.57845	201.76683
171.5994	235.10945
150.03288	219.20871
171.75182	204.57932
152.19699	247.31892
161.34378	196.1158
155.81604	205.85645
183.46347	215.9156
181.9583	206.67456
166.02078	239.62881
147.67801	211.6315
180.69221	233.26567
152.6774	226.82266
175.67508	196.21928
164.91992	243.9667
143.47414	208.52861
190.2676	208.34892
145.81285	231.8603
607.5365	382.44708
617.98254	381.957
601.4045	384.97876
625.97864	371.77808
609.5776	399.30563
597.50226	368.77966
627.33765	385.28986
611.90155	393.76813
622.95514	361.42834
622.1581	393.7239
596.6185	373.77527
628.35095	365.2664
597.73474	388.91693
610.2628	362.89288
630.85016	374.05542
595.575	381.28003
617.1513	359.66034
618.66754	369.79507
611.94165	357.82266
382.24915	347.17688
362.58768	390.5348
392.14838	363.35043
351.93372	371.95197
353.1856	381.15442
374.54684	353.67264
364.851	402.5112
349.12418	364.2591
380.49152	400.90515
381.6488	394.66608
378.7495	390.78754
372.7456	398.08517
370.9243	348.91367
395.57196	373.77643
394.70486	392.37625
388.73837	368.00922
370.0274	405.25818
348.76752	387.8778
373.17075	359.6703
382.40866	364.0888
361.91858	354.1158
386.3709	378.81927
357.07	398.20416
366.95456	355.32886
395.5562	382.6341
345.72815	379.66022
399.27225	368.08356
354.93527	390.09125
353.35797	363.0047
178.1742	522.8869
167.30997	518.6592
174.22415	518.5145
172.13866	535.6904
155.1844	519.456
177.87778	531.5419
158.6637	541.56775
158.29398	522.4081
177.19144	541.3533
155.19887	533.9454
165.79591	542.38586
160.78795	366.44354
167.15114	360.3996
191.16618	359.38638
145.5003	361.77863
162.64081	346.03445
180.74312	369.2226
152.7309	377.2552
187.15213	369.49548
182.8741	375.06714
148.58345	346.72324
181.36514	382.72934
142.70941	373.74365
176.3339	342.55386
169.88614	379.13934
154.44203	351.16205
179.84935	351.28073
160.88754	382.89948
157.76743	341.97342
165.48196	383.8324
768.49005	372.22495
785.661	369.54443
774.10046	379.32727
776.17676	373.34717
785.5163	382.7839
763.88745	380.84738
777.4743	364.19412
779.7537	385.19165
766.3129	368.4618
784.73694	374.80118
772.7842	387.97495
163.0171	469.23257
172.12032	467.61954
148.13632	486.90552
181.73465	489.32822
171.9747	497.6757
152.88654	483.34857
179.8151	477.9749
156.82237	492.03052
167.84818	465.01532
178.43298	495.8277
170.37202	490.73105
184.59659	475.48828
160.97125	498.2165
156.6094	468.48877
151.4426	497.48242
165.21414	566.5361
176.41455	563.376
155.43646	578.3139
155.82942	561.14874
174.83656	578.51733
159.67563	576.194
169.08376	555.53094
179.57182	570.0255
154.2409	571.20184
175.2061	557.0012
168.14807	572.4056
732.2816	22.533485
758.09326	55.23824
722.82214	63.84549
709.8429	45.32653
740.3126	71.26512
710.83105	25.689285
741.4766	18.601704
738.9227	30.681492
716.0199	24.819075
755.4948	47.85915
716.67303	54.89884
759.88745	46.488213
727.48914	70.6253
704.7361	37.935158
745.6414	58.79032
708.9528	70.31697
756.6508	33.54534
727.3629	77.78152
702.57574	49.47767
760.21136	37.696358
706.9247	58.620472
716.74243	33.364002
724.83563	29.112839
722.8758	76.012535
732.0492	17.42097
754.5053	59.29956
646.7719	364.0593
680.9952	387.69662
653.0338	391.3511
660.6957	359.20068
670.72107	385.5047
654.23157	379.4571
669.36786	373.30804
667.57434	362.09048
655.49347	360.9684
678.3947	377.57898
648.5362	390.35568
675.03815	360.65997
659.7078	389.5421
647.22046	370.3997
679.0129	369.77957
677.0706	389.86694
660.2484	368.42242
663.037	393.0804
