178.84753	372.7853
192.48468	352.53668
163.60974	343.7301
194.57938	367.14548
162.77592	348.5761
189.56155	339.02954
166.14691	365.57004
189.74901	344.04462
196.0862	362.84628
161.883	363.05133
168.61926	343.83414
201.91306	357.84393
159.16464	358.20773
199.67963	351.40253
175.97462	376.5075
181.88683	346.9522
187.52383	376.1913
172.1774	151.3013
196.08101	133.68188
194.55453	117.92128
180.14609	163.16852
172.12888	116.90526
173.40001	159.98544
176.81674	110.014465
190.8649	161.78485
165.71667	118.69981
187.80936	148.93765
199.591	138.92007
160.21762	133.40335
195.51974	155.37688
159.22972	146.23184
198.84843	120.884254
167.8228	159.42123
155.52924	118.57298
205.46489	126.71565
154.1091	142.89424
188.04971	114.460815
200.07776	146.2986
156.11444	133.48666
205.58066	146.13762
587.0303	363.22083
596.71173	358.83966
585.8247	372.21744
588.149	379.1891
606.3896	371.39566
607.0311	380.1947
603.54126	377.86993
618.4795	363.80798
584.6247	386.7356
596.32855	354.25848
613.567	389.4096
591.73035	359.80377
610.86755	357.34656
601.0475	391.10883
580.6822	368.1098
619.5438	379.5089
593.99695	389.6679
602.57654	360.50174
605.5105	392.41266
760.4268	363.1238
764.68396	381.4664
740.3703	370.98248
748.34283	364.8731
753.9379	372.9062
756.7578	378.75952
747.5169	359.35358
742.35846	379.07025
739.6572	364.54193
769.57184	377.205
748.03625	389.59744
768.28015	371.972
760.3422	385.7922
738.0155	383.35272
754.43616	357.17984
174.45975	539.2246
184.71913	512.254
192.87877	532.1898
168.4235	529.7024
190.13245	518.42285
189.11754	538.3573
176.02562	513.6769
192.72159	527.3463
166.94069	519.30646
169.00731	513.5106
179.1665	526.4354
165.05115	534.01117
190.08305	512.1227
161.47925	300.21268
170.44391	273.80997
194.80138	287.37076
165.33893	306.92474
174.01614	270.9139
174.35843	307.047
158.88591	295.11484
200.99722	290.08765
170.02847	310.81616
160.02301	289.18756
186.772	310.85703
163.54997	280.47797
187.43347	273.34747
195.58806	297.00848
181.8608	269.19232
195.73888	281.24432
196.40305	307.49432
198.09244	276.57492
200.87614	296.09106
382.40317	387.70135
387.3369	347.15875
400.43552	364.38702
389.08722	363.527
417.2836	355.21066
391.87454	395.24347
378.69562	339.71884
409.53427	382.93457
378.62827	372.0403
418.12506	374.29324
395.56256	372.53253
383.54514	353.22018
400.2265	342.93256
374.61148	379.99588
410.26797	355.6563
405.46063	397.48654
383.6789	367.45486
419.72382	382.5836
377.9572	392.85602
425.9101	375.04138
416.35345	387.78754
368.862	364.34155
417.36133	366.70535
395.20944	400.2816
399.21564	353.5761
410.0396	395.85992
182.42384	489.2745
184.73123	459.5918
195.58612	476.9895
163.50488	472.3247
185.3723	470.9301
167.4838	486.30542
171.34908	462.5127
191.14078	467.44647
181.06082	477.00943
196.64651	472.67316
173.71445	490.97256
163.9474	468.24298
190.19955	494.19135
165.48094	479.50723
160.34312	202.49992
196.45108	232.58582
164.71762	215.9941
200.2114	210.28659
173.61296	242.73213
182.75182	217.21233
199.46402	228.52048
183.52919	236.13889
196.04324	198.82903
169.68643	230.90422
159.53137	212.37175
175.13754	200.4217
163.5045	234.23164
176.43503	195.35791
180.58365	241.99124
159.86111	223.80283
186.74872	195.75017
206.22505	219.28809
173.84525	191.08162
200.50824	218.36438
157.49405	205.3444
173.58717	21.37477
210.19376	38.821842
156.04074	54.84762
176.49142	69.50258
152.70198	57.158325
157.09616	31.342892
158.25249	41.124542
164.06656	61.300728
201.91689	44.536148
205.3962	60.206493
152.98271	48.059658
206.89392	46.119576
164.71078	48.16831
198.87016	54.088005
209.1914	54.97154
159.65813	21.585222
188.93645	22.21187
187.30539	76.5605
203.392	29.114151
195.78738	67.084
151.0158	38.86336
182.23804	30.509548
160.02873	66.91101
182.87558	21.55645
209.51216	34.841522
177.11627	77.17742
805.8198	363.71283
806.1011	384.1105
799.6583	362.01254
809.05585	369.516
791.0286	365.3256
781.5666	369.05075
809.29156	377.63068
785.0549	382.48117
791.3094	358.82782
799.0986	386.8516
782.8199	378.20966
797.0715	375.02426
793.04193	388.19452
784.8202	366.0993
709.0172	389.37735
691.9098	378.9584
698.2415	364.41718
716.61926	388.70062
709.6942	379.84143
715.6075	367.27197
691.0991	385.72336
711.74646	359.7511
721.7041	384.75372
693.0077	367.67963
721.353	361.22507
699.30316	385.60278
693.2907	361.68085
724.40125	373.6113
695.7544	373.7796
685.966	366.63007
719.0448	376.48065
854.68475	369.6541
875.46436	371.8683
867.2506	380.74667
867.1919	372.84454
872.6886	384.0718
857.0591	375.24008
867.46124	361.58533
857.6209	381.76355
860.79675	364.65564
876.4707	377.50702
822.6752	367.02448
846.512	375.32016
843.51135	381.10284
820.43524	376.17355
837.4346	360.76294
839.4623	382.60504
832.0465	367.90826
838.7039	372.52924
838.43787	388.01776
832.77344	373.3526
829.94763	378.60376
831.03723	359.98984
660.7468	354.143
650.4727	389.44055
651.254	357.43405
645.87115	394.4192
643.912	385.69235
664.3771	368.99103
661.2539	388.35712
664.08704	361.32233
671.7638	369.5794
639.74146	377.52658
671.2998	364.79883
668.1041	379.99417
638.2244	368.53464
654.72656	393.23273
651.29486	384.0661
640.61523	362.72504
672.4313	382.0911
653.2859	371.77347
191.91255	401.59448
163.8271	420.7531
163.21696	412.0502
188.88687	435.69855
168.93947	433.99936
179.793	399.50494
198.24039	423.71484
158.58421	417.01538
195.94873	412.90485
176.55408	439.0097
173.88312	400.15714
201.78091	419.92993
163.63785	431.86255
186.71487	404.3037
181.39397	418.3788
178.01651	424.4859
190.99254	427.8082
178.04576	583.5275
187.41083	557.0273
193.18654	577.15137
181.85332	571.079
180.7941	558.40735
186.3617	583.60736
167.76584	577.55304
192.17397	564.8973
171.8301	582.78894
174.26263	558.9702
173.29175	568.6605
165.84958	568.8695
501.21826	40.24466
454.91846	96.88824
465.61816	40.653996
486.212	46.539894
464.68536	101.65498
445.01593	53.955627
517.43866	81.66088
514.12494	60.681957
447.88477	83.33047
450.13483	105.65914
444.75104	75.70539
514.67914	75.2614
444.0062	96.1362
510.3497	51.596325
445.03705	89.28963
480.62518	37.194054
511.45972	97.095436
457.31708	44.588715
501.84747	115.69847
499.8034	116.81118
439.12238	72.48725
521.8148	83.25302
492.83456	116.07855
422.05524	74.41241
516.3229	68.71123
475.0428	113.726524
505.1543	50.556595
794.6388	55.60478
804.72003	53.035503
806.7277	35.02969
763.2406	61.58211
770.761	37.796974
800.33344	48.38272
771.3855	18.1862
780.4132	38.221504
753.84924	69.86625
757.92584	26.973612
798.5318	34.34026
779.996	68.93935
793.3961	20.635242
784.0218	73.768005
747.8749	32.412056
799.291	26.282818
763.8017	28.879065
784.6166	17.447655
770.5653	71.02291
783.2528	21.768393
792.3942	66.28242
762.2923	68.26741
753.1994	34.526295
799.4234	66.35716
756.3431	62.08847
467.0153	354.10724
482.70135	386.14575
449.88135	367.90244
490.97516	375.60822
464.1954	379.64276
476.5441	351.42462
486.10724	389.58502
446.5417	383.3979
459.09952	355.256
472.28156	397.54028
457.55087	361.397
475.39508	392.21713
461.2697	395.5712
496.15317	361.4813
494.14917	382.54675
478.05988	356.81494
487.4484	367.5574
455.6308	383.10345
453.4694	358.7023
494.86142	368.03998
454.38556	389.10944
469.88193	350.07053
490.93872	391.11285
452.1416	379.33136
490.68344	359.81348
531.6627	387.7286
550.5428	354.827
555.03925	387.1499
519.6278	370.55844
539.7882	354.05
556.4192	371.6021
527.16473	361.3128
547.79395	390.5158
521.8722	381.61145
534.0583	357.68982
564.1883	382.1537
522.2628	363.3611
563.7764	374.62665
534.5542	392.39944
528.9628	354.80228
557.47327	381.49298
524.62836	373.8339
557.342	360.75775
538.9266	392.6664
540.80835	373.79135
561.58673	367.7816
542.3357	397.26855
