404.11932	83.27426
425.18692	90.89595
423.2835	50.40079
473.82684	48.57535
447.5875	42.784286
480.46063	65.18738
436.52472	109.24827
442.2491	95.506996
485.84448	59.864033
410.7359	71.14424
482.9781	55.115868
451.52563	28.486843
432.2229	37.92307
474.7308	105.18986
440.69473	114.78175
412.10785	55.41794
480.1009	45.215977
416.81827	55.2565
467.04144	43.237873
478.07965	93.71285
441.16113	37.98813
481.26508	103.5447
421.94833	101.353516
424.64307	35.677498
460.4256	109.50118
408.086	82.244576
486.76422	78.72528
448.64957	107.73193
443.40195	29.58927
443.15665	116.33152
151.8782	476.88828
184.34537	466.0374
160.3022	465.72894
169.58398	452.71454
185.85674	474.33652
159.07982	482.38297
181.88744	457.204
187.20993	481.14032
166.69128	446.40192
167.09099	478.2972
174.91301	484.9563
162.60971	458.70425
190.01129	458.90707
150.25636	469.6413
158.91682	450.8413
174.84116	490.41788
147.18655	462.4295
182.2347	450.66708
167.67966	489.00177
175.52174	444.8908
157.75536	283.8334
168.29294	280.4798
174.88184	266.25815
156.59738	259.29623
146.16612	271.95123
190.79915	271.18094
153.4581	263.6744
184.8978	278.6875
189.88393	279.61307
147.25528	266.79218
187.9797	265.1829
174.6509	287.8186
167.4595	256.3163
171.49796	272.15274
150.79715	278.6787
167.61163	247.9655
183.9498	288.22702
153.04282	255.05905
194.04599	264.37506
152.16922	286.00333
160.84796	252.5219
618.91925	382.41098
586.28534	377.6122
600.987	355.94815
613.5589	380.836
601.93274	363.0528
603.6903	381.62878
591.4883	379.70618
593.223	373.0276
612.1493	388.08572
593.43396	360.03745
614.66296	363.65897
584.9145	370.01944
603.19904	350.62097
622.0191	374.6548
590.6808	387.1801
623.5203	366.6797
603.8603	389.8693
584.08417	366.0345
610.3465	354.21185
594.67255	388.9809
607.68207	364.55634
170.99338	196.37845
162.49251	183.38847
178.05466	181.94576
189.53384	206.48833
174.24387	184.49397
192.12949	216.74716
154.5792	205.41753
148.84312	203.23141
156.02402	219.25407
152.72153	188.47456
182.05153	190.47346
173.89104	224.58932
162.43527	176.44713
169.18822	219.24072
162.94678	213.84526
184.00078	184.5015
151.71721	227.27612
181.43849	216.2553
191.18312	197.45433
149.174	212.25903
167.01044	182.12086
179.47218	223.0131
156.44034	510.9083
167.02982	511.1295
176.25388	528.0423
164.79564	526.32434
183.7999	520.08435
158.7151	522.4044
162.75558	512.24554
161.1622	531.10864
170.66006	503.85358
184.28351	512.19403
162.07185	538.9833
178.38037	512.0553
183.2797	528.3755
150.79642	117.05908
171.26892	128.22954
181.52463	147.68892
172.46246	117.69279
154.12453	106.81415
146.98862	144.40018
174.34166	109.39525
153.73091	154.69856
153.20291	134.22269
195.92207	144.933
167.39886	148.20024
157.6641	111.02818
188.2925	136.8771
164.2827	151.08585
194.24564	124.20781
173.61751	151.95634
142.56613	119.36742
167.50961	107.53487
164.52943	139.7362
183.37881	106.656555
189.13148	148.18881
152.21628	149.32405
185.54482	143.72984
162.78879	116.063255
418.50122	367.28577
443.2791	363.92133
438.3204	393.02338
431.7064	369.72293
431.36377	381.497
421.96283	357.37872
452.68472	377.6088
444.2335	391.7329
448.6771	348.54877
446.0437	378.19794
426.06845	360.60333
455.05402	384.71442
430.52856	390.42914
430.12128	350.4754
467.85297	378.18274
419.24652	391.1635
440.92523	347.99268
457.3976	392.3662
415.1993	372.6917
456.8675	366.223
424.33813	389.36868
433.27545	358.95273
462.04492	378.09244
421.28003	377.2271
457.7499	358.6714
451.12653	389.53314
439.89453	353.9877
740.2333	102.74679
708.9193	112.69718
724.88556	111.660934
740.8932	134.41641
717.16003	103.60697
732.9735	97.761566
732.98444	138.25833
715.2135	114.927734
740.30493	124.4985
713.3695	135.12039
728.87756	118.43938
717.8705	127.01941
708.8794	125.85873
747.682	126.92226
725.8832	138.87984
725.2874	95.58406
747.27625	112.106674
733.2377	128.02312
746.0099	118.29643
152.32527	344.6325
165.44984	314.75186
165.73917	329.07645
158.4322	355.7594
169.06091	323.30664
167.48454	354.80402
151.19342	333.16373
181.82039	335.7868
178.9528	358.17975
156.35486	322.1792
187.37302	328.31848
143.29971	337.41116
177.55069	318.92645
175.46588	341.60522
182.5826	348.04886
192.42343	342.89764
159.96942	347.1578
146.8606	328.27005
185.52417	355.04895
147.10922	344.98206
185.8746	318.50964
743.72833	386.706
734.6622	363.76062
750.60376	383.9731
742.8442	380.55557
764.46826	375.96753
760.21747	377.76062
735.3611	368.71115
753.7545	374.0261
734.4656	375.4623
743.985	361.89725
759.4765	367.7204
737.4228	385.55527
756.14484	364.46503
756.7124	384.53445
741.11206	357.35562
751.53845	358.36826
492.2102	363.86603
506.99847	377.95963
496.14615	395.58044
495.62012	381.76462
506.17358	363.85562
499.21533	389.61395
481.82684	357.83844
492.96103	373.41412
482.4833	379.56793
508.54053	352.00592
502.5678	384.53156
494.61615	352.98386
514.49896	380.12408
491.524	389.47958
484.4559	364.21893
520.2654	376.269
479.28345	370.3893
516.2805	361.4086
508.69955	390.1462
501.31705	352.96628
519.0091	369.46854
480.04312	385.18823
497.2538	358.91815
173.57083	567.68866
159.15092	552.953
175.44003	550.0426
163.53928	568.619
168.50267	556.13
179.30345	568.5171
158.78458	561.9173
161.0752	547.49646
170.4761	560.9663
173.28442	544.901
181.80731	559.5749
774.0025	383.06757
784.17914	361.481
784.3154	384.4922
771.03595	371.70676
791.8311	371.80704
782.1642	366.94318
775.1662	360.82596
784.1466	375.88513
770.89307	377.13052
790.9488	366.13306
778.70374	383.80975
771.11145	365.98358
566.35724	364.939
558.15106	380.9248
560.516	352.91287
566.6798	381.63983
540.6484	380.03275
561.1084	359.7033
544.8488	392.48566
552.55945	367.96008
538.8534	366.57608
544.9894	386.7588
563.64374	371.94345
563.75995	387.5103
534.51324	370.33554
568.0553	356.79538
536.53424	386.5491
543.93726	353.3938
571.1289	377.38058
534.26086	378.45313
547.15125	357.9815
556.3124	388.38342
536.81946	359.61514
571.1869	368.45013
385.78433	376.01678
372.58597	358.2082
379.8314	358.91342
364.46747	392.29395
390.32272	355.5041
365.66193	354.88556
357.29062	359.59216
357.516	369.7146
361.55054	385.17383
391.72974	369.58392
388.7885	392.28098
360.3151	375.44827
399.96466	369.6994
371.34714	397.87503
350.78876	365.5987
380.9115	392.49878
349.30493	381.58698
377.55	350.70905
376.12726	391.6287
370.6561	348.97318
390.31073	360.9488
354.39905	389.83978
384.59256	355.32782
385.57028	383.99106
350.98956	370.10336
396.10623	364.08105
361.91013	360.78802
350.86078	359.53763
394.00516	384.3474
147.51445	53.37957
187.57057	25.166187
176.43906	71.93899
154.36345	21.981789
197.50114	62.85183
174.08145	67.30382
155.88991	32.13865
181.47491	53.422253
150.79825	62.009712
159.55441	24.671312
172.54634	55.33805
180.45183	16.358105
188.93045	57.22767
167.3207	71.05512
171.36967	20.566992
155.96216	76.41371
145.85846	29.714993
169.63379	40.231213
154.24649	70.29997
157.02875	58.76765
196.99945	38.25049
145.14536	46.69883
181.74538	19.451038
172.35663	76.06537
158.21109	17.459473
194.09805	28.53598
142.29173	56.298054
167.09723	16.433191
191.18753	61.49224
636.8062	367.02585
649.9296	359.30426
646.80597	387.01758
653.3184	351.7609
642.6188	376.92166
649.01135	366.62558
658.8151	359.1458
653.1062	386.96915
633.47626	376.08923
667.1974	364.1784
658.4457	372.46863
645.87	357.00073
668.9993	387.92526
644.66473	383.4689
663.6556	356.72455
656.9273	391.4269
639.95435	362.26953
671.0838	377.7176
642.04395	389.85458
663.2021	373.81662
666.5644	381.7231
147.64719	403.097
153.48676	398.44186
165.5302	424.79413
170.21869	387.20813
175.72179	414.39362
166.85815	384.25763
184.16808	391.27313
168.3949	422.5316
159.70306	405.41547
188.39032	406.67828
157.7043	425.8331
153.54544	391.6011
172.98796	424.6895
180.59258	384.9527
182.561	387.3137
167.58548	399.60516
150.68225	385.75735
191.26707	398.62726
148.69662	413.72284
174.93997	381.43338
189.72818	413.5245
683.7537	375.7494
713.1575	375.0642
702.3907	378.15225
711.9032	352.81085
710.1143	387.3343
696.4373	386.2551
707.3619	359.53967
719.6234	381.65372
692.09906	359.77582
713.27814	360.91095
689.3739	372.2281
681.7899	371.17368
711.89026	380.8448
692.19885	365.49338
720.3761	369.95578
694.0697	391.84943
701.1902	353.23975
725.6553	370.93317
688.91547	382.07144
697.9242	360.19608
718.6041	372.75375
703.2261	37.090076
750.757	42.171734
737.1083	64.9034
738.9697	35.233368
745.2499	39.98159
722.3717	68.05961
737.2628	16.610933
750.5951	53.299522
700.13464	30.824463
705.3876	62.678864
702.3844	49.307625
749.17505	22.636837
751.20276	47.376442
717.65784	30.201742
746.4289	30.345022
727.34454	70.905655
707.2428	24.024014
742.09735	71.22703
702.87836	41.873405
758.10516	45.06127
714.5127	66.034935
718.1583	17.620901
756.8778	51.99479
707.3099	58.516094
710.3459	34.403522
709.7636	73.8519
708.86646	49.072407
751.8239	28.563044
