169.58586	448.65347
173.71786	425.01324
165.69476	422.34872
177.03513	451.62134
169.98058	431.71988
184.88765	444.44165
160.02866	442.06354
153.7463	422.35992
181.25975	430.94882
155.69922	450.5309
177.11053	420.0577
181.85484	457.26178
149.73813	430.4572
185.67033	422.44623
171.39526	459.8393
164.11525	417.002
184.86055	452.35898
149.32805	442.58072
745.6581	121.28038
715.33954	114.79918
729.5402	115.01974
735.9409	124.75903
719.41455	123.94832
734.0722	105.969864
727.8186	129.43259
724.7878	101.22276
742.4606	113.508934
721.06506	131.17004
716.7754	104.519264
741.8246	125.15489
714.32385	109.57052
735.1564	99.17134
790.0914	380.64566
772.98083	366.9446
786.7558	373.8393
771.59344	376.34695
792.6065	369.86163
781.21936	385.47906
776.4684	371.1181
778.4237	360.88046
776.37537	383.38232
790.6671	364.85114
794.4159	375.65314
493.7643	377.09012
504.59604	360.83032
515.6483	387.0851
493.40167	370.4898
521.44727	365.50662
485.04932	373.7447
496.50665	366.61093
515.8302	397.7752
497.51117	384.75702
527.58466	362.12134
523.97815	380.44608
502.0086	354.49683
525.1804	373.591
490.1745	384.17813
492.6972	355.11142
523.7968	391.34186
488.46637	367.73727
529.84534	368.20273
503.371	392.29657
514.5468	356.67053
529.1832	379.10126
495.68335	392.4872
521.4481	355.5235
511.6391	393.0125
492.91992	358.88562
499.70172	60.799126
449.5367	110.21293
435.96088	75.302864
450.69745	59.82659
417.5324	101.58896
473.09952	105.12917
417.56192	84.41362
416.062	52.083824
479.70605	98.13901
429.01886	109.75496
455.2309	29.975306
487.8793	87.61078
421.7342	64.16985
467.8974	39.931454
414.11664	77.82297
469.77777	89.46253
486.38443	74.772285
408.10333	77.78682
450.8296	38.229282
427.43628	98.99166
421.38477	39.655067
469.65778	34.417625
410.08676	95.5776
478.07455	42.82618
463.03696	114.00897
412.96832	47.53107
481.82803	57.025562
457.36993	112.01807
444.23355	33.340275
477.586	80.08638
560.6451	379.68707
553.70105	382.4997
582.3371	383.18085
565.17053	375.48694
586.44366	370.6187
569.1596	376.8074
566.3186	356.1718
588.1325	362.4232
551.2484	370.53333
580.66547	354.08014
564.80414	396.67975
562.97687	360.24435
580.89874	360.2075
550.8889	392.20844
578.61786	363.33585
574.723	390.54846
554.9637	356.6757
591.425	377.138
563.87036	389.128
558.8384	356.67206
588.2683	382.8239
549.53406	386.04544
571.9883	353.5937
584.297	397.82538
444.86377	385.39743
462.41177	383.59125
458.7267	379.4749
437.10873	357.58896
461.757	374.17703
430.32544	359.71387
453.0148	352.87125
426.91245	380.22556
418.92978	374.65765
454.61832	358.66852
428.51343	389.69055
465.5954	368.53937
439.47314	379.2607
444.10126	371.00165
467.21265	378.77612
432.0562	401.5456
444.84955	353.26187
463.13446	390.6679
421.6526	379.49466
463.67612	359.75897
445.49478	393.4605
441.21783	345.99146
458.65826	362.88358
434.98105	390.64035
425.49225	364.4297
450.75912	398.03137
426.04303	369.70145
175.29808	216.44186
164.22868	242.79536
170.0781	248.44028
175.57895	239.85945
145.53482	200.79471
175.57755	198.01318
189.64297	235.40979
146.56717	214.6943
182.17891	236.7247
148.52533	225.87659
150.1665	205.96262
189.62086	230.25943
181.80424	216.39523
180.63971	231.91707
180.16367	251.52507
156.08867	204.42892
187.60757	206.33296
143.33743	230.06389
167.36096	199.02682
182.97392	243.26566
147.509	220.46294
184.30325	197.42201
147.46515	236.0729
150.58656	210.72592
196.21104	228.72656
168.04675	487.44824
181.01448	481.42075
173.54657	497.09897
161.6824	475.89413
180.75713	491.68597
163.80559	500.91934
169.8319	474.99277
179.30453	499.64453
155.07904	488.70694
175.35023	474.29218
170.66948	502.5484
155.63197	483.38702
155.21371	498.55585
665.8473	384.15524
677.6787	365.21338
677.8329	387.399
660.3388	365.16302
686.8121	363.07697
669.1001	390.69183
672.8631	357.8675
694.2364	384.52112
685.76196	382.34436
696.3397	367.8179
672.1553	385.96387
669.30975	365.0075
689.48926	367.47668
665.6457	372.76974
690.6379	359.0041
692.25586	375.10956
665.3409	367.6722
694.5665	380.06705
683.5419	391.7113
636.62634	367.55573
647.2982	372.93558
608.873	380.73236
632.94104	361.62753
651.0744	374.71887
611.76764	369.60425
617.77795	366.876
617.5855	387.41806
644.52405	366.29608
627.619	364.51324
631.44977	384.06924
646.1602	360.8897
631.1436	392.38464
610.4456	365.00488
642.32947	384.3046
613.722	390.08524
632.5959	352.95526
625.4116	395.16263
610.97034	359.54034
645.1392	380.21973
615.7857	379.06668
614.548	355.61365
636.0724	389.141
155.64113	571.2624
173.02705	560.62195
167.24081	579.3931
162.91032	556.5172
171.19292	567.70886
165.14006	569.06433
174.57993	554.19604
178.45288	575.02075
156.85104	565.04065
177.33037	555.9632
175.06326	579.1864
743.18225	365.6481
765.12195	376.1392
749.918	371.15207
759.3839	368.17126
757.8581	379.0716
740.82446	371.21075
763.3049	371.40958
741.23334	382.73492
746.86896	361.2262
762.0277	381.9395
748.933	385.30353
760.11475	360.6796
754.05896	383.53876
153.65912	285.39807
191.3234	294.2774
145.21767	294.17178
173.3604	313.14496
162.27841	316.00046
149.03244	308.66443
192.07367	310.76254
165.52078	328.50446
161.12357	277.91196
194.19504	302.62628
176.20982	288.89032
186.05624	289.2769
161.74901	322.92657
140.44234	307.33847
175.69818	299.62463
152.31903	321.0655
161.92557	284.56702
185.1419	323.9173
149.79778	292.08893
179.39041	282.16183
176.91945	323.25677
172.09897	277.61798
180.41754	277.7323
148.38326	317.0467
727.60925	20.760387
740.4041	47.820827
732.1706	49.0035
736.3695	20.10956
745.05023	67.56067
738.56476	33.885204
721.247	49.295345
728.05676	65.94203
752.5853	44.69257
731.17804	77.67692
717.0267	69.33033
750.5531	61.26647
724.1116	70.307526
744.00745	25.591572
718.35065	77.45941
700.79846	38.79531
757.17566	34.947544
702.6141	54.36944
720.8552	43.94872
745.80786	73.93715
703.6893	47.337498
741.3244	15.002668
710.93506	74.448044
706.5685	28.098948
747.6166	53.894276
707.9557	65.06384
715.27997	22.033705
748.58093	16.70923
181.27899	72.28515
181.07925	22.125818
175.55045	43.075108
154.25256	67.41882
181.00764	32.36702
168.10912	81.97087
174.13925	21.205503
177.59697	28.654993
158.68059	32.840458
194.46896	30.032562
180.582	66.3336
160.05208	17.626204
167.8702	73.63958
153.25836	73.147644
199.15668	40.039528
159.77101	68.19893
143.21767	42.2077
191.12056	57.707306
136.84734	60.192085
168.3901	15.577881
172.50034	77.64756
138.80975	45.02045
197.81992	56.227528
196.98117	60.484394
142.58098	37.264942
178.64069	49.877903
145.74484	51.447807
165.95029	21.440643
156.46053	76.19726
365.48215	347.44696
372.5442	390.48663
381.2125	388.73694
356.25244	367.50458
390.02847	389.45007
352.71063	373.76706
376.6728	386.67178
397.76828	393.58466
370.54105	351.5018
399.9101	371.9444
364.57867	382.3283
367.36172	362.51987
377.12088	401.1273
353.98175	361.03958
378.7746	353.08377
352.17377	385.77533
388.76575	352.7952
399.26126	386.3902
355.4262	384.1466
399.36594	362.17264
381.67557	369.3227
345.6894	367.1823
388.8472	356.4416
360.83875	390.79758
371.90497	355.9272
393.16913	375.9995
345.83832	379.0055
396.48508	366.49902
371.027	396.66446
383.8853	349.211
726.3485	380.32733
708.37146	378.96252
721.0422	370.12097
718.3191	377.9511
715.80286	374.38043
730.5673	367.2503
714.9626	387.57596
719.29425	359.8304
729.1194	384.90646
705.2436	369.31696
724.7951	361.16803
720.823	384.88507
712.7468	364.96384
733.0533	376.7644
150.28229	149.79114
144.17169	151.53372
160.79372	159.58969
142.53305	140.5157
177.95473	138.55112
173.81192	156.18489
146.66461	131.65205
181.05984	154.42357
149.64868	123.4354
184.70525	118.6791
149.97134	154.72998
154.98703	116.315674
183.43109	133.37527
187.61823	155.82864
166.28319	107.80687
192.79916	139.69048
146.12552	143.48656
180.78445	115.67367
197.85379	138.76926
177.04556	115.56555
194.76743	118.17771
158.95378	164.5629
194.45618	128.31317
195.52133	153.27002
140.61984	135.33768
186.7339	125.435974
185.07874	375.84103
167.73581	357.08197
187.94633	383.6385
170.13759	390.13974
153.4953	374.49863
181.29868	383.8376
188.32166	369.31375
163.6224	360.9571
158.51941	389.75507
172.74748	353.75284
184.06873	389.61533
148.55533	384.91232
183.6453	358.2272
152.48593	391.25775
153.22104	359.61078
174.00961	395.09738
147.49828	373.34726
183.02855	367.16272
166.11893	397.1077
153.00134	365.15103
181.16963	529.6238
157.68857	538.8145
159.35738	518.6986
177.75992	537.41296
157.83255	530.3048
170.92497	517.1292
172.44601	539.1234
157.98215	524.61633
178.69522	520.4277
153.3117	530.5823
166.53348	519.05115
176.94011	542.9907
