162.74985	518.9679
166.03802	541.29596
179.64975	528.575
187.96953	531.0841
186.38388	511.66675
180.43503	537.817
189.40068	524.69147
171.15347	516.48346
174.81245	513.8876
172.37166	512.1653
478.3181	373.16473
509.3078	400.1945
459.33774	386.93436
505.47934	417.3604
464.1585	366.9763
514.2966	381.874
486.77783	348.1992
485.6893	417.73233
488.39307	353.48724
479.92938	409.8985
459.6233	364.39734
518.44507	373.04608
491.6504	408.15643
477.65463	403.71927
482.344	396.47552
503.66193	359.03973
512.0324	393.1449
469.17978	366.63763
458.45062	371.0334
512.55145	369.82324
466.44638	361.04837
473.24756	351.04645
508.45685	413.42105
515.787	387.66083
520.06885	376.0913
460.90894	391.22766
477.90567	351.88568
187.0214	399.50143
154.79079	386.107
167.62772	397.93777
153.73042	389.4924
175.88602	359.41672
155.66515	371.83017
192.1174	395.83673
175.21321	379.9083
200.46428	381.98822
185.46733	361.0822
200.32687	378.5241
149.4501	368.00854
203.34732	370.20892
191.33214	387.0572
186.88376	370.84354
691.35736	367.6404
674.9424	396.90628
688.7312	392.83615
659.60834	391.9245
695.266	390.27557
665.8146	371.862
697.0913	384.91718
672.3337	365.82907
668.8947	394.49655
661.7699	378.61316
685.8259	363.43292
695.6625	370.93875
660.0326	383.07147
658.5995	368.2125
681.247	397.75208
680.8741	364.58197
620.4908	394.78485
636.791	396.01535
647.37573	391.62283
645.7342	398.57898
611.2201	371.18658
647.5519	386.4109
633.4416	391.216
611.19714	380.41132
613.564	368.2003
607.4425	371.0484
607.32654	393.49594
633.34686	399.795
648.5543	383.49615
643.4405	374.3023
605.49207	379.06747
633.50385	362.53424
638.76917	368.26263
160.53627	239.49377
149.23534	221.70181
203.34756	256.4267
147.03545	250.20486
191.01854	267.18768
168.49	229.61902
198.90851	228.72989
144.05388	265.17
160.79657	223.77673
186.14139	220.40547
144.82188	230.401
144.93065	245.29253
197.95139	253.46538
210.55032	237.05244
195.80971	236.14636
175.94824	244.15771
157.79842	264.0982
163.96162	265.58337
170.81024	268.06976
163.52171	217.56766
518.59375	58.76137
459.79193	116.30916
444.70612	58.48451
474.88974	134.99802
435.42383	69.62908
452.41534	119.56874
421.86444	85.866684
487.11392	49.510357
530.6334	60.710896
420.31064	79.772575
489.45514	58.437225
439.0772	99.19565
520.55206	106.07512
523.734	83.59355
521.2614	45.593815
451.1247	107.263
433.72427	101.68202
422.1369	73.321724
516.31384	54.50122
533.14294	80.16958
476.83154	26.189688
519.83435	113.56242
426.32697	99.32687
517.9792	43.635986
438.6662	55.86917
456.85742	40.322517
530.33215	55.085228
432.8129	85.17474
531.7971	77.80604
525.6877	97.03041
828.31433	392.42557
841.6058	387.71906
841.14	392.28574
824.0212	373.92883
820.3136	379.33356
837.9474	393.64352
844.9884	382.5649
834.16437	386.7326
826.3773	369.06516
835.8395	368.26364
810.00214	369.02463
802.1288	396.9046
804.36383	384.62582
791.72504	371.9912
805.8113	391.53568
798.5793	394.05176
798.7794	366.2228
807.35596	366.89545
792.6443	392.7258
801.83563	366.55414
799.4457	380.36377
738.7083	376.9101
724.6488	395.9152
712.8911	389.54163
707.95605	381.38843
717.7405	377.96344
726.0346	361.47617
735.1878	368.71136
722.3741	395.74942
718.6256	367.34512
737.42194	372.89285
708.70557	385.35712
737.92456	385.3859
744.1677	380.88477
770.4645	21.852457
809.26587	49.602604
752.44324	59.211903
737.34546	40.65054
813.3064	35.93848
754.5137	71.98341
740.6833	57.90977
789.2088	68.51421
760.7483	38.39997
819.0185	39.12236
755.4125	84.86128
810.7888	84.986465
808.50867	31.268574
750.1624	17.441067
791.4971	14.491246
779.9517	96.03737
747.9943	59.300438
758.0707	76.39921
748.5781	79.47913
821.6463	58.34499
824.26483	48.456085
775.61816	25.214615
815.014	81.11458
745.5947	44.9811
800.53235	24.625603
796.0527	91.16393
749.91864	67.024994
766.57654	22.004406
156.47025	301.16046
160.69727	303.02167
190.10493	296.83713
170.31223	339.61774
179.26729	294.08994
196.05423	322.028
196.92831	316.66315
174.80528	340.7339
163.07616	340.99042
159.21272	317.28775
187.9507	334.36453
170.52051	297.4124
173.28442	293.4156
171.53893	334.5511
165.42493	337.2885
197.20464	309.6237
156.18915	323.74115
402.1366	407.65045
428.1079	375.18857
384.46613	354.44366
410.68393	401.19357
394.53873	415.53412
408.85114	341.1605
423.34146	368.47342
424.31537	400.04483
377.74405	357.63013
428.43106	389.47693
390.31116	416.37042
402.79712	349.44458
364.7045	393.04587
391.19095	353.43195
420.59872	403.7245
380.6031	406.375
397.34573	409.1252
420.68954	374.20166
370.51434	377.38483
428.3283	381.11493
367.59494	385.62933
373.33536	364.2567
406.1529	410.45453
410.90878	353.6556
366.50385	347.37726
368.26166	364.35312
387.38153	352.55917
373.59714	395.5641
363.54465	368.15326
406.9615	360.97296
208.65764	156.8888
146.51266	165.26645
185.71649	120.39101
148.76945	147.7585
188.6265	133.24883
144.4236	152.17435
180.31577	133.63167
184.00375	129.60352
208.28557	151.84569
198.78201	140.53796
210.9711	179.00882
184.28366	192.1312
162.9295	201.15118
168.63123	188.56688
206.05135	140.41304
190.13573	184.26184
174.47035	183.08305
148.14859	155.64514
210.48282	171.2471
147.55673	179.70128
195.797	176.80699
200.75755	169.37299
151.17351	137.35434
764.38794	391.8745
750.53754	376.79495
763.6278	380.48007
756.38196	396.87866
768.8453	373.36066
775.4434	374.9569
762.24866	394.97867
752.08887	384.17825
757.3324	369.35223
770.7457	391.60266
768.78455	367.2379
776.1446	384.55542
178.38712	498.6017
173.41537	474.6172
174.75296	499.84448
161.72757	472.00845
174.14587	484.58148
169.47734	470.13544
186.27274	475.27164
193.06924	498.2455
169.64078	465.88275
176.5705	483.73633
182.16348	501.5899
185.22746	496.5285
209.03406	78.462425
169.83655	92.80681
166.3246	23.419132
204.51355	81.956726
177.74887	19.867018
209.21204	57.270123
152.32143	25.279636
156.70605	11.380628
176.41843	98.32341
133.26053	46.2173
149.76692	93.94826
208.09663	44.74507
162.09099	22.383337
137.59073	64.81557
194.69968	91.01957
214.60747	55.44677
203.33656	89.28744
143.2687	29.290274
199.17276	93.731674
200.58722	23.510986
160.83824	66.32098
171.4296	103.00033
151.03552	18.46036
179.78171	15.050792
157.49315	82.75365
222.36972	69.20973
178.67993	79.77459
146.43533	34.66395
158.3352	23.131496
585.5183	371.39655
550.26917	359.70685
587.4924	386.23584
553.83093	367.96866
578.7949	401.2294
579.26495	393.9059
542.4521	382.32532
590.6039	385.10657
557.0549	358.23407
580.39685	361.53497
568.2545	400.78375
567.7645	409.81827
549.73083	362.93948
544.4486	389.648
568.08966	350.50653
572.27234	360.8685
555.9918	402.3665
583.552	366.5849
575.19196	394.5906
553.206	401.66348
558.90985	351.44717
547.62854	395.42255
174.21313	567.90955
190.20653	572.47595
161.6966	559.48193
177.06479	567.2838
188.58937	575.5264
163.44441	571.11646
187.4724	562.2348
171.16988	578.9166
175.02716	564.9984
179.83678	554.6754
852.6794	384.0021
873.9247	372.27637
853.85254	390.97614
863.44275	379.32086
866.2922	379.58365
875.7293	383.06442
854.6663	378.30826
864.5843	382.1562
855.8724	371.8891
868.4128	390.44046
177.59218	451.7531
160.21774	435.08627
191.33763	451.14557
187.04381	445.41016
187.21132	436.94067
174.30702	435.34634
169.21048	449.55655
172.79056	419.19135
158.3437	440.24835
188.59526	424.94537
176.50795	434.27548
162.71597	420.81586
184.86115	422.60977
