155.94406	541.542
151.01894	545.32263
158.42188	533.5735
158.2844	549.9501
146.54506	539.17126
162.6137	538.5173
152.25032	552.82367
150.9708	533.6332
164.06355	546.4568
144.71915	547.17035
753.3136	53.842236
745.40216	57.19703
731.8194	59.595753
755.37415	69.97867
738.5507	74.42049
733.9866	50.504387
755.96124	76.591064
739.3803	65.03688
748.968	63.58327
739.6937	82.08272
727.7027	55.077953
758.2672	64.99859
728.3522	75.34746
745.72076	52.03631
748.1104	73.07958
719.8008	59.602386
763.099	59.45699
734.98413	78.268814
742.0831	46.45368
759.49286	81.45814
727.1674	66.39432
753.8881	46.357857
746.90796	81.400406
363.12558	387.74628
366.9017	393.0041
363.1895	401.04044
365.15192	378.32538
369.4373	407.37466
353.51202	392.42642
371.09274	385.30988
361.79483	408.87305
359.74387	380.86105
379.26773	393.92566
355.72455	400.9921
377.9449	374.04776
376.1292	401.5618
354.0603	380.85693
380.48337	386.38666
353.49612	409.60565
363.28107	372.64056
382.24667	402.95566
345.13208	396.595
381.52728	381.0196
373.74985	411.79395
347.03778	378.77908
386.72986	391.46454
347.9258	404.75076
370.24207	375.61673
381.27966	408.39325
348.97763	393.13132
473.15424	385.2072
466.20395	401.2937
467.18652	389.61533
486.36264	404.77118
460.4295	397.531
481.8147	384.32187
474.8261	396.6145
460.3976	384.72858
481.34415	399.5407
459.07413	405.01895
467.80283	379.84543
475.54086	404.89893
456.68695	390.81378
478.54312	378.04837
466.55356	407.07843
460.90576	378.09174
487.76068	391.59967
453.70673	400.01746
473.44684	373.81976
472.96567	410.73868
452.14786	384.87653
481.54388	390.4321
445.13788	115.404724
443.24982	86.847145
449.28873	93.42676
442.46542	93.82405
453.52936	91.8483
446.87573	104.887695
432.9357	90.913376
465.79092	92.314674
436.8742	109.51028
450.02295	70.47476
468.52222	106.85991
424.02783	82.797165
463.695	81.60185
447.29462	120.99276
450.89386	80.6943
458.4413	110.83309
422.84912	97.14377
459.04095	75.4751
454.06842	103.601524
435.13077	75.7241
466.77496	85.900246
437.13995	96.61863
440.27075	71.678055
472.06305	101.89159
432.2397	98.93675
472.56573	76.13372
456.40326	118.90914
429.9333	67.433014
476.64218	92.80328
429.11102	108.2581
152.86145	60.6515
159.6987	83.764305
152.24857	69.32726
173.56726	68.27786
146.09424	86.030304
138.76517	58.331257
158.76524	69.22167
135.16925	73.64286
167.88655	46.19656
150.13342	77.01289
153.25272	50.977898
164.68704	64.89574
140.42213	74.6071
161.24629	59.54295
166.00015	73.26889
142.9791	65.2371
171.28572	58.186657
153.9469	88.87082
143.88942	51.052597
173.07022	77.05008
138.32109	84.30772
158.93784	48.45042
165.61229	82.53697
133.94232	58.505695
171.558	311.83926
148.7722	326.0694
154.65747	317.25934
162.26874	321.22693
143.49318	321.26923
160.79079	304.77454
157.27585	326.95288
142.60963	309.76373
161.18993	315.23615
138.59381	326.96576
148.87411	300.9505
164.93163	330.54132
148.96774	314.4881
167.5427	305.7825
147.50548	333.50244
143.89655	301.80347
170.28365	318.98956
136.31969	313.7477
156.58911	299.98154
159.44241	332.83472
706.7672	387.82785
721.042	391.17096
714.7357	404.17865
715.13336	389.7625
722.65204	401.6437
704.56744	394.84625
725.36633	386.83374
716.1952	397.45062
710.6107	382.38232
727.27014	394.62042
709.4917	398.70413
718.0954	382.42917
566.0672	400.9804
551.54736	388.35376
575.28845	387.16675
556.3807	393.49323
556.19116	382.2697
575.29114	398.83246
551.6027	399.02325
567.19617	388.02594
563.682	408.0037
548.6434	380.47803
562.37024	396.29788
551.4388	406.71698
560.8247	386.09955
571.69934	406.54193
544.8967	390.16278
573.2076	381.06024
557.9204	406.6053
556.7807	375.97083
578.8622	394.53583
545.96747	399.35898
566.826	377.20953
813.11487	396.42603
803.4809	391.63794
815.9667	389.1427
804.9374	400.46445
808.3644	384.92795
818.85956	395.4184
799.5897	396.59824
814.07404	383.75064
811.1185	402.05096
801.84845	385.5226
156.25731	480.1039
146.94794	489.56064
153.20651	472.5695
161.28941	486.9781
147.17213	478.13046
164.78238	475.84882
153.57	487.11954
145.64136	470.6983
164.83305	481.61996
143.44725	482.25458
159.28305	471.5672
156.59097	492.62396
150.8605	405.7217
160.073	411.07538
149.6606	416.3864
157.3201	397.22162
160.75873	421.7767
143.48726	406.3067
165.43849	403.00836
152.54898	422.88486
149.02045	399.4373
165.96245	413.15826
141.563	415.9209
157.18712	404.82513
153.31393	412.51666
638.72925	387.34662
666.01227	393.18542
648.24115	395.49237
643.81354	383.51794
652.4188	400.1249
642.1955	397.66037
652.0038	389.78845
648.2521	407.11554
633.8704	382.88373
659.1452	393.19547
635.28735	403.93408
651.2773	377.13873
657.1102	408.45746
632.2831	390.53784
660.7656	384.05692
641.0614	405.4941
645.485	374.75592
659.4295	401.725
635.8015	396.29453
655.69135	382.1973
767.7933	396.97784
754.48553	390.17148
769.6022	390.2601
756.34216	399.72882
763.38464	387.80273
773.102	400.0301
760.35516	395.28625
769.5224	382.83344
763.61127	403.6375
758.5875	383.2879
775.71814	391.21243
151.04663	199.14682
157.28041	193.87326
168.7433	205.28818
140.5553	191.8494
162.65424	191.22714
151.24275	218.04048
149.02469	183.22752
161.72208	203.67197
137.13292	199.13612
159.82545	178.54271
152.9395	205.2552
136.03867	187.29608
176.53969	197.12923
142.35522	206.52316
157.83691	185.52689
164.5195	214.3107
150.6935	190.97076
169.9656	186.33865
156.37256	214.18747
145.1154	192.78404
167.6904	197.26512
139.51054	212.17842
