740.852	64.98529
728.5965	66.04224
745.02576	49.775215
748.7147	68.503075
734.9008	58.849144
759.6216	61.76952
734.9104	67.642075
736.28186	54.44588
746.97516	59.395885
716.9034	69.27178
745.11707	41.43184
745.80505	74.33774
718.85535	52.270214
755.06067	55.429962
728.0746	80.98866
729.2325	48.774994
753.9221	74.04334
720.9837	64.24084
750.4827	52.63227
741.31586	85.103905
726.91266	43.413334
754.47284	66.56975
722.9144	77.97948
735.5869	47.108215
743.47577	79.92068
725.99915	59.37887
167.55185	393.88147
158.24727	401.4394
158.50824	392.48157
166.57718	399.56766
151.70236	399.37958
164.95815	387.67914
163.66367	410.8073
146.67334	388.96103
176.09534	396.33588
151.30557	406.8301
154.43533	383.05206
170.2103	407.2407
146.44022	395.09668
170.68228	385.86957
158.10606	412.22467
148.74283	383.82748
172.6966	401.59125
145.38109	401.4737
163.92087	380.47205
441.6166	88.89966
431.6206	75.46806
447.34546	77.49385
444.48737	100.68843
443.76105	83.62284
455.14258	79.55141
448.63013	96.64188
464.83926	66.43876
447.29263	109.08736
440.7874	73.85138
459.8438	94.03049
434.7247	89.89223
453.19415	74.43374
454.3653	103.89304
430.22476	83.62099
464.14786	80.53026
441.68042	112.63435
439.45987	61.979256
469.2169	92.08743
430.52362	96.87105
458.93872	68.18523
461.8664	110.239075
435.2918	68.753914
476.34058	82.21443
438.3361	97.54875
446.49243	69.70299
463.19702	102.57869
424.0858	84.702095
466.90976	75.32991
552.9282	390.861
558.51575	382.1429
564.65186	386.52454
547.8537	392.84888
563.52924	376.62897
567.0863	397.71472
549.62006	380.8246
577.0942	381.0877
557.681	395.4682
556.09314	375.4058
568.60406	390.76855
546.12524	385.70572
569.16064	372.32306
562.5416	401.23813
547.38855	372.654
575.0997	387.66498
543.5583	397.1778
562.78174	368.509
573.37915	396.77106
541.09265	380.97815
569.275	379.4387
555.1742	402.6452
553.2516	369.38794
713.7949	390.46594
698.64624	389.26923
709.6652	378.7032
707.96375	388.8869
701.74756	382.94733
717.07196	381.09125
700.4602	395.7709
702.92786	377.00375
719.4841	391.47595
693.5589	383.9206
714.9213	372.54846
706.33826	397.70642
695.5453	376.1626
721.501	384.06482
694.3254	392.68204
704.8976	371.26227
714.18567	398.5644
152.0234	185.86191
164.57126	186.91621
162.69165	194.19893
158.40604	180.9282
173.35149	194.28076
150.52032	193.41666
167.3462	182.78374
161.88046	204.36742
141.85954	182.16821
174.85501	186.80368
153.99957	200.84566
157.98184	173.83273
170.09998	201.13753
143.0679	194.07129
173.28102	173.90666
161.77335	210.52219
149.61719	177.71277
179.8809	193.44415
142.03781	199.9984
165.03499	174.21165
168.91486	206.3855
144.5635	188.18088
177.48943	180.83208
149.47182	206.30374
152.51076	169.90533
771.63586	389.73553
755.48083	388.51004
765.546	375.1422
762.9272	390.08405
750.7558	377.6552
768.07404	384.244
751.6655	393.137
760.7623	379.40775
767.04663	395.95602
751.29425	384.13065
772.5111	379.1728
758.38025	396.86987
756.45825	376.2023
168.99944	75.02916
148.1534	62.388233
165.98238	54.460335
164.11937	70.39127
157.46667	65.791985
168.81772	59.426586
143.1527	71.08179
162.81717	50.916912
169.33246	85.89498
145.79314	56.614525
175.75108	55.140217
152.48271	70.40836
156.78139	58.91559
171.1049	67.50893
145.92415	77.79021
162.78487	44.324066
162.06412	79.134865
139.18565	54.56582
176.18538	61.357475
154.1749	79.97516
153.0624	46.66559
174.49948	78.57457
140.31949	64.496315
171.43974	46.77253
155.43474	88.3654
148.60947	50.364758
180.7495	69.5318
795.259	393.10144
803.56323	378.66437
814.32666	390.623
796.52454	382.09286
813.77325	380.91248
802.6127	392.44623
797.2984	376.20944
809.18445	386.36176
797.3326	387.293
808.77594	376.87088
807.70154	394.68988
154.74887	540.6243
162.6071	544.2779
156.32681	555.8509
158.32982	533.3507
169.7186	551.3142
148.91145	545.9814
171.27135	538.2831
158.59212	549.0385
148.97589	537.7427
170.77962	544.91003
150.2242	553.19714
164.2069	536.4835
163.80956	555.2625
153.6366	289.49725
170.46164	299.70212
158.06633	304.66586
156.49979	296.0262
174.27242	304.39938
150.9717	301.13187
165.83495	292.4208
166.17984	310.34485
143.59303	295.52637
177.6769	298.20395
152.62643	310.1008
158.818	280.50604
172.3144	312.9135
142.59824	304.27155
172.06671	288.0332
155.94803	315.39325
149.55702	286.1281
163.69217	301.00714
146.77853	308.64285
162.41362	286.43225
162.84789	315.97977
151.83852	474.38983
165.75671	474.42578
159.05861	482.16226
158.07527	474.61212
164.28548	480.879
149.51305	483.0545
166.82874	467.32065
159.48068	492.02792
152.13289	468.0206
171.64375	482.82544
151.32558	489.5146
160.31319	463.86133
166.84427	489.48358
145.47202	475.46817
173.12369	473.38434
371.94952	392.5499
372.34738	380.5207
375.42453	387.7721
353.977	394.41818
375.50095	375.65005
379.02386	396.85126
351.41364	375.7622
381.11713	381.92413
363.9753	393.26385
370.7751	369.25494
385.41693	396.9152
363.56525	386.6715
384.94952	372.84064
370.4656	401.7611
363.36664	378.4738
388.9003	390.4927
358.2262	400.5656
370.925	363.57996
383.15326	404.74835
353.02213	381.76297
392.04254	375.66037
363.61386	402.4022
361.68906	366.04642
393.69598	393.91937
355.68738	388.02515
380.21603	367.54962
376.75262	405.2889
359.27042	372.34323
387.45465	383.34616
628.5451	393.18524
641.298	384.95358
644.33887	392.57285
636.0338	383.91205
646.66986	377.25702
637.9597	393.76328
627.2616	372.76718
648.16156	384.61273
621.86176	391.53876
640.9752	372.3642
643.92865	400.32962
622.30383	380.2952
653.70795	380.0367
631.06714	397.9337
634.33484	370.52872
651.6431	394.15964
626.3776	385.43304
648.07513	370.53125
636.57666	403.30765
633.49744	378.7423
654.68726	386.9604
464.4881	386.04962
470.3991	378.58276
476.55524	391.29364
464.00336	380.83347
480.67987	380.97504
468.20355	392.48148
464.4829	375.51205
489.6373	390.2086
452.57672	394.00082
480.50528	367.40118
476.13232	397.1784
454.78238	383.5328
486.30093	384.67166
464.89227	403.16
465.88678	366.41843
484.67545	397.88528
458.27652	389.36102
482.82626	373.4337
471.86884	404.08136
459.2203	371.48843
474.66815	385.2499
459.24164	397.12967
472.243	371.24954
479.22168	402.22684
451.17447	377.49716
490.608	380.6904
