156.96356	331.8045
148.8578	331.8769
156.73326	321.5099
161.87985	336.17062
151.9452	325.96487
165.1465	322.83813
152.12369	342.58646
148.61223	320.27637
171.59167	331.51752
143.0822	334.33478
164.88422	317.9837
159.60715	342.21365
141.47713	324.79108
169.59811	326.00153
145.55708	343.97714
156.07236	315.0839
169.07828	339.75137
439.78906	86.662125
446.18033	91.732704
462.30762	103.61601
436.00473	81.07385
453.9874	91.42134
442.6368	95.34935
457.38663	80.369804
452.32007	113.48134
431.04327	80.49267
470.53915	89.96315
440.69824	116.39933
447.1927	70.723465
470.9388	101.1554
427.1508	106.363815
465.8089	85.7628
464.4252	113.72672
426.973	89.19786
474.9319	83.445145
436.40445	106.84139
455.49252	73.58576
459.6679	108.53638
422.65576	71.65894
460.07602	72.533615
444.33862	102.08471
445.9721	79.63407
461.98917	91.61946
419.36847	93.15
449.22427	63.21864
738.4948	76.47285
734.5065	59.81737
747.60706	54.365356
737.09357	83.682144
742.5592	68.63074
749.29065	63.427105
736.457	68.58471
754.35004	49.57098
747.5519	75.21578
727.7977	55.312885
753.5951	84.14463
730.6977	76.62037
739.4795	56.876965
752.72815	72.2443
725.27576	67.72069
760.66364	61.571724
730.7086	86.4976
734.8676	48.26844
761.0892	77.95733
722.2027	75.86602
742.29785	48.704006
744.2732	87.110886
721.5044	60.15049
754.4354	67.03181
153.91077	220.11821
159.80449	214.56194
159.03706	230.53867
141.49069	215.10274
168.08241	217.19563
154.11377	235.49927
147.89265	209.94421
163.78387	223.99924
155.22298	226.88834
157.70702	205.64412
166.36832	232.22005
136.35052	214.1237
172.91945	212.129
144.2315	237.0496
154.99689	199.02687
173.19926	228.34497
143.9231	222.85307
165.39069	203.95932
162.85458	237.14566
148.22774	204.07468
171.45184	223.33994
142.80342	230.10886
568.12085	387.39258
568.1478	400.61423
562.41595	385.24075
582.2947	385.43866
566.0982	393.48236
556.577	379.11566
580.234	392.26788
557.93787	394.6051
569.52515	374.97607
574.52673	402.21222
551.89594	384.78546
573.349	389.0052
558.1549	402.1554
563.0974	375.0302
578.3146	397.17267
552.25446	392.7164
574.61523	381.0844
563.8664	404.71265
739.4396	383.9831
755.68066	389.9331
740.28613	395.14725
750.6908	384.82562
751.69196	399.02084
742.78064	389.59485
756.4261	381.8149
746.1395	397.8375
746.6374	381.05817
757.25287	395.32135
350.66864	395.5881
373.20486	385.98877
381.1997	397.45462
361.20496	378.18417
387.92365	386.58752
360.59253	395.78662
373.84818	392.3437
384.71063	408.7583
364.9604	390.6496
385.35333	375.6145
361.76303	406.45157
365.7182	376.53717
381.99384	385.4621
354.979	402.27133
373.4386	378.0073
373.6724	406.54816
352.31464	384.29025
392.17526	385.8642
369.3188	411.96402
369.45825	369.41293
389.73395	403.80182
359.3415	386.98898
390.1749	373.3559
372.81656	398.8335
355.65857	376.68036
390.50214	395.99762
366.41388	400.92938
375.76605	371.33994
166.2844	502.9051
153.85338	497.04868
162.83456	492.89072
153.35547	505.20197
152.689	485.86484
160.12411	499.42172
144.95442	495.04688
159.0267	486.8244
158.07144	508.4466
149.30305	491.2604
168.49973	492.93988
146.29842	502.923
153.38019	548.77136
164.40797	565.88617
150.78632	557.54333
165.83322	553.36273
151.67725	567.9892
147.49504	552.6976
163.61633	560.1889
148.9052	562.5276
159.8924	552.12573
158.30759	567.50195
473.9603	394.40186
489.68896	383.1173
480.35947	398.8424
478.107	371.12024
495.6667	401.0849
466.4991	393.86438
482.2945	380.99048
481.25845	389.77716
472.62216	387.01974
492.51968	389.77673
471.07544	403.79242
476.51855	380.39627
487.76416	396.28833
460.36823	390.42218
493.21783	379.02582
477.27237	408.10733
469.95834	377.7597
498.08032	395.6131
464.27768	399.68738
485.88385	374.5224
484.59625	404.79785
462.75006	378.1275
496.67682	387.30814
145.95436	430.7165
155.72859	406.22156
170.09348	426.21332
152.12202	426.03076
165.87161	408.0397
163.50272	431.89063
143.19508	411.16107
163.52847	423.00723
143.22542	424.25473
161.62326	414.25714
156.72653	422.44232
148.78041	418.08316
168.80154	417.3352
155.4692	432.84918
151.29367	412.64404
164.77306	83.978516
147.39958	79.99998
164.80179	55.428265
158.19981	90.193275
154.61882	80.46999
169.49614	77.62655
153.76596	94.64945
149.10178	69.45174
175.7772	83.364426
138.59317	79.64293
166.82742	67.96235
162.95663	73.99421
148.18199	56.25362
163.58554	95.96532
138.51328	90.634285
156.93008	58.837513
161.53595	100.65577
134.10492	72.35351
178.40533	68.7648
139.17038	98.397606
159.85077	66.020836
174.48209	92.15433
130.49489	76.97626
173.28	65.26853
149.43454	103.29169
144.79475	65.01439
177.3069	75.365715
146.83717	91.54627
638.86597	375.2927
642.5299	402.50928
632.5748	386.43762
650.49384	383.919
636.6496	401.78818
632.3615	380.16483
653.0509	392.19846
626.78577	395.55325
643.8209	378.03305
640.04285	395.00772
625.8904	383.8349
645.91284	389.47018
630.7063	400.90485
640.0531	386.4528
648.10486	399.9964
630.4984	391.47025
706.47034	379.89505
698.12634	401.846
690.5809	381.96942
712.22296	392.0608
688.76044	396.43713
701.54016	386.54752
705.97	400.27435
693.9202	386.0426
710.1106	384.46954
697.0647	394.69333
698.9277	379.2713
705.049	393.27536
692.1142	391.35718
793.74	381.01862
794.60657	398.5667
782.32556	385.2808
794.7205	389.66647
782.57196	397.07397
787.37415	381.8221
800.6209	394.7593
784.2904	390.93848
799.8307	384.91602
789.50385	396.5776
