161.35857	195.30608
153.89987	189.5227
161.41844	188.81241
165.73239	199.89449
147.91142	194.52338
170.65834	184.9083
155.36609	202.30489
158.37627	182.19441
172.6453	191.74728
140.3504	194.3743
161.07645	176.02495
165.01427	211.7967
148.19876	185.21194
178.3221	185.16145
149.92896	208.68681
155.69981	173.15274
173.75502	204.95764
142.3229	186.77509
174.28601	175.57072
161.43916	205.00522
148.74185	178.11227
176.7508	194.25487
147.592	201.71008
167.16861	179.05063
163.87003	400.40555
157.26018	400.03094
170.59029	395.07895
153.4221	408.8781
154.14658	391.88907
168.20068	404.97226
149.05994	399.61447
163.60654	391.6198
162.0704	409.45096
151.33298	387.00455
173.78741	400.37787
147.83116	408.30557
160.92651	385.62808
170.04251	412.46045
144.6833	394.69098
171.20557	388.77252
157.31639	413.77423
158.00249	471.28647
168.11661	475.63907
154.29695	479.35278
163.35185	466.9693
161.50673	477.17075
148.23022	469.87787
171.20044	470.24258
155.38559	485.6311
157.79527	462.37012
171.23271	481.63544
147.99426	476.27905
166.4711	462.17352
164.04025	485.65082
151.38318	464.93243
371.84436	387.82574
365.43292	392.84793
367.23212	378.5656
381.14566	391.21304
363.1583	386.38412
377.91913	380.85916
367.61194	403.63623
366.23993	373.0953
387.32663	391.7611
353.66406	381.99368
376.71365	373.59
371.64963	394.80353
358.78668	378.0028
391.36328	381.04117
355.97443	397.4521
367.2651	364.90622
385.13272	399.47626
356.217	389.52264
382.1751	369.36874
374.94125	404.2398
359.1251	371.05417
384.49146	385.0025
351.7376	393.34204
374.05884	363.96564
378.29596	398.52173
349.20184	377.17255
384.0517	375.8907
360.3285	403.52493
800.01135	379.58804
812.12177	388.82608
796.1733	387.5557
810.77606	377.57672
804.2584	390.7727
794.7035	381.6904
811.80835	383.17926
798.41327	393.8973
804.7191	376.72894
809.01697	395.21393
544.4606	384.87628
563.4127	381.13324
551.7998	387.99582
545.8489	375.17743
562.3371	388.2244
540.9221	390.00604
556.15857	373.94147
555.29913	396.48352
550.5616	379.50415
555.3161	381.8553
549.2544	394.88086
548.83575	366.90656
568.99774	392.83603
534.6454	389.24722
563.19073	373.13312
556.54285	402.69043
538.995	373.44244
569.59705	386.33057
539.0995	398.4632
559.5639	367.10562
563.08875	398.82925
539.00024	380.8251
570.1046	378.97232
548.33276	401.76398
154.16661	297.91382
172.31277	305.0088
143.65164	307.58456
167.75676	298.74466
160.13046	310.77496
152.80829	290.237
163.18205	303.40994
155.42928	305.5699
161.98209	293.3154
163.50754	315.04257
146.5665	303.01285
174.3677	290.8789
157.28998	322.73965
144.16116	292.18378
176.0419	309.61728
144.6229	315.45618
167.25735	287.98657
165.86365	323.6393
145.68968	297.93292
177.4571	299.90762
150.53325	318.28476
160.4396	286.1694
172.33871	314.8156
751.49133	386.0123
770.36975	375.66885
765.2357	389.7463
752.9045	379.75385
766.5297	382.27023
754.7004	392.38165
763.3827	374.87204
768.2538	396.44604
759.7153	385.42557
773.7044	382.73196
761.1177	396.26752
757.35065	376.20953
773.8776	389.8963
138.432	79.14697
175.52412	55.168896
168.75809	75.72659
147.89616	55.251595
168.48093	58.057396
153.31839	71.96745
151.99739	58.455772
174.50504	79.05787
163.31691	66.768364
169.28114	65.42711
153.32053	78.61042
161.93484	53.23283
173.85829	70.669556
148.00009	64.998604
160.43503	59.0549
162.59633	79.94997
141.48703	60.030804
182.0491	60.289642
157.46167	90.443985
152.37198	47.195724
171.0776	85.2021
141.94522	71.97497
171.19322	47.304447
158.604	85.633095
141.10959	52.34443
181.17645	72.86943
146.03261	80.23339
162.68198	46.48946
711.2236	391.24344
706.46643	385.44342
719.95184	376.86862
704.88684	395.21765
702.277	372.13754
715.2154	387.0799
700.58435	388.4816
710.454	372.18686
717.54553	396.5775
698.3418	377.33908
722.7954	382.149
697.87244	394.9237
707.01715	378.74963
721.9408	389.69156
694.8283	385.18045
714.25903	378.1111
709.9564	399.31296
727.2046	64.955025
743.56274	71.8676
718.541	81.347336
729.37854	59.44397
740.5823	79.61763
725.5317	74.08405
745.8347	60.591072
736.5466	82.73588
730.8366	46.16751
748.1452	78.14162
728.931	81.044685
743.61664	51.54123
734.29803	70.821884
723.6	48.606335
759.4009	64.90309
739.6408	63.456017
738.32166	51.029152
754.05206	77.21982
719.9679	66.122795
750.9852	59.57379
732.96625	89.80875
729.5094	54.339813
762.1418	78.34383
719.3966	72.71498
747.5504	45.589577
745.4251	86.011955
721.37146	58.852753
756.8837	56.154186
433.1184	108.95947
442.1014	74.675026
458.86728	93.36122
454.17212	89.593735
459.05243	85.76716
445.70938	102.68913
446.8797	84.38584
468.11996	76.84917
440.54254	87.39429
445.72723	65.67092
463.29083	104.15353
433.43344	90.54054
461.17862	73.16614
447.63324	94.68992
434.6464	75.07362
463.71133	81.838905
425.8977	88.92364
458.49072	62.3599
456.0605	108.058205
433.77597	81.51061
474.40634	78.65808
429.2718	96.40769
453.81036	67.068275
459.33984	97.94432
426.4709	79.520775
451.5799	79.20039
446.02252	107.91361
436.31024	66.80729
468.0206	94.118935
634.1361	388.8426
640.938	383.3533
644.5675	402.22232
621.29614	382.7269
650.401	382.53284
630.67944	397.378
635.0359	376.90405
654.4989	390.94562
626.8082	387.46936
645.67505	375.59564
640.57184	391.14648
622.4485	371.3278
647.6017	389.3902
624.67883	399.17453
633.21466	368.94778
643.5287	396.59076
632.30286	381.88272
650.67395	373.70435
636.0022	401.05292
627.2743	375.0063
656.0902	384.31433
622.8059	392.61517
642.1739	369.84882
467.41608	390.92984
461.76105	382.96268
472.25586	379.00305
459.72183	396.94275
467.2536	382.0745
476.42822	390.84256
452.5936	394.18872
474.1586	366.41125
466.56528	398.13602
455.01166	375.48688
475.35577	383.8456
458.98013	387.7628
461.4684	372.44
477.494	398.52237
451.86557	382.26288
479.25937	375.3399
460.5013	403.86505
460.79987	366.3271
482.74545	390.11365
444.94644	388.64035
468.2771	370.81927
471.53497	401.0546
449.67618	371.92252
483.20685	382.63107
451.6631	399.33673
160.87694	533.2676
170.6655	543.96893
148.2811	538.2634
169.32153	528.9242
157.25266	548.65546
152.168	528.5637
164.48134	540.97986
150.1835	545.6002
160.52863	525.6292
164.20416	549.5868
154.01312	534.884
170.43654	535.8889
156.1661	541.8109
