681.1343	384.01733
674.79785	391.148
675.3885	380.6206
681.9557	393.49255
671.133	386.08044
686.0109	380.13092
674.98846	400.08218
668.09265	376.32938
689.9684	390.5944
663.5575	395.0335
681.7704	372.82486
680.74664	400.8327
661.412	380.69086
688.2942	385.92255
669.1051	398.40594
674.1752	373.913
689.68494	396.93405
663.8864	387.88776
690.36487	375.76248
390.3714	398.48157
391.39993	373.02228
396.59125	388.57855
386.66663	388.49136
390.2712	385.3283
403.2918	401.36725
385.25916	380.48236
410.25958	379.145
384.83417	402.3807
396.91513	369.94446
404.07455	387.20978
382.6188	394.35477
399.40497	380.7058
397.1731	397.7386
379.61023	374.25848
413.0446	383.6762
377.3657	401.5761
388.81946	365.52338
407.2215	396.45288
377.67026	385.14374
405.33698	376.50015
390.7161	407.64142
383.9704	371.22278
413.05182	391.76776
374.03253	392.338
402.17462	372.31183
397.48346	406.6109
373.56754	378.86252
796.9426	52.313366
791.17615	59.887432
787.2438	50.420475
793.8569	73.47301
771.8667	58.022438
799.51355	46.458607
785.0212	66.92919
773.3128	45.443382
793.6107	65.56986
777.66785	62.766308
792.4359	46.392982
800.37964	65.693924
785.09326	57.586506
806.56024	48.02731
784.3437	75.23025
779.6073	49.229774
807.05054	68.01103
772.20624	65.2942
793.1862	39.515648
799.04065	77.82645
769.18225	51.97579
803.82623	57.84773
775.0659	71.757126
782.6761	39.529823
172.38821	412.11035
162.59421	404.73505
172.7293	402.8963
166.48549	423.86548
160.38864	398.74158
181.3633	407.37708
162.86914	412.95572
168.47112	407.70612
179.43588	420.32904
154.58731	403.1851
183.33934	400.5656
160.94423	419.07626
168.70798	394.31888
182.22162	415.1452
156.3348	410.7539
176.7608	397.35275
171.66652	418.37598
163.62228	481.33185
173.9747	488.14346
166.53607	491.9991
171.56764	483.8919
174.89743	496.58862
161.16699	487.30142
179.16199	479.0567
168.88261	499.93604
164.49127	474.46222
181.75334	493.96387
156.75914	493.4857
173.00948	474.4056
174.3876	503.4708
155.0045	483.25278
181.40726	486.77533
161.90591	498.97403
804.8622	383.77496
818.6925	392.20242
799.3816	388.40823
817.07916	379.95178
805.2204	392.94455
798.3441	378.36145
810.24695	387.5357
796.30774	394.56253
810.69666	376.74677
812.1492	396.91388
795.2523	384.73203
817.5114	386.1529
804.53613	399.1686
804.3827	375.73236
500.45752	95.774796
480.49225	91.68144
474.87067	85.14969
483.6713	111.27461
452.64713	87.06978
482.88925	81.69124
476.46158	103.03325
489.7308	66.19112
475.40512	75.73968
468.4938	88.44069
492.10904	76.80449
464.57016	108.36882
465.54947	78.97567
504.9693	90.46491
457.83643	95.585106
484.46255	71.80458
488.01703	106.24724
459.108	71.589096
499.5645	83.51344
469.17023	95.77528
469.70844	71.89235
498.2374	106.064255
460.77887	88.381935
494.97885	72.80376
474.6286	108.46605
471.358	62.889557
487.6359	91.58741
461.57355	101.136795
485.97226	61.931793
489.8465	97.82435
163.63239	557.36475
181.52905	554.14557
169.09702	572.91614
164.36664	549.6395
171.91092	560.7453
164.99486	565.28625
174.78796	555.2637
175.21786	565.85004
157.23184	554.2564
181.22008	562.3803
161.18008	570.8685
171.53651	550.41437
176.74036	572.2237
157.75566	563.0579
173.94583	308.23203
170.58644	311.544
163.78963	299.3769
187.08186	316.50052
151.06206	316.8664
171.50793	292.43704
176.62186	323.83554
157.20235	307.15216
175.59879	301.7518
166.86203	329.73944
165.30026	292.16974
181.83318	323.96875
166.94186	318.22296
176.80809	296.5584
173.32141	329.64722
155.35112	301.4521
180.48363	310.2014
160.05588	321.3107
163.58176	310.17038
174.55602	317.58627
156.07355	314.53467
187.55095	303.9721
158.8165	327.14264
846.4336	379.41397
859.9341	387.98602
847.3493	390.0929
857.5028	379.6361
854.4487	394.40625
844.02264	385.7411
862.4037	383.0347
848.22327	396.4931
852.36993	379.13666
861.4531	394.0929
585.5617	391.60907
598.6745	382.66278
591.951	394.54855
585.028	374.5465
598.4352	391.768
579.4361	394.9743
596.13873	373.09906
606.4117	400.44507
588.87726	384.83185
603.86584	378.03827
596.43384	399.76273
590.7117	377.73895
612.7064	391.57144
575.04553	388.9333
601.453	370.0002
600.3784	401.4992
579.85004	376.95023
607.08777	385.33234
582.0913	400.27646
590.44293	367.51343
605.85614	392.2021
578.6432	383.80206
610.11584	377.4452
590.0043	403.94058
165.04399	59.742626
177.22447	65.03483
166.87608	80.28505
170.38394	67.38262
171.14413	73.36886
155.6706	64.98036
189.40263	57.32955
160.54926	83.0075
166.78343	43.86565
187.72086	80.55788
161.21223	67.83745
178.9117	60.125782
175.33328	80.13751
161.16898	51.448112
182.38101	68.93358
152.47292	77.25008
169.85597	51.60896
179.73538	83.73963
156.38025	72.27488
177.176	55.062096
158.23401	88.0685
152.40172	53.853973
188.32193	73.23537
145.89273	74.28877
179.14752	47.713886
175.17184	89.230125
149.71536	61.97381
189.33437	64.537704
160.16571	206.47832
161.01434	186.26479
177.79568	200.7416
164.6362	203.01021
177.50394	181.54817
170.6499	211.33455
156.0891	179.97607
185.34222	200.54344
157.76915	197.84048
173.01251	188.87743
171.33958	201.22617
167.12787	192.03531
185.72087	189.48245
163.47667	213.29666
165.66837	180.16788
192.40671	198.72217
150.08803	196.73976
184.88283	184.3588
175.88759	217.44707
153.71603	187.21379
179.47371	193.827
153.3233	206.62454
170.31633	178.10583
183.42184	210.94739
157.8109	191.55896
511.942	370.79755
502.52448	400.06107
484.7378	378.80853
502.99237	386.01834
491.6142	390.51553
498.8723	371.83252
503.3806	392.8893
491.4164	385.09393
508.3769	379.51303
488.38812	397.45258
489.8747	377.64542
513.3374	399.4607
482.02832	388.45416
504.49872	368.0662
498.17	405.33508
482.67572	372.57745
516.09375	388.28607
483.2102	404.0678
500.15762	379.94855
507.0708	403.37323
478.72226	380.97842
515.91534	381.96332
492.17886	403.41156
491.49805	370.2592
509.181	386.98737
478.57037	394.24304
750.45667	381.7904
746.84875	400.17615
739.5808	382.24872
750.74426	387.19104
740.55145	399.38672
744.775	377.78757
760.0633	393.7691
738.97754	389.4844
755.9498	376.97375
744.8979	390.72974
738.5625	374.2474
755.0695	390.18057
733.26447	393.23358
749.2973	372.33258
754.2477	398.81622
732.60016	384.48196
760.036	383.85638
