359.16034	395.1009
377.55637	393.1232
367.5843	389.29303
373.27277	404.15594
352.7766	385.57407
379.54684	384.69595
365.36945	400.8116
368.3017	378.51712
380.72235	389.66754
359.20474	386.05914
376.5634	379.39597
379.88834	408.09613
354.54416	378.72403
388.53116	389.6155
358.09717	408.14752
365.3737	370.7823
386.95987	403.81018
349.0777	395.90524
382.48117	372.4911
370.97015	412.97308
360.486	374.29965
389.69937	395.38507
353.06415	404.97626
376.76318	371.09967
378.96848	398.52887
347.912	384.1584
388.41672	381.45892
367.77264	405.58206
648.5946	387.26044
655.0288	391.99484
647.355	393.90714
656.14166	382.4023
653.0791	398.94168
639.89734	385.67908
661.03687	389.6629
640.8705	399.20447
652.79456	377.4557
658.8974	400.9328
640.21326	391.79697
662.0758	382.90652
649.0168	404.37958
644.798	380.13617
664.0231	395.13333
150.14302	417.4461
158.63638	407.94537
160.12616	426.642
153.17848	410.7022
165.46063	411.68198
149.09009	425.41095
152.03152	401.5992
161.4125	418.85312
145.02747	416.4604
162.71538	402.66473
155.58115	421.4477
144.94452	407.78116
167.64038	417.8819
147.7908	489.6767
156.1473	469.6048
163.11807	488.74985
145.72815	475.68204
159.09503	479.48175
154.69365	484.17148
152.68788	475.35855
165.79202	481.8117
147.0682	483.15143
163.80956	474.11646
156.20865	490.98004
439.18375	69.361664
464.08405	92.22679
444.1219	94.28218
455.90396	76.53474
444.7292	102.84383
432.51953	102.96787
448.80396	90.521736
442.9478	113.86112
447.73633	59.26296
471.99512	101.290665
422.67352	99.888855
454.82935	64.90933
461.77252	110.68886
447.02133	78.74009
453.9213	92.96594
439.48495	101.593056
436.2874	83.80435
472.50677	84.86407
428.079	92.02954
465.60883	75.351456
451.9257	103.35687
426.10147	80.84429
465.5753	98.55559
435.6623	111.9032
446.86166	71.78805
469.46274	108.45064
432.90732	88.613815
466.4217	82.65297
452.3191	113.98418
155.94788	328.78268
161.466	337.32236
147.96481	335.0317
158.81296	322.21155
158.6691	348.2134
141.93045	330.11264
163.8921	330.64117
155.56534	342.90472
153.00932	319.90173
166.85036	343.72263
142.47165	340.35367
169.28586	325.96515
154.03065	334.0921
145.12595	322.2381
170.5015	334.70474
147.06311	344.19476
153.69714	213.73145
152.0372	222.71802
134.08176	224.58257
164.62073	223.11026
150.86388	230.25354
153.37613	206.9434
171.4498	235.07832
143.86748	226.88779
161.1211	209.52109
166.38142	228.58743
137.9991	207.17892
166.53653	213.57239
146.24474	242.97092
154.59097	200.91597
174.69815	225.54253
135.50195	215.79153
170.25412	209.49353
155.1389	239.23589
146.19957	212.60828
170.78821	220.51787
140.87624	232.24593
161.42154	201.92557
162.81236	235.68912
146.88004	200.16812
175.78665	214.64502
570.3231	402.9545
575.60364	382.46683
584.20667	396.98163
580.51685	389.75885
592.19806	380.82648
575.90076	399.83945
568.9558	381.18353
588.53876	389.45996
573.492	392.529
582.141	380.59552
592.69324	400.55267
565.7814	387.9172
595.24225	387.177
579.5973	405.6231
575.52185	375.6339
591.10815	394.963
566.6502	395.10403
587.63403	375.53223
586.96643	405.26596
703.6222	387.46832
714.03723	390.55896
704.6799	401.611
710.20917	381.9969
716.6073	397.33514
697.222	389.34396
720.6295	384.68805
708.66516	394.79684
704.4386	380.33188
721.6726	393.24774
701.4142	395.5335
715.3681	381.518
712.6525	402.19156
150.21042	83.021255
175.27487	62.341724
156.63567	87.59364
147.25076	66.396225
166.74963	79.31784
148.08127	94.01335
158.33733	64.431274
160.548	79.741196
140.96664	56.622192
174.25978	75.48079
140.90512	83.11537
156.07597	52.196106
164.06232	88.65773
144.7449	73.301796
163.93855	71.1079
156.9381	100.878365
153.29482	65.56581
177.88481	81.71964
138.64166	74.42756
170.1466	59.003887
154.81311	93.56139
137.95782	64.61859
177.81302	69.85704
137.85637	87.62413
148.86272	55.50423
171.6216	91.61972
131.58499	73.85726
493.608	382.16235
484.12134	396.20392
478.65106	390.3141
499.0999	385.24164
478.98627	404.81317
488.07266	391.8859
492.1106	404.61688
469.3484	385.41754
488.49994	375.88678
473.43988	410.62573
475.76718	384.4344
493.96564	397.09894
466.03833	394.88486
492.36728	371.29437
484.34497	404.52533
469.955	376.34125
504.87305	386.71924
472.19086	401.46765
481.43652	371.03033
498.94736	401.7912
461.3636	393.06638
506.05713	379.93317
491.29965	413.40396
479.01498	376.78406
505.3957	393.8095
474.55768	394.48422
484.74887	383.0124
764.045	396.64246
753.1568	389.19672
770.00757	386.56403
754.5589	398.14374
758.99554	384.37775
769.6483	396.13873
749.87695	393.68158
765.0667	380.66135
759.93646	400.5004
752.28345	381.83173
764.7834	390.1491
148.87	548.73694
156.05606	535.3673
165.07579	549.22577
149.62624	540.3807
165.91844	538.6143
155.23822	546.5086
150.60649	533.7632
161.9588	543.9093
143.88531	542.4708
161.36906	534.1934
155.68822	553.7215
732.74036	53.690044
749.3269	59.79699
732.7266	82.24244
745.47064	50.654392
746.5829	65.540085
733.75806	69.91332
754.3956	53.991333
740.8482	66.63458
739.0199	58.22337
759.7289	73.000084
724.93494	71.45558
740.1072	44.096268
746.7926	82.76976
728.5525	60.904472
761.5086	65.060524
740.742	78.722466
735.85583	48.054405
754.72546	80.686226
721.0162	65.30059
753.65906	44.332363
745.811	72.98149
723.9634	56.530556
754.8081	66.71752
798.92834	399.55734
806.52124	385.2426
814.4807	397.4852
798.4562	386.2391
813.41956	386.6736
804.1832	395.3488
801.3785	380.66922
814.15375	392.4366
794.9866	392.33142
811.3433	380.56537
808.38245	400.88678
