158.29114	210.0216
148.80612	207.36963
157.29605	199.52608
163.0972	222.18738
151.75578	201.23804
164.21298	195.74486
145.63916	213.46487
150.07169	194.65042
164.41751	213.59282
142.20554	201.89853
163.56732	190.1802
156.89908	223.3427
142.00739	195.90767
174.07791	194.78563
148.1047	225.63008
156.67947	187.36856
171.19379	212.8771
134.49065	203.85638
167.53043	202.44699
153.95198	215.97383
147.5084	185.60931
173.0324	205.99124
138.47017	212.31636
635.78577	388.3587
636.8688	394.99924
629.101	386.3323
643.72205	388.99692
634.48566	403.55914
628.5599	376.7957
646.42834	395.84784
629.9447	396.83035
640.6849	379.05457
640.3836	402.725
622.4254	387.6809
650.3141	389.74066
627.87854	403.52115
633.9459	379.92004
647.3507	403.0765
624.2591	394.66714
646.8872	383.6208
790.0189	397.59116
784.1281	383.59946
797.0716	393.9127
783.2596	394.23868
794.90125	384.39532
795.46204	400.81302
781.4455	388.96426
800.09375	388.41718
784.1772	400.41837
790.0331	383.00244
166.34177	493.81284
150.93712	492.21225
159.24173	480.69092
157.39185	500.5193
147.36916	482.09497
159.13177	489.49323
145.46216	499.83682
153.64986	483.90683
163.25548	500.5022
144.499	488.31967
165.59982	486.7499
151.46208	499.9062
745.2291	388.31735
751.07715	393.39658
737.7018	396.21106
754.0831	384.27972
747.24036	398.12222
740.2195	382.41785
756.7788	390.7654
742.6991	401.1852
747.9144	381.03064
754.1412	400.31647
738.261	389.72064
168.31802	57.021576
158.09729	71.29802
145.4866	82.097244
166.5009	73.82807
157.2219	83.859215
153.90878	69.34662
175.2446	81.49121
141.15735	58.605072
161.50769	62.83393
141.4758	88.590576
154.98486	57.013763
162.10074	79.60503
147.53893	61.51988
162.49297	52.289387
158.93985	90.24899
134.5023	61.099968
171.49184	64.452965
135.85342	79.30401
153.05748	50.13841
169.08191	88.36068
136.76431	68.85256
178.09329	71.10351
150.60927	92.05642
146.07143	54.73598
171.03607	75.742386
141.9725	75.33205
747.8538	51.579914
750.11444	72.52205
734.48944	72.516945
752.2653	65.2857
740.99585	80.17459
741.0883	73.69328
750.2863	85.86256
724.5388	59.28771
749.07556	58.019398
739.06445	90.83624
735.465	63.358757
754.06165	81.613525
730.8197	79.6657
741.49817	51.054855
757.2681	87.4543
727.2064	71.785194
763.6682	59.834644
730.3052	88.139145
734.6397	58.062958
763.31683	80.37984
721.2606	71.57047
755.6691	56.03631
747.2249	93.03325
727.42175	53.13517
760.11194	64.33354
721.6197	82.63851
448.1146	75.05449
458.14703	105.32576
443.13095	102.22497
459.4654	86.373215
450.02628	93.05445
441.45508	87.98303
459.52066	92.7086
437.46576	109.52163
451.5849	82.59423
454.20645	120.11656
430.03442	83.633255
477.65985	85.6657
433.96402	117.470604
440.00458	76.62161
470.62686	106.555275
434.37296	98.21126
461.7918	74.64982
452.64633	101.547485
433.73553	79.377
471.94345	91.00954
428.10336	105.00761
445.3644	66.866875
453.42862	110.600975
424.82745	80.49596
464.67227	80.735214
447.49585	115.65611
434.41757	73.20977
474.2911	98.13755
429.70255	93.70485
450.82782	66.15889
702.6214	400.20035
687.41125	387.13037
708.97455	389.83905
693.2865	402.2861
697.4268	387.66998
708.4952	398.06992
690.97076	392.55142
705.87994	383.09164
697.466	398.08875
690.6147	380.54068
702.6879	392.42123
686.1641	397.15634
699.00977	379.21844
475.36377	396.16913
473.24756	389.81644
484.34775	384.95474
470.94254	397.14038
469.3759	371.25308
491.7635	399.20367
459.70392	394.92368
480.53018	379.83246
474.16293	405.48178
465.9624	390.99066
480.67374	391.9825
464.57852	405.04987
470.97443	381.00797
486.00122	402.37082
455.33917	389.4956
488.47852	378.8684
468.5957	409.98178
462.13226	377.54095
490.075	392.91522
457.773	401.54053
478.08023	375.2045
481.5419	407.15326
461.6566	384.79037
492.44864	388.04935
149.62125	328.41388
155.09375	315.5487
166.13617	330.021
142.88129	314.40698
158.84233	309.58075
153.58974	321.14743
150.12648	310.82675
162.95438	316.27557
143.84494	328.04047
157.99828	302.21323
160.38087	324.2859
144.24484	306.5578
168.58813	312.10675
155.39787	333.847
148.88982	302.20734
170.57336	319.6413
139.66779	320.52496
166.60324	304.20135
159.08536	420.78485
144.88239	398.53732
158.58795	410.5961
151.74966	414.88144
151.61723	398.8647
164.72684	416.59576
146.66689	407.6868
163.77599	405.72906
150.86717	420.52045
153.0152	406.3418
170.86018	417.19037
142.00084	421.28558
160.48422	398.74847
161.55357	425.0961
142.18388	413.04434
171.03436	405.37265
148.99265	427.2246
153.0479	546.7349
162.69524	557.8467
148.28574	558.5487
159.8159	550.5474
156.12512	558.10516
143.77792	550.5824
166.38399	551.47296
149.78122	564.37415
159.39842	543.42114
159.7513	565.0292
149.79543	552.4497
578.0902	387.5969
559.54803	396.9169
558.1027	380.92474
570.70306	395.40692
556.54346	389.8027
568.0751	379.02582
564.7948	400.1301
549.2348	388.20197
569.6831	389.0097
555.63837	402.83505
562.3973	387.09717
572.4509	404.44473
548.7171	394.25153
573.9088	381.03986
563.1906	406.56628
549.401	381.01535
577.0894	395.20227
550.86945	400.6273
562.4465	375.9726
374.01712	399.33334
355.2164	392.30695
374.32602	388.32187
362.70804	408.45282
361.3043	374.29498
388.13116	395.56158
361.35907	393.81708
370.02652	383.18295
364.86932	398.18405
356.44403	376.91983
378.86478	391.34924
358.7579	403.3268
365.57684	388.61826
379.61996	403.12985
355.47437	382.72067
383.81964	377.79907
368.9691	407.3075
368.20117	369.77655
382.93292	386.1986
351.76993	401.20316
377.0733	370.33713
375.88797	411.91934
346.85037	385.10928
388.54016	382.06622
351.15363	409.15332
373.77762	378.20615
385.5152	402.7895
346.15118	395.75714
