371.6611	385.52853
366.13107	386.54034
374.55908	375.7064
379.68668	392.23325
360.18558	382.49854
379.67566	380.24628
368.86377	395.48615
367.2392	378.44315
381.0982	385.59695
357.9903	392.00208
373.13785	369.8305
374.5408	395.03986
354.70593	377.65814
387.26944	380.37433
359.8728	398.00836
367.8546	364.42358
386.5187	391.68872
354.52164	385.1953
381.34863	371.6554
373.37567	403.08868
358.0034	371.71146
391.17126	386.89938
351.1095	393.06467
376.62622	361.94363
381.88348	398.88983
349.41724	376.22174
388.1817	370.91986
365.098	402.37985
363.49725	369.12054
173.36441	197.60448
162.32343	192.43271
161.97156	182.58537
156.37532	195.39453
157.04366	182.09264
168.01453	186.21681
149.27841	188.51451
162.5935	173.56752
163.9627	197.20993
147.24828	178.2416
172.3383	181.74329
150.59653	197.319
154.37137	176.19183
175.91083	188.91281
145.82266	201.53622
165.66714	167.00502
168.63339	205.22493
142.19687	184.02968
177.0798	176.14285
154.03195	206.63383
157.00945	168.65411
180.76265	195.3528
141.4675	191.08505
174.25124	169.34438
162.29617	204.22302
147.15894	169.44115
183.42624	184.73668
160.47955	301.05118
161.00092	289.4408
169.73064	306.3155
153.90099	292.03668
166.09348	298.28577
156.12645	309.52814
158.54567	284.4843
174.68721	298.41602
144.92738	294.05957
167.14066	291.918
165.95963	310.70715
148.98491	290.30695
175.5771	291.63504
147.75381	308.2402
159.43863	277.9001
175.55884	311.0198
146.74905	299.3605
172.6127	286.1444
161.19885	315.39395
147.43208	282.16443
178.19858	302.64435
150.86513	304.08286
168.27213	280.46857
629.0084	387.3925
625.16	378.5444
641.1577	376.28326
628.681	394.27817
632.57794	381.20334
639.3296	389.096
621.0892	386.67108
635.16046	375.33026
635.7042	395.10922
621.00146	373.37543
641.84467	383.48572
619.61365	396.02362
630.098	371.02823
643.65076	393.93753
615.92615	381.628
645.796	372.13327
628.17426	400.6987
625.63416	367.50446
648.452	383.32834
614.4501	389.59723
636.3581	367.8444
638.2294	400.56793
615.29626	375.4514
710.5773	378.8196
697.25256	390.4549
703.0963	380.24646
706.96576	388.6407
697.6942	382.89258
717.9735	378.82336
704.21936	393.5411
698.33997	375.67667
713.0671	387.5898
691.8483	394.64948
706.2904	368.28192
715.5181	396.7845
690.3585	379.61508
717.2561	371.91034
700.0639	398.1632
699.9208	367.44183
719.92365	390.9612
688.7777	387.09552
710.88196	370.73615
708.2113	399.20575
692.07294	371.9194
721.08276	383.26898
438.34564	96.8041
451.84775	74.23263
465.2802	91.9832
432.17853	85.65279
467.34967	81.876564
454.19882	84.48836
437.98248	88.57252
444.09296	88.992
428.70093	95.78819
459.73553	58.80728
459.4483	110.05306
439.98334	76.18277
473.97983	83.85942
443.40454	106.62435
445.63583	66.959724
457.78485	95.91613
427.59335	80.34261
458.05145	77.58362
447.80005	98.022865
430.30533	71.27777
461.46118	65.99722
433.61002	100.9336
449.06372	60.661736
462.93842	100.55685
442.18637	70.48475
465.2309	74.69281
451.90128	104.22854
441.91953	60.91084
467.59946	87.6108
422.52432	89.218094
553.0475	371.7899
554.80426	387.3135
541.32837	382.10635
557.7953	379.96933
547.7103	392.10632
551.22	380.62354
564.34973	393.0964
545.8615	385.8608
563.5879	374.94135
553.7243	393.7913
545.94073	373.4838
563.96686	385.34204
540.97144	393.79095
558.80896	368.05072
562.8709	398.25024
535.7407	379.30347
569.30695	380.15454
547.19354	399.3103
551.753	364.8741
570.03485	388.98895
537.1727	389.15546
567.84875	370.5955
555.96844	400.09702
540.02	371.35004
766.50775	382.52847
757.2131	393.38687
761.19696	373.5322
770.9763	390.79443
759.04236	383.61874
773.533	376.86835
763.16693	388.3603
754.67554	374.02405
773.69916	384.649
752.33777	387.24487
767.0488	374.94583
765.2019	394.74008
753.1169	380.30548
167.31313	482.4174
155.86374	492.60352
162.34656	479.67978
169.57608	490.13403
152.4829	488.02002
168.6428	474.15103
161.32254	487.11395
151.14795	474.21216
174.34814	486.50497
146.0256	486.17767
162.32532	468.3336
165.45912	495.74966
151.89537	481.99725
175.06961	479.47723
159.35335	497.1298
157.52779	474.965
807.35004	386.1131
795.19464	387.8221
803.6455	374.03107
802.92706	391.01797
794.5412	375.28748
811.5111	382.1701
797.6697	393.5134
800.3481	379.48553
810.86975	391.6014
792.82245	382.00244
810.0887	376.4134
163.9736	70.44736
152.6174	56.73295
181.09256	62.84649
153.80463	75.74171
154.31595	63.474113
172.11772	82.51366
145.54189	59.819542
172.21019	54.83097
151.42593	84.01222
160.74084	47.289165
171.57294	71.50674
151.3229	68.43409
163.95935	58.198944
160.16376	75.286125
153.15727	48.423065
159.61038	64.45884
141.1388	77.403435
168.25462	49.241486
180.04999	78.5641
138.88458	59.23819
181.52066	50.66055
158.13312	83.858406
158.35977	40.671303
179.34952	69.905846
144.35873	66.29329
170.99191	43.223038
165.29141	80.91068
146.0784	51.611076
178.69379	55.236805
731.0558	75.88638
734.3888	53.767525
738.47473	68.085236
723.5902	63.611603
744.3119	53.06012
730.48236	68.82512
732.16254	59.875793
744.57196	61.914845
715.9414	72.86651
738.26044	48.33358
743.7826	75.26868
718.0008	61.35708
748.83875	58.132404
731.15344	82.2853
731.90234	43.94541
751.16565	67.93599
723.81323	73.686966
747.0662	45.741707
743.4435	86.64721
720.72845	49.170197
754.8887	62.47286
723.97076	81.52877
738.0003	40.12282
748.9047	75.89118
714.3461	55.988056
756.78577	55.61596
738.54816	81.03137
727.86145	50.962456
757.1328	73.87312
150.54117	400.30328
169.1765	384.42365
163.87367	415.16333
147.2255	387.71298
179.4421	396.53894
157.65254	406.61066
160.6499	391.50323
167.45279	400.19345
156.88252	397.56
166.47751	392.06616
163.27925	403.11176
153.52707	390.14877
174.64653	401.94986
151.68604	412.5966
158.36557	384.17236
170.57468	411.47983
145.30142	396.88538
175.12134	390.66074
157.56429	415.292
151.64731	381.33136
177.65067	407.2071
144.02429	404.62402
168.46307	378.96573
465.83804	390.82953
451.62115	369.62823
467.4811	383.6181
454.40405	395.87067
465.11493	378.42194
475.12238	384.3227
458.1853	383.9344
474.85776	375.05148
463.377	398.02408
457.3841	376.25888
480.10248	393.14877
447.30908	388.15753
468.5122	371.68954
471.84576	396.33514
452.30753	378.3281
485.20135	377.3273
460.2331	403.31094
463.58154	368.19647
486.03857	388.21686
459.2282	391.51077
475.04388	367.6641
469.3847	403.2061
456.68906	365.69366
481.90756	382.98352
448.2923	397.62357
469.087	362.13657
477.6093	399.6656
445.06918	381.6488
482.33398	370.92682
164.06033	558.0796
154.36412	539.723
171.60216	548.83167
150.40332	553.5513
164.46217	534.9785
162.7684	550.4874
149.59772	544.60767
165.4684	545.0422
157.64433	556.8459
159.8551	539.2026
170.50388	555.50195
154.68158	549.12354
171.69151	540.8607
