168.59789	301.84354
162.1542	305.3416
164.62767	297.15933
172.98808	306.3365
156.90604	295.2935
175.70085	297.42755
159.37347	314.53534
161.02164	290.39587
178.68005	303.9018
149.50539	304.43542
169.0308	288.9053
171.28815	315.9132
151.37468	290.62076
183.11314	296.886
154.4993	310.56537
163.38069	284.6505
177.03098	310.9495
153.9188	300.07245
176.5667	290.84003
165.47412	313.77185
448.2173	372.5485
452.70062	378.30728
443.8687	382.37338
450.22168	367.57605
450.61548	386.72968
440.13663	375.72137
458.67535	375.25668
443.75885	389.1064
443.66016	366.4706
457.8911	384.36102
438.06696	383.04608
456.461	367.01678
452.3124	396.4456
430.29507	366.769
465.83087	373.32208
435.7304	391.5744
444.94946	358.2262
463.82074	389.61664
432.006	374.38153
465.3728	365.6072
443.2535	395.59915
437.30557	365.0044
465.06012	380.32333
428.89948	384.43716
452.30142	360.3843
456.0904	390.68842
621.4774	375.5061
632.83606	375.9001
627.0722	381.6988
627.98157	372.8036
635.66284	380.84506
617.4784	381.44244
635.7553	369.518
628.96594	388.4487
618.96954	368.91327
641.5926	382.39276
618.6141	387.08685
630.3627	363.58725
635.2665	389.88263
613.1463	375.52655
642.29785	372.98358
623.8772	389.5247
623.6989	365.7
169.40189	486.61295
163.1997	484.07123
168.35515	473.02533
168.64731	494.10992
154.11296	477.20404
172.00098	479.09808
155.68756	490.47745
162.59308	476.56528
175.93748	491.55508
154.91222	484.531
177.09773	474.49677
161.24687	494.2459
159.11229	470.64877
176.94563	484.06763
161.84624	148.47993
171.33405	134.02907
170.50372	152.6516
160.14175	138.07262
170.97745	144.05469
153.5552	150.03395
167.35817	139.70624
177.07408	151.43808
154.02353	143.50201
176.50862	129.29504
166.04901	158.55844
153.46799	133.9508
179.35251	142.33998
159.0271	156.93626
166.51588	128.2623
173.63123	160.9697
148.83936	140.67569
181.17361	136.35143
161.31908	163.60762
160.2893	130.04599
183.08414	150.25636
148.87875	152.79521
373.8272	365.92352
375.72626	385.5899
361.02872	370.05887
378.17883	373.93796
366.73697	385.69266
372.29782	376.294
381.02133	383.35263
364.34674	377.41693
382.28876	366.7945
368.1081	392.02695
362.86508	364.8246
388.58044	384.47418
361.23724	385.3714
376.46072	359.2649
380.05807	392.59958
355.67154	372.10083
388.79208	370.52457
366.68677	396.6909
365.06104	356.142
393.04135	379.75677
352.93393	385.76538
385.85193	362.78955
375.19998	396.4876
356.0506	364.1469
385.54712	376.33444
356.599	395.15347
368.46353	364.03525
385.5426	389.65887
354.6158	380.0536
681.20496	373.69
672.359	381.8565
671.5522	374.87054
678.5288	381.55423
666.0786	384.27307
675.6837	369.2282
681.75854	388.31354
661.23376	374.86182
686.8067	374.8406
668.08185	390.66583
670.2791	365.18658
686.19354	382.2576
662.57416	379.88342
681.3749	365.91678
674.4144	389.3604
664.9462	369.01447
515.6835	379.91986
508.35654	382.3499
516.41833	372.8536
519.3219	384.62625
508.82684	373.98004
526.8049	369.65253
510.448	390.53192
509.8579	366.2599
525.779	379.46393
499.43585	383.14142
518.2588	366.2951
519.73346	394.92245
499.8648	372.61176
531.11096	374.339
503.466	391.77097
515.0771	361.01575
526.9633	390.00845
503.09796	378.3617
524.5687	363.49863
517.03357	390.2588
504.38214	364.42902
530.7809	381.20026
162.15091	430.67285
168.7931	422.6469
169.0133	432.70102
156.08112	426.96918
178.51134	425.52017
164.58199	443.20142
161.62123	422.55023
176.47403	438.3497
151.97458	431.7475
174.34999	419.739
167.45444	438.5621
156.90454	418.97134
173.67735	430.25592
157.83879	438.41788
165.39621	416.4715
721.942	384.6115
714.3855	376.64807
728.91425	371.2145
714.8417	383.38678
711.78625	368.40558
728.629	379.15854
707.64856	382.84586
722.2914	366.1325
718.2267	389.62
706.4491	369.75595
722.05994	374.53918
710.4234	390.00314
717.07745	367.46344
727.5287	385.36542
704.6173	376.83667
735.3296	39.911602
735.29395	47.663986
718.2218	50.410164
743.59143	51.223236
714.79205	55.216362
728.3677	47.109932
733.5392	70.06099
725.08685	53.67492
743.8207	39.01255
730.0146	64.367134
725.98645	40.32397
743.84973	57.310535
733.05707	55.96488
743.8364	32.03257
737.87115	61.772316
717.1517	39.444366
744.4506	45.899986
724.098	59.59372
729.51575	30.114267
745.0535	65.7393
712.1013	44.490986
750.7242	45.808205
726.55426	71.31089
724.45496	33.559704
750.72894	57.089466
714.05927	63.76535
735.54095	31.090359
736.3682	130.47879
724.83636	117.86043
741.804	116.75759
726.3406	130.67078
731.90564	114.97878
741.5736	125.18646
721.89685	123.55736
737.415	111.41687
731.56647	126.07334
726.3001	110.37551
735.39624	120.57871
164.06659	49.05894
169.98271	46.92913
180.49117	65.75008
152.29672	52.732796
184.9817	48.43209
161.46931	62.394733
172.11157	36.82633
185.09126	59.554756
158.92789	57.288452
179.35513	34.51024
170.97284	76.787506
159.60379	43.61711
171.98566	54.184917
152.1594	64.326935
162.59984	33.46625
173.18416	60.974205
144.53374	51.397717
175.15872	43.41663
163.77945	68.2155
148.5564	38.800026
179.5964	54.645405
147.08725	61.428516
170.74188	32.70042
170.37564	66.56783
148.01743	45.307858
182.0699	40.794823
158.6219	72.22113
155.60213	35.955406
760.57495	380.87894
743.7361	382.33575
755.16907	373.95807
753.3416	383.85538
744.3507	371.26398
763.10376	375.4692
748.9389	387.49716
751.21893	367.9778
759.6776	386.68777
747.2801	376.64804
760.0252	368.75705
162.56314	375.41678
159.34932	358.55798
177.31978	373.67075
157.01712	372.63843
168.41814	364.05
169.97903	373.65222
161.45976	366.64963
173.97025	365.6345
161.44351	383.54108
165.70628	356.4926
176.03534	379.74896
151.38298	368.8377
173.86014	357.1922
168.30649	381.95932
154.06853	360.3775
180.25294	367.23187
154.65753	379.33774
781.7456	373.32352
790.8044	384.40057
773.7094	376.18198
791.81683	374.00595
778.3006	387.14713
776.8804	368.9428
787.93396	378.31607
775.8046	381.4255
786.431	368.62027
784.4055	385.112
156.41403	220.67752
183.67343	223.66399
158.00862	235.30501
162.59625	217.86885
176.07137	233.57613
151.16528	225.85063
177.26556	214.32784
172.07787	227.98149
153.89928	211.57378
166.08432	225.18697
152.25967	233.1329
166.56989	212.83154
174.4484	240.42305
148.64432	219.68002
176.96957	222.22302
161.61781	241.82747
161.70108	209.23662
180.52121	230.71338
161.65941	228.86499
171.02586	210.93994
166.68723	235.83379
156.93251	562.6564
175.37927	567.859
156.40753	573.7936
167.6434	564.81494
170.35184	577.9825
159.87761	568.42
172.21378	560.19885
162.79565	576.13654
163.4758	559.84753
170.77379	572.34033
438.1839	96.66365
447.72812	65.29915
458.82666	88.78166
441.3746	80.86041
463.5909	97.249374
446.79135	106.68324
451.14673	53.15113
457.3065	81.2791
441.54156	62.82876
455.4411	71.779526
451.08585	83.68717
443.66022	52.847584
447.70612	73.222275
429.39267	92.99622
457.39316	62.409252
458.08432	102.90021
424.6879	78.19475
467.00934	72.01494
442.19376	85.69977
437.02216	70.244446
468.35342	90.79269
437.37207	74.30464
473.87485	65.61351
452.4322	94.72463
430.0001	63.31017
472.37216	74.19974
433.3059	86.61922
457.136	54.851097
464.67416	77.407814
425.6845	87.46493
575.8825	375.3552
575.5742	381.62057
568.0324	362.49713
583.4083	383.63177
560.2819	382.8334
580.04205	369.86896
576.2532	388.34262
567.9922	373.46198
591.60333	371.89676
566.5058	391.6391
572.495	366.88828
590.14014	384.22177
569.683	382.43613
586.1641	365.37906
573.50085	393.68927
562.4562	368.19455
587.1107	375.88867
565.841	385.87115
577.8903	361.919
584.8978	390.69122
560.49347	375.2503
174.19995	523.8756
163.81592	535.5702
160.92366	522.45197
170.31618	532.9601
159.7579	530.0943
167.67099	525.16626
168.53812	540.07623
154.94064	526.77844
175.754	531.22906
157.26836	536.7952
166.67824	518.6936
