165.25528	290.90192
159.01663	286.05377
165.80223	280.86047
173.71983	298.03696
157.0269	279.93268
172.28024	282.0539
159.90227	299.45456
155.95377	273.66504
174.02968	289.29202
157.35971	292.85538
171.7253	274.08807
168.42047	300.70413
149.64209	283.06512
179.13766	283.65485
152.03046	299.01135
164.28175	274.49557
179.25127	294.7059
150.90665	289.93777
615.1645	378.81595
611.3117	383.11798
607.4679	374.07867
624.0175	382.52307
603.7777	380.66028
616.4712	372.2888
617.75586	387.81403
597.4982	376.57855
622.90173	370.78586
607.9167	393.32855
607.31024	366.14465
624.0433	389.24704
600.2416	386.08856
615.6325	365.40677
614.15295	392.1619
601.0484	370.5058
624.7833	376.6928
602.93396	390.50592
370.81018	377.25507
377.0962	386.8752
363.2441	381.94083
375.60385	373.4626
370.44894	383.5019
360.3814	373.09314
381.00067	381.19843
356.11346	385.77094
368.9881	367.7191
369.56122	392.039
352.874	378.25104
388.08856	375.27475
359.83188	390.24628
365.54855	361.4068
384.539	391.50967
349.86462	386.38452
375.65137	365.24713
368.96777	397.68976
356.0015	369.66937
386.888	382.90143
354.98553	393.86832
374.75424	358.14743
377.8726	398.54953
350.00983	368.82703
382.16608	369.5772
363.12177	396.71674
358.83148	365.28815
170.62584	524.5005
156.6488	526.3338
165.45114	518.7595
164.71817	528.22955
158.29082	517.3816
174.54263	519.17365
160.16354	532.2416
161.61827	511.81137
171.17532	530.8055
153.03487	520.74817
169.57213	513.3073
168.67178	427.24234
154.78973	411.1617
164.61702	420.69107
160.21878	426.01337
167.28375	413.5175
173.64606	429.19623
151.94	418.76007
174.07741	417.57803
157.80766	434.41617
161.25314	411.45245
175.47862	422.2811
154.97871	423.85052
171.77187	410.13257
164.44954	434.11832
732.06775	44.39443
737.63074	35.434288
723.10754	46.90798
730.9979	33.47338
738.38904	57.101357
720.3788	35.732765
746.1062	37.79663
735.08527	49.068428
727.91077	38.545654
744.97815	50.87947
724.3158	58.73936
741.32306	31.989523
739.7939	63.67345
715.9412	46.24713
751.3537	42.439182
730.22546	56.56327
731.19794	27.605007
745.7089	55.99119
715.6769	53.47251
745.2741	29.65781
732.87854	63.815174
723.3404	29.368664
744.55115	44.82383
769.3608	384.98996
779.6159	376.95642
785.2474	388.25043
770.4523	372.47418
788.9492	376.7818
776.16046	384.84384
777.06085	370.86865
785.63556	381.80887
771.28564	378.43295
784.5458	370.21445
778.49005	390.44324
156.31117	213.18387
164.7903	208.64514
159.58194	220.42746
160.05844	205.6937
172.78828	218.94853
164.63364	215.51944
176.29182	204.79233
167.85306	223.16988
154.38931	204.15074
179.84927	216.46313
153.4737	224.54558
168.02191	199.72531
167.78053	229.95927
149.00925	210.35522
176.66112	211.01794
158.66537	229.97037
161.23006	199.1137
177.97934	225.62344
149.88002	216.9633
442.2499	74.09616
455.60367	87.45645
442.4085	91.174095
464.12274	77.62619
417.55243	89.87548
453.76782	57.0319
460.40436	93.588425
451.50568	60.878876
457.34528	63.541046
427.43213	87.58363
445.97177	67.41235
453.06754	80.61879
420.52017	78.571625
464.83194	64.16785
449.6188	95.85902
434.2964	80.05415
475.8692	78.00966
453.75815	104.70486
435.79413	61.03782
472.73242	98.64626
441.9876	101.43299
457.49625	75.93441
432.71866	97.36342
432.09335	66.57693
467.2702	88.15837
437.34796	84.0658
444.77716	54.249672
464.48706	103.2438
428.97714	72.99898
469.81915	69.9227
705.20654	389.11972
704.6908	375.08945
711.1617	382.19507
701.85266	381.42816
711.3942	374.95007
711.28674	391.415
700.845	369.73502
718.3773	379.67725
697.77356	387.36115
708.9959	368.37286
717.798	386.2247
696.04254	377.9081
717.4819	372.18622
163.20871	139.7446
161.91917	119.62093
171.49998	137.97287
154.28586	145.79562
161.22084	133.4539
171.5246	144.03523
151.49493	133.47203
176.05898	132.27042
161.74649	151.94536
161.37039	126.49884
178.79935	143.53612
155.15636	138.32672
169.88966	129.17514
167.95406	150.81903
152.60873	127.35128
181.14491	135.13557
155.00705	153.47711
169.06682	121.945656
174.23068	152.21649
148.09431	140.46062
452.81567	374.84253
433.15143	392.14267
433.27182	367.47366
447.4931	379.98447
422.43158	382.37488
445.8164	369.79895
440.23322	388.998
432.83002	375.5429
441.60016	378.78952
429.76596	383.7949
439.5959	370.10382
449.03262	387.49066
436.69873	382.3023
451.25577	368.88184
439.22232	395.45248
427.72003	367.2896
453.43427	383.53607
426.2412	391.02875
442.78784	363.43686
448.41388	394.1179
424.8133	375.62057
179.77145	354.14536
154.36649	371.37677
162.38956	352.2007
175.244	359.9455
156.62561	361.58643
167.88002	344.59082
164.85507	368.1815
157.54036	355.23407
169.80441	355.93976
165.88074	360.79102
160.79956	344.70514
171.31409	371.46527
150.11137	353.40717
170.58894	349.1092
163.80807	373.64636
154.19043	346.77005
178.83833	366.14865
150.49509	364.66333
737.8655	112.10301
733.7018	118.91524
727.8426	116.55345
741.44147	118.57805
730.03845	125.82931
730.0251	108.54852
741.6006	128.61246
721.1112	118.80855
744.5182	110.882545
734.20593	130.12476
722.90686	110.1572
745.1582	123.46249
723.9162	126.096664
736.7942	105.790085
669.0426	393.0374
658.35205	375.1966
677.4573	374.71698
657.8571	388.06717
660.7403	366.16614
675.1498	381.24554
656.60486	381.8725
669.8455	366.82568
664.1489	384.5479
653.82367	370.4149
668.5881	380.81076
650.2006	386.33075
664.65735	374.05923
675.681	388.1701
650.0016	377.38632
670.31354	372.8542
661.4259	393.6839
737.2887	371.45227
751.4374	381.18176
735.7306	386.56958
746.4572	375.17
746.44904	386.1999
735.84503	377.49915
755.83984	377.34235
742.8582	390.59174
743.12463	369.52722
753.7788	388.33713
739.3547	381.98993
751.9497	370.4109
166.31557	482.67984
155.54002	466.74072
175.81949	476.94476
154.29825	481.71313
163.45006	470.4577
171.64235	484.24176
153.34038	473.1189
175.01578	469.30585
160.5287	486.16666
161.62593	462.1923
167.77351	475.57104
158.87856	477.57806
169.46967	465.32697
167.86847	54.1332
157.97615	43.956757
175.74272	46.721016
149.70663	68.18645
160.37119	37.106606
177.66113	60.131897
152.37596	53.504932
168.98543	43.518467
163.51723	68.94844
153.59465	32.713943
170.87267	51.10512
146.22522	50.119797
171.18613	38.325
173.40088	67.25403
142.61954	44.249733
179.53879	37.373207
157.86942	60.192757
163.22314	30.649994
183.83446	55.812042
161.9827	51.027878
171.62497	30.13056
169.10593	60.72276
149.67557	42.1
181.81529	48.192593
145.72275	56.551636
562.19617	370.6422
563.3221	387.39746
553.0692	377.91876
572.02313	376.9547
556.0638	385.30923
555.1898	371.19318
561.9867	379.71338
548.5632	381.96133
564.2208	365.27115
559.6156	391.7228
542.56305	376.5175
570.4971	381.88666
548.25415	390.58405
551.23596	364.34515
569.86316	388.3015
542.3761	383.15375
566.7833	372.3716
555.173	396.28735
547.9858	370.46353
514.8364	382.06528
489.7194	382.8934
501.56793	372.53363
502.75165	393.08685
485.92685	373.79578
516.2951	375.95087
496.3073	387.0329
495.94952	373.8713
509.90918	385.28372
484.61826	381.12036
502.17938	366.09875
503.02264	383.49567
491.07538	367.7564
506.00385	377.00006
488.38437	390.4447
496.47614	365.76642
509.42804	391.92853
494.28802	379.11108
509.4322	367.2348
496.60245	395.95978
156.73059	557.7299
174.23483	566.5878
154.42007	571.21423
168.55748	556.9372
166.1118	574.49133
154.39377	563.758
172.68692	560.7352
160.57803	573.2458
163.19937	555.18976
171.80585	571.93567
162.41125	565.966
