704.4826	369.2919
701.33246	375.27234
705.65533	362.97064
708.93005	377.40613
697.38983	368.34827
713.12744	366.5692
702.39813	383.54694
696.65894	361.48337
716.3573	374.71515
694.2607	378.22507
711.26746	358.625
709.0397	385.1327
691.22107	365.55682
718.1584	368.6538
696.2035	384.1048
702.8356	357.72498
714.36285	380.87964
690.6196	372.57852
173.48831	407.73355
167.86795	412.25397
165.91273	404.45837
178.58678	412.02188
162.54373	411.3609
172.18845	400.27048
173.3075	416.59503
155.3616	406.41397
183.81657	404.15106
166.72067	424.08722
164.57669	396.76056
181.17734	420.68146
156.55136	414.17538
179.12173	399.02734
172.87149	422.74408
157.90634	400.52118
185.39622	411.3532
161.6731	420.78775
171.42831	394.2997
788.25745	379.2096
775.7528	371.7994
781.5742	369.97748
778.57825	377.4795
772.3476	362.89557
788.24133	373.09662
769.1615	375.4678
785.2621	362.3448
782.2212	382.4323
769.30817	368.72153
790.1081	366.92587
773.61414	382.48782
778.8153	361.3297
174.16946	212.9449
166.0505	205.59256
174.36928	205.9063
166.57213	215.37837
162.13391	198.12668
183.95975	210.96269
163.17973	210.98991
170.69263	198.2471
178.47702	226.44772
155.65039	203.02498
178.9179	204.32446
161.95572	219.73897
164.42114	192.87344
189.98216	213.06303
155.48846	212.00577
179.44046	193.8072
172.02394	221.44067
156.57343	195.78891
186.08505	205.24126
157.37242	224.87625
173.39563	191.18088
181.96725	218.56783
150.22304	209.14641
184.30194	198.20201
166.74022	225.34395
371.3773	368.40497
376.0417	373.44806
369.36804	377.2599
376.97528	366.15002
380.76874	377.38776
364.0367	367.55737
386.47742	371.67194
369.53888	383.97333
372.31656	360.93942
386.32535	378.35696
363.42633	374.73483
382.5972	362.0826
378.20844	384.6936
364.94885	361.77325
388.64044	363.15366
360.3917	382.87445
368.1183	352.6164
386.53076	386.79233
357.39215	369.85593
384.8111	354.29898
371.22858	391.32947
360.35492	356.34253
393.21796	375.73764
356.33975	376.65674
377.38687	354.99283
378.77655	390.94934
355.7554	363.03693
394.21265	365.69394
362.36145	389.00153
167.36874	117.18217
176.50235	133.0876
165.3198	131.51033
171.81941	124.642334
163.51183	136.56409
164.58359	125.08279
185.607	130.863
153.7642	139.87648
179.68163	117.35008
174.82944	141.03903
155.27487	124.193565
178.71408	124.9659
165.77069	141.36937
160.64322	114.232605
188.63943	137.55766
157.2723	134.46964
175.49008	112.35866
174.89578	147.51611
157.57068	118.375015
189.60149	126.167564
157.57124	145.15935
167.08394	112.3275
183.77371	141.55045
152.3864	130.07169
185.36629	119.9965
167.04454	147.28372
438.78546	55.23407
459.61688	77.455185
434.76553	79.61483
456.33197	49.12167
455.49332	80.42751
448.27948	75.64937
475.53012	69.930984
443.47272	78.23831
451.5997	67.52332
458.2661	87.39412
427.18442	82.40644
457.43842	65.72985
441.14728	82.8308
423.92105	56.68691
462.48013	62.52895
431.64063	87.2792
441.1687	64.425766
464.26312	88.990875
434.44815	61.14345
467.23477	61.93569
443.99673	96.73886
446.55185	49.897793
466.9519	82.41002
441.3942	69.009796
462.5362	56.49539
450.93643	91.876114
426.3636	70.35863
464.6977	77.4123
438.66437	91.866295
451.7775	59.370888
174.82631	522.4678
162.4962	516.69745
175.48117	506.8397
170.42252	528.95276
163.29448	508.47736
178.02644	514.97455
161.22163	528.60345
170.81035	514.1115
176.63528	529.57666
157.62791	512.1828
182.5463	510.98053
167.02417	523.60925
168.79822	505.72772
182.01624	521.7588
160.6945	522.1711
508.29095	360.40707
506.7202	377.4301
494.348	367.74762
508.21347	368.42383
502.39923	373.51376
501.17197	366.50983
508.90372	385.01205
487.73737	369.6048
514.422	366.40265
498.69345	380.93256
495.87338	358.17474
513.3684	374.7199
492.7021	377.55475
506.1032	353.16583
506.6788	389.86215
487.8083	363.75128
520.0926	368.3492
493.507	386.10156
501.2207	356.38324
516.9693	383.52914
485.49536	374.8188
514.60925	358.30344
499.51398	388.07764
489.61362	357.6922
519.64307	376.07214
486.92758	381.71518
559.7254	367.77032
560.9857	387.9889
554.14294	370.80588
572.4126	368.5946
554.4464	377.39447
554.1046	362.96143
567.91125	375.9588
545.59845	375.09665
564.3658	362.30426
561.66296	380.03897
540.64	368.11255
565.0996	370.7398
549.0796	386.86905
555.6995	356.1247
567.3033	383.4857
546.3019	369.27228
571.5145	361.84497
554.7536	384.20023
546.9359	360.06177
574.7441	375.53012
546.58075	380.26566
562.0069	355.8254
170.90488	56.201233
158.5181	44.430767
181.29698	35.026936
161.04433	50.37214
166.23221	42.426964
177.4758	55.674614
168.95894	48.19242
174.09627	43.684807
165.8122	56.57251
164.28345	35.725895
181.80418	43.019814
157.46727	56.402275
172.96902	33.650856
187.13327	52.083294
158.30972	34.52378
180.519	29.367685
170.61206	65.06389
157.45952	28.107565
179.87442	49.12841
151.1286	52.5972
174.88231	25.102837
176.62346	62.311993
150.15758	35.550903
189.79805	44.82604
159.94829	63.045033
166.12973	27.024601
185.11578	60.796356
152.23619	43.919563
189.96558	32.723373
743.29987	377.04816
740.6426	364.64542
748.45105	372.27826
734.42896	375.53247
747.4398	363.7888
752.3079	380.00006
739.8283	370.7251
753.9324	366.62054
741.45844	383.9006
742.63074	358.1073
757.7547	377.10098
731.17224	370.26578
751.9247	359.4604
748.08606	384.9123
733.76154	362.72235
757.63904	371.08936
735.1613	381.39258
729.6254	36.131557
739.0558	54.595318
718.91565	39.81182
735.48083	39.34896
726.61334	46.31783
724.3651	36.12069
734.18787	46.537983
716.81476	56.969536
733.6992	30.23442
731.6017	53.028027
706.7895	36.161945
747.29877	39.765358
723.5314	55.31308
724.069	29.564554
740.3108	60.91381
708.04675	47.913788
741.3326	30.273067
728.995	58.88221
714.0996	35.728188
746.2584	47.529823
711.2979	58.93786
731.2636	24.799814
732.8405	62.408577
713.33624	42.311646
740.98096	37.488266
722.78894	62.374737
716.6637	26.549366
745.3683	54.4211
718.6524	48.85007
172.53629	452.34726
173.24518	471.29385
165.66248	464.0909
174.02074	464.94434
161.01306	477.0752
165.98813	455.75546
183.44191	475.04492
162.83888	469.7436
182.07797	457.28265
170.96951	479.4603
160.83765	453.77887
182.58965	468.23755
156.24425	470.4922
171.25453	460.0249
176.22952	476.7751
157.56119	461.91177
181.33064	462.65048
166.51724	479.87973
167.23077	330.30078
179.45166	351.00055
167.54047	350.69498
177.7352	334.56375
174.05116	354.0544
163.17012	341.87564
177.52463	344.4068
159.24425	357.54037
172.31522	341.79898
179.31223	361.01013
158.74234	347.68216
183.8292	337.7428
169.08047	358.38617
159.95381	336.28638
184.95786	354.7571
155.24265	351.63397
168.99997	335.52612
173.44077	363.35324
154.70293	342.27942
184.51987	345.74152
163.33011	362.52673
729.1723	108.47263
740.2258	128.90721
719.4071	121.59519
738.4205	108.708885
724.9414	124.13198
718.6299	105.93141
732.0548	121.31566
715.07623	129.02605
732.78253	115.12254
733.50574	133.19334
721.1705	115.45839
741.11176	114.72455
723.7445	133.6059
723.9318	108.58024
741.9251	121.229675
713.60095	123.29535
732.92175	104.621605
729.61523	128.10973
715.09503	113.17008
167.81563	276.80624
163.18784	285.60376
173.04654	272.0817
175.3637	285.82858
161.33554	277.77878
177.86255	279.89688
168.95456	285.99158
162.33005	266.47284
186.11119	288.49878
158.98904	290.94086
175.07004	265.2165
174.2792	294.8656
154.2797	279.3747
186.42262	276.31134
162.75676	296.67615
168.5234	268.42722
180.77122	293.34482
153.40921	285.53204
180.75594	270.62988
168.5183	295.86447
156.48119	270.46823
183.58948	281.49112
431.2397	375.87558
440.36182	365.15475
446.54288	375.51935
440.12653	371.93536
446.85016	366.6471
437.79364	377.19177
431.29727	363.08765
452.02237	380.7298
422.91803	374.70142
450.18887	355.72513
446.03534	384.3586
423.65594	361.772
451.88174	370.54095
429.73468	385.3181
438.88974	359.72595
454.80292	385.261
429.95306	369.26337
452.79916	361.3097
437.81528	385.51605
430.10587	356.49326
457.93463	375.40634
424.9431	381.3066
444.07773	354.75842
444.1276	390.5701
421.53134	368.62933
457.72784	365.41583
433.542	391.44733
436.62372	354.43674
179.09949	562.47205
160.81203	561.223
172.72598	548.25336
170.23009	564.079
161.66113	550.0983
175.81477	557.036
163.7554	567.1169
168.20555	551.567
174.77882	567.3201
163.88249	556.65173
180.33215	551.9727
656.30615	380.1668
653.95386	357.53925
663.7977	370.93533
644.7856	375.03433
662.9633	364.29785
663.5568	377.40848
650.1884	365.45758
670.71747	370.16003
650.9473	386.0598
656.9477	366.37616
670.94495	381.27722
654.82465	373.40912
668.3592	359.0583
658.74054	387.3125
647.4185	360.6579
673.8393	375.14786
647.62646	380.05716
660.69916	357.4792
665.0361	384.91193
645.3778	369.1843
672.701	364.6581
606.88855	381.75507
607.0159	361.87015
613.9584	373.84396
593.1358	374.60907
614.07434	361.2248
614.7746	379.35562
598.2474	363.02448
618.09015	368.16718
604.26294	375.47452
609.4584	369.41522
621.5516	380.36127
599.7898	370.02258
620.5548	361.0297
608.89954	388.3807
601.30756	357.54846
623.3324	375.13293
597.3205	379.60608
610.6415	354.4621
616.611	385.04654
592.792	366.87836
623.60736	368.4754
600.0923	384.2657
