171.1278	526.39935
165.63158	530.491
167.16794	519.24786
173.9506	532.8903
159.36154	525.48083
177.83038	522.83954
163.87212	537.9081
160.99709	519.296
179.53224	530.3587
158.55159	531.72595
173.24689	517.74994
171.00679	538.0582
725.41565	117.25826
735.8709	115.68449
722.3311	123.20034
731.2983	112.7208
734.4399	124.37195
715.76746	119.36875
738.56165	107.96085
728.42236	126.46114
720.0331	108.701256
739.98145	121.171616
718.64496	128.55061
730.9069	103.321495
732.9698	132.1726
715.45184	113.85759
744.1681	114.4496
724.09326	132.09634
726.19836	108.37496
741.0675	127.15672
363.84906	375.36465
376.32755	368.8712
376.9286	378.56323
368.11786	370.14124
380.24078	374.0197
371.18674	381.08875
371.7563	364.23615
382.09808	384.8253
358.43088	365.18466
382.77304	366.77942
367.94638	388.64304
363.6541	359.9483
387.64456	371.0457
361.5419	382.02332
380.90955	356.66687
375.14365	386.58524
353.24875	371.87015
393.34842	368.59097
363.97064	392.09567
367.91928	353.35074
388.3166	384.29132
356.65524	377.51657
387.95435	361.17606
375.08966	392.56396
355.72955	360.36533
390.3969	376.83862
354.3569	383.4468
374.34357	358.0037
384.1887	389.8065
771.29846	371.5403
780.30786	372.3608
775.31287	382.0614
774.4634	365.0636
785.1661	382.24533
768.8894	376.46463
786.9834	367.70187
779.9579	380.16766
767.5701	366.725
787.8429	375.11743
769.636	382.69537
780.6842	363.87677
716.05054	375.86884
706.1138	375.0197
717.5802	364.5295
713.23285	381.74652
704.5806	364.2639
719.88983	371.8859
702.77625	382.14905
712.1287	360.86252
718.45844	385.76154
700.6259	368.7879
724.15796	368.3779
708.34296	384.99533
710.33044	368.74878
723.1073	379.07733
699.88513	375.64545
171.9241	557.7726
169.76964	571.1786
160.62738	556.91174
175.1437	565.6604
159.526	568.4123
167.01608	554.72766
176.27617	571.4093
162.88062	563.19226
177.59177	559.3041
164.37563	571.67346
560.34406	367.55295
571.0287	374.83945
562.28796	374.61755
571.6332	364.3419
567.05	386.2042
555.28564	371.62347
568.34784	368.78638
558.1258	385.79565
562.82587	362.91995
577.15204	378.40915
553.5279	379.54242
577.005	362.9168
565.6471	379.58478
553.5164	362.85452
581.07947	374.30957
551.05896	386.44327
568.4569	356.89084
571.4773	390.06372
548.11237	369.06326
580.7899	368.97385
561.853	390.8546
559.454	356.48883
578.04266	384.92145
548.0658	376.23642
176.78282	284.12537
174.37726	307.38177
169.42296	299.42902
172.551	293.9301
163.14714	301.7447
164.3953	291.51883
180.13417	311.98584
155.06172	291.30313
177.73154	290.64975
162.7989	307.91876
158.9815	287.08777
178.81975	300.96097
154.85452	307.5228
168.93771	285.04434
172.70514	314.9604
151.33621	296.36542
184.09464	295.36594
158.02007	312.99985
163.54228	279.55386
184.63475	304.41718
155.13388	300.75424
184.86702	289.06796
165.03593	313.6413
157.499	481.27002
176.36015	484.49414
162.24368	496.80463
168.34271	482.75824
177.58192	495.5336
162.14235	484.79678
178.9783	479.6789
167.47685	490.28018
164.56363	475.57828
174.74281	490.3125
158.3765	490.19467
171.9871	476.70523
170.05692	498.23062
445.57	68.81479
471.96637	76.74711
440.15323	79.37163
450.02887	62.769478
447.23535	76.15902
437.9603	96.991905
455.2482	67.54664
444.361	88.000336
435.7647	74.892044
470.83554	84.345795
434.2692	83.57336
458.19034	50.766727
452.17505	86.79913
429.97266	63.305798
459.77637	72.51632
446.03754	95.8187
442.92148	57.46104
463.40933	81.7667
429.07965	70.745995
462.35416	57.627544
463.8642	94.42092
436.83115	52.95631
466.75064	70.72218
427.7343	87.72525
450.87842	52.16151
457.68808	85.35392
425.37787	77.492874
466.01337	64.17609
456.48282	93.826324
438.31137	64.930916
180.06012	51.826374
164.29497	42.391045
169.09164	43.105335
175.53746	60.270172
156.05624	41.263786
177.51128	42.977657
164.06776	58.60265
164.53484	31.693933
172.45992	54.144367
154.95984	49.661095
185.4057	43.154625
165.43776	49.875668
157.12045	28.916698
185.13023	47.929585
157.92003	55.37964
171.55426	30.280334
180.7572	59.9451
148.81253	40.52779
177.51675	33.637203
163.56529	66.27723
164.78802	26.427921
186.32272	55.654877
150.68497	55.296318
179.49179	27.338573
170.9113	66.16978
152.76465	32.977898
188.1315	36.78886
155.98656	62.001564
745.4207	367.47324
756.3158	380.1482
735.3217	374.38287
756.2556	366.10394
745.5234	384.38397
739.42957	363.1833
755.93036	374.50052
736.89343	381.44797
749.55914	363.33713
751.3314	383.9937
739.32635	370.17633
751.13495	371.46265
743.6226	377.92877
732.37427	40.926373
730.8377	46.16455
723.6745	48.5925
745.0887	34.500286
731.58215	55.092884
719.7711	38.22195
744.34344	45.427235
716.319	50.76432
733.6437	34.747345
741.1981	52.172935
718.26385	44.078842
750.25885	43.97703
724.2047	57.784138
724.1768	33.820396
747.80975	56.04374
710.8424	51.785786
733.0307	26.468021
735.063	63.85666
712.4282	34.92187
743.08875	40.241066
717.0375	59.4039
725.6657	25.716864
737.13794	57.338722
710.7568	40.635246
738.97644	29.592798
727.4052	62.71164
716.9024	27.867456
633.7614	375.36014
626.13855	373.81946
626.3026	363.7719
626.6779	390.5903
606.31604	369.71173
630.1791	368.30698
616.28284	382.9525
620.92737	367.83035
628.7734	382.04163
610.8742	375.14017
628.6319	357.69885
621.8741	379.80728
612.255	365.23505
638.4005	369.4261
612.4058	387.8814
620.53625	358.69464
634.329	386.23563
615.58356	371.75702
634.87463	363.55832
620.70996	388.20392
612.49426	358.5008
637.52545	379.57257
608.97784	380.7832
504.4693	370.75214
510.1004	383.96384
493.24918	370.72244
516.2587	369.89578
494.32697	388.2811
501.62427	364.2376
514.50287	377.83902
498.7657	376.15634
510.517	364.51712
500.68335	384.21997
494.73306	364.46057
507.57257	375.68982
493.3859	380.89685
504.21695	357.95276
516.6945	387.951
486.75433	374.30295
518.04266	363.57288
501.30508	390.58957
496.85492	356.74988
520.9059	379.27692
487.67343	379.7259
511.56558	357.95184
508.12152	389.1848
487.14203	365.4463
521.699	371.91644
433.9358	380.79733
440.6618	369.32108
450.9402	383.70905
438.07208	375.91885
456.32626	364.3699
437.4152	386.7979
436.0101	365.6728
445.3391	375.9797
425.1032	381.19403
444.62653	361.39264
443.5512	383.1035
429.623	367.55554
448.53403	371.2394
433.3957	391.05276
435.68262	357.2945
455.49414	379.32318
422.18277	372.7354
451.29315	357.80347
443.01825	391.36118
427.51	360.64536
458.47852	375.31497
428.3163	385.56512
442.44824	354.6413
454.25595	388.23074
424.60712	368.1978
455.69595	370.10297
172.82915	223.71603
165.9782	206.84729
179.03168	215.7284
162.17319	226.22505
178.46127	199.02945
173.03134	229.95879
150.78325	212.564
173.39651	215.16931
155.71817	234.08057
168.60043	215.37093
181.56587	225.46028
154.7929	218.12483
181.0377	208.13937
167.27042	230.02129
158.96068	208.51924
186.264	220.87175
149.7824	226.76529
170.59164	205.01553
175.37244	237.17917
160.7974	214.32661
187.19685	211.76909
164.62978	237.12814
160.60275	201.30865
181.4357	231.66727
155.74832	224.19125
173.93712	428.68472
169.12729	445.33682
161.0729	433.81158
176.46909	437.64877
159.69011	448.05508
169.32571	434.93585
175.43883	444.66446
164.4572	441.2426
180.48941	431.45273
165.47946	451.274
162.77858	426.75327
182.32266	440.05118
156.04602	442.49936
169.52576	425.1813
174.70879	451.85727
155.60542	435.34082
180.68698	129.80524
167.93542	146.31592
164.42706	128.01021
176.97514	142.41171
159.1084	138.46645
173.93085	131.73274
171.31824	140.58731
155.51535	122.91304
167.42758	132.0507
154.18774	142.25745
168.94952	119.44734
176.99469	148.52248
166.26572	138.56476
185.85466	124.36684
164.51413	154.55489
162.03157	120.26715
185.78935	137.99753
149.11394	139.72676
178.6295	119.76377
171.44907	152.18712
156.16025	131.08188
184.19974	133.42654
157.73534	149.47916
167.76505	113.36713
183.81927	147.97128
149.47835	131.09488
679.31964	367.09167
671.02466	378.9129
662.06116	364.61893
684.39386	375.3142
664.48883	380.59082
671.75806	365.08694
677.9618	381.8057
668.70496	373.01944
685.17114	369.1495
666.58923	386.5703
668.0572	360.51752
682.94385	382.0122
658.96704	378.25937
677.94653	361.09778
673.2914	386.93536
660.0457	371.4292
676.25146	373.3924
161.88336	390.5363
169.92783	365.0731
176.66	391.20578
148.48929	370.70935
185.39583	368.3946
163.99794	380.14786
160.16762	360.4982
172.18839	379.2534
152.92052	377.79578
170.0517	372.59323
179.32553	383.6031
162.0721	368.65564
177.51845	367.68988
169.71745	390.2445
166.91858	356.3591
185.53731	379.87653
159.16592	375.33112
180.53026	361.09326
169.21808	384.7434
155.11423	367.42554
180.7156	374.4466
154.97647	386.8034
172.16377	360.20322
