438.54254	367.26868
433.5263	370.62552
436.33154	359.09274
442.30087	375.63443
426.99277	367.8049
443.1883	363.8101
434.1766	378.19833
430.8854	357.59317
449.82657	374.9503
427.2119	375.62094
443.26422	357.41068
440.528	381.56097
426.30923	361.5503
449.39795	367.857
426.24448	382.5893
432.05835	350.89667
450.20404	381.3886
418.84418	372.3968
451.81177	356.94894
436.49	387.83514
421.9169	356.03333
455.4269	372.8204
420.24896	380.16296
441.0713	350.63306
443.65323	387.22897
419.9964	365.60175
454.45175	363.8199
430.75204	386.53714
171.41495	115.75102
175.65363	129.08328
163.57182	127.750404
172.42169	122.19707
167.77768	129.68944
163.71713	117.84741
179.68277	122.252464
157.01376	133.22865
170.97025	110.38043
179.32637	134.44777
157.63817	125.41826
180.9232	113.02942
173.72385	138.70927
159.04193	113.98021
183.7622	130.5131
158.60085	139.46443
178.156	106.802086
183.92252	141.70273
154.39854	116.912735
187.63322	120.10811
165.70581	142.64133
166.25998	105.6144
186.48967	134.99136
151.9602	128.48567
187.3744	110.67458
173.33408	143.93742
161.17442	107.080795
189.90112	126.67865
366.02383	372.3323
375.90732	361.34476
380.30487	377.3299
373.98468	368.72638
380.85138	367.83105
372.34808	376.34564
370.91547	358.2893
385.69235	373.05563
360.04254	366.58508
382.98904	358.59256
375.33777	380.77536
364.5609	363.21494
389.12497	366.66864
364.72018	380.28937
375.1242	350.73212
385.48514	383.4981
357.89044	373.51804
388.3003	358.81226
372.14035	386.5703
362.03043	355.46106
391.5909	373.88272
356.6509	379.28156
381.3587	352.10382
378.86548	388.44006
355.01422	365.22897
393.8598	363.2232
366.3617	387.1496
367.8496	352.1809
392.0819	380.5763
492.7797	370.5774
503.7435	361.96747
501.57452	377.41122
489.10196	363.06592
503.44394	368.961
493.10065	377.55936
497.16772	362.3374
503.96655	382.45746
485.4205	370.28784
511.41162	366.6611
491.28497	387.72748
491.78558	356.52338
508.7452	373.36798
482.42667	374.6724
506.62054	353.0329
505.62173	388.73898
482.57748	361.5935
517.4623	365.2559
487.1522	381.80035
495.4632	351.18805
511.01654	381.2967
479.23096	367.46677
511.2033	358.4445
497.52188	385.78275
485.61484	354.68808
515.1688	375.64645
480.17487	380.37946
500.174	355.9504
621.58386	377.2306
614.5427	371.922
617.54407	366.8396
610.2235	376.77783
610.475	355.40656
628.1853	371.44363
603.62683	371.01465
620.371	354.8037
615.7656	380.0917
607.72614	364.61166
623.91846	367.3073
601.9377	378.16055
614.6173	361.41232
624.6358	382.85303
598.1437	366.9534
625.7077	358.22064
610.6491	385.8342
603.9209	355.88916
630.88446	376.19464
596.552	375.81134
614.42255	351.79086
617.0585	386.72696
600.5904	361.5201
631.21045	363.8599
604.9749	385.03323
163.77823	278.85522
177.88579	291.94647
168.19199	285.82703
179.00256	273.05386
174.787	284.7344
160.79184	272.71378
183.27634	281.26508
160.28133	297.82397
173.50432	277.64557
179.78009	299.87277
156.73839	282.56006
183.57253	268.46982
164.67404	291.3389
166.50699	267.05865
185.87936	289.53354
155.49664	293.22632
174.11523	267.30634
174.05211	302.2849
157.01608	269.84732
189.10626	282.89197
166.09787	303.07782
169.06816	273.16522
185.9375	295.2213
153.16441	287.15225
188.29298	276.64648
170.88551	296.61804
169.14565	415.64975
177.7862	428.10223
167.0743	427.09882
174.62213	408.0701
177.03159	433.40536
166.44305	421.02304
178.89555	418.91617
165.9883	431.9353
167.71841	408.30826
187.91275	427.57974
156.62697	428.69913
182.25357	410.19492
174.14926	438.79962
157.34637	415.89044
185.00868	423.04672
160.06201	436.454
172.77023	420.7687
182.85617	435.63422
156.99269	421.36664
186.53842	416.5543
167.56154	439.6219
161.58066	409.70453
174.82704	529.1574
167.53015	531.2399
172.62404	516.6546
175.02573	536.39294
162.178	523.04346
179.3117	523.58246
162.0023	536.8425
169.99176	523.9091
181.79922	535.96497
160.00148	528.90216
179.46555	518.0489
169.10336	539.7029
164.95676	516.9167
182.90195	528.9639
443.37982	65.19009
455.73257	52.81718
446.74323	83.93131
429.0119	64.46305
465.52057	65.62569
440.2019	82.94499
453.7728	73.2727
451.4916	79.69803
438.08496	75.83838
454.8021	61.811188
441.91022	70.32897
437.65195	51.546375
456.44598	74.62025
428.62604	85.61351
447.2503	58.171852
469.33594	86.755745
426.73666	70.67486
463.594	52.86665
459.17377	89.99009
444.402	62.289955
472.97446	79.12655
426.56573	78.64158
450.55508	48.0533
461.06558	84.006195
434.32065	57.80781
469.84808	63.869576
446.9715	91.625916
443.28497	52.16086
467.59512	74.78303
434.29303	78.20001
782.9208	359.391
780.16425	375.2827
767.74445	367.7113
788.0947	366.7133
768.71936	376.22894
776.7925	362.09784
784.6172	379.46347
773.5814	370.8996
781.8637	366.43268
774.6881	379.54828
770.8263	361.65
787.6627	372.98807
718.4579	117.790634
732.66394	104.92184
728.5738	130.12035
713.2103	105.497154
729.384	114.853714
722.12494	124.44539
724.9948	110.85704
735.97314	123.49581
719.4556	111.43575
737.1221	107.24558
728.94586	123.66637
718.62946	105.03611
736.31805	115.9363
715.1812	128.10367
729.5064	100.12883
735.6223	129.11894
709.91907	114.054955
741.69995	110.90987
721.2799	131.75984
724.1167	100.92912
742.44324	119.30514
712.1271	121.463135
175.63432	555.11224
173.23154	570.32874
163.39632	555.8259
176.87627	563.4265
162.54877	566.27844
169.98625	555.1982
180.33415	568.999
166.02162	561.73895
180.60704	558.4926
167.58017	571.32965
660.829	363.68204
670.6251	372.02582
653.9482	373.49738
669.20984	359.80704
666.7475	384.16336
654.5688	363.871
675.9198	365.33755
659.6034	379.96884
667.0688	365.90482
674.9141	378.13776
659.9718	372.0924
676.3033	356.5277
666.52203	376.63763
655.2499	357.07303
678.47046	371.22354
651.4667	379.43744
668.16187	352.67984
674.26416	384.8757
649.3771	368.7504
681.5646	363.1162
660.9992	385.73358
661.47894	355.64206
682.2424	377.13678
164.0886	42.375557
178.77315	21.73609
171.41	48.44118
156.26477	36.15027
178.78023	39.298622
166.81503	54.460278
166.04349	36.53898
177.20378	45.35189
157.56987	41.841583
185.42082	33.54544
165.6277	47.201614
166.13208	29.89767
186.23639	44.442596
151.69553	52.095398
174.62218	34.2714
180.07986	59.376434
153.91513	31.298233
189.55106	37.25989
167.43027	61.596687
166.04941	23.312145
188.61005	54.042583
158.07964	48.036236
184.8497	26.846378
173.19115	56.72713
159.2447	27.432663
191.87692	45.96501
158.97978	55.973473
173.72775	27.484772
181.08452	52.481617
165.61575	356.37515
180.09064	354.31265
172.02039	361.23627
164.7717	339.648
184.77588	358.92926
156.27327	363.68973
177.56078	348.61234
176.9777	374.09116
161.1808	349.0234
171.36131	354.94836
165.59492	363.52057
168.95435	346.6271
186.39471	368.61374
159.19016	356.1126
181.70316	343.938
174.06914	370.02176
157.40482	344.94244
189.52501	355.51282
160.81694	369.95477
175.22102	339.96216
179.34808	365.9561
153.78723	356.86807
185.84892	350.6819
166.91016	372.813
745.69244	360.81595
754.13995	374.01672
736.5443	370.39
751.29663	364.5181
748.0665	374.7185
736.35	364.3723
756.6915	367.98584
741.946	377.9488
751.1311	357.25015
754.2802	381.4107
743.9422	369.32962
759.15765	361.50473
747.225	381.71854
740.1874	358.39963
760.6518	373.12967
736.04626	377.09772
559.85944	367.30853
563.3002	380.58447
537.97595	366.52618
567.25757	367.9843
552.28357	379.51447
554.2943	365.7008
572.4449	379.34924
550.9376	372.29968
564.51105	361.93524
558.2416	375.77023
552.44556	358.9585
566.1925	374.28735
546.0189	376.97687
561.09143	353.29285
567.36316	384.75818
546.298	367.1146
571.0311	359.98782
553.2562	386.18353
546.1632	354.89966
572.719	372.83704
540.8023	374.48325
566.53827	354.94492
559.6218	388.18402
543.5739	360.6639
575.61707	366.39102
545.51917	384.09827
553.859	352.4108
737.4213	55.97514
720.0748	40.94073
732.5348	33.275944
726.72534	42.53212
717.9457	31.184933
744.21924	48.614304
718.8092	47.025482
728.6322	37.87863
731.59314	51.688763
713.03174	37.300407
733.9331	42.668312
714.3008	52.9659
724.50726	31.085037
743.0255	56.201374
712.09436	45.57671
738.7668	28.04011
723.9231	54.806114
710.7879	29.455557
741.9513	35.398
714.4347	60.098186
727.8846	23.563944
729.8901	61.227135
706.67395	38.790245
746.19604	32.558205
721.1306	61.116558
721.04944	22.820986
745.0989	42.447044
706.0113	46.524124
732.82324	26.791637
715.82306	383.247
702.96747	367.2939
714.9303	368.34683
704.8655	380.34174
708.81683	364.56573
724.224	375.2088
704.4044	373.7862
718.63043	357.49295
711.6225	373.33826
700.67865	359.06
722.5431	368.86224
698.2926	376.53793
713.1555	358.5143
717.8942	377.2807
696.55566	368.5967
722.0735	363.02325
709.02527	383.90118
707.2042	357.28674
178.04294	484.57486
159.45357	483.65997
175.72462	477.006
172.6984	486.77692
168.0674	475.78094
184.60225	477.29263
166.19753	489.57697
170.5348	466.28986
183.19522	491.43393
164.90701	481.5577
181.86368	471.04916
168.63167	495.8758
163.34712	470.89398
183.66138	483.11948
160.16615	490.09882
174.41588	470.92587
176.29007	494.8828
157.75945	475.84586
179.29169	198.67448
164.93748	215.7902
162.46884	192.96066
182.91144	216.23245
172.11217	211.67752
176.82555	192.52678
171.03789	219.37155
164.89955	198.36436
180.4534	208.33017
159.12245	206.65251
173.76537	204.50931
177.2789	218.24222
167.42911	205.69583
190.6302	197.89372
158.5378	212.74545
158.85205	187.27182
188.9958	207.94052
152.70938	210.61203
176.70744	186.40134
180.79042	225.00674
155.56949	197.12726
185.64012	202.34682
157.98701	220.53052
168.56924	188.39647
190.90337	214.15056
153.87326	202.0771
184.42982	193.7704
166.5698	225.7164
