630.5761	376.29892
621.1097	379.52084
627.61334	369.10852
627.97864	382.16064
621.8575	372.1271
634.9811	373.23367
622.01685	388.4002
618.77954	365.15744
640.21326	378.01154
612.07446	379.5912
629.5033	361.9652
630.63184	388.0978
612.4242	367.0418
640.1703	369.50836
616.6895	385.27933
623.4254	361.31393
636.0555	385.2358
614.08356	373.319
635.5976	362.6347
711.8716	379.95758
709.76306	369.37524
715.5963	373.90024
706.96545	380.15936
715.4755	365.0757
719.52234	383.25443
703.2027	373.6305
721.8463	370.51224
707.5758	386.7524
709.81506	362.24542
725.6305	380.33835
701.2945	379.325
720.91376	362.88312
715.4677	387.55524
702.81854	366.65558
727.64624	373.688
450.994	77.08586
446.80014	72.60182
449.0748	64.25517
436.9567	70.59508
459.1131	69.53879
455.41132	86.764915
453.9165	62.044384
461.96964	92.05821
442.65533	83.62073
457.8056	50.553234
457.63583	95.51166
435.0313	62.10473
469.962	65.9454
439.85278	91.98424
441.55112	68.12655
459.85577	78.884964
427.73218	80.39753
461.62378	60.774994
447.6214	89.80321
429.13324	74.22489
464.3177	75.87014
436.80234	77.293755
450.858	56.38636
455.62296	101.54845
421.63443	70.52292
476.9791	69.2527
432.81927	93.18216
440.35684	51.436623
469.1718	81.39809
428.0805	89.003365
374.4752	371.32208
384.09882	383.09006
365.88837	369.5027
379.60016	374.2652
365.00897	384.74222
367.7386	362.34195
388.27423	375.48132
362.3696	379.00922
380.98453	362.06064
372.28937	383.43546
361.135	361.48697
389.40973	384.01706
369.0379	376.58966
380.3075	354.65375
376.84543	386.47113
360.43622	370.9178
384.5856	371.14194
366.84308	392.18457
370.10223	354.81552
388.94598	390.12225
355.22757	380.7066
391.03784	359.90686
371.66718	393.42978
356.9289	361.73367
395.0125	378.53583
359.15198	386.14716
374.83087	361.1222
381.39594	392.43945
354.05927	370.44565
388.7564	364.98883
731.22034	130.02939
728.6703	117.29932
740.89734	121.50685
719.0075	125.36989
731.587	109.02891
732.783	123.24721
718.5867	114.88304
735.3358	116.30961
725.26807	129.4885
724.4706	110.12349
738.19366	130.15216
722.53735	119.99447
739.0958	111.678085
173.47151	62.245857
153.75171	34.89778
183.32364	55.261024
158.93857	51.48474
167.14398	47.50399
170.72389	51.91381
162.83243	40.877254
180.20154	43.01374
165.20665	58.016724
162.51987	36.22312
179.35793	60.065907
156.34335	59.6144
172.83243	44.835983
169.43816	68.439674
147.07751	38.44327
185.61089	48.44845
160.24617	64.997475
170.94644	30.796429
183.7097	66.74666
154.10466	48.757137
179.4873	33.668957
165.21245	74.41588
163.4383	29.020054
189.04446	59.52348
144.97618	55.76349
171.88037	38.75426
176.57266	68.15504
153.12825	42.61353
184.23036	37.91601
150.26099	63.45999
725.19543	40.30056
739.7068	53.347546
727.97235	49.74283
742.60626	37.22508
744.55005	57.69525
718.3515	44.441788
735.0885	48.623653
723.58844	54.78197
734.31146	40.05555
729.89087	58.324013
717.2033	52.467766
744.7711	48.893135
723.225	65.80969
724.71954	31.765131
747.85736	61.61782
709.1458	52.987812
732.2606	27.90134
737.0563	69.29301
717.3651	36.767258
748.628	43.85032
716.9522	65.735886
731.1786	36.10162
736.0452	61.98699
710.77734	43.91149
738.2304	28.39674
730.014	68.05786
717.12805	30.622309
752.5677	50.081028
712.8378	59.602715
576.0122	365.56525
580.04486	386.4492
571.0769	369.34586
584.3063	368.24667
572.3261	379.23102
568.10486	363.5289
589.20245	379.5171
564.392	375.4747
577.5613	373.09604
572.57495	385.92264
559.756	369.79114
579.16376	378.84653
564.2167	388.00992
573.589	358.2778
585.8008	387.2608
558.28754	375.7501
589.6058	363.89044
572.8617	391.36456
562.4	363.72626
589.5499	374.00018
560.83154	382.20367
580.7304	361.0279
676.00476	382.85324
662.9863	368.32327
686.0832	372.70892
663.9944	382.58148
670.4813	361.94244
682.66425	379.05066
668.458	374.32123
677.77136	362.4124
670.53406	382.17953
664.0799	362.93915
675.58844	374.46854
659.40906	378.775
674.0298	368.25705
680.8063	386.45163
660.3192	372.6672
681.64886	368.0578
667.3226	388.72922
164.17325	226.43803
171.42076	234.98413
161.39238	232.76218
172.52667	222.99202
173.28719	242.31339
156.70773	230.03291
175.96729	227.79623
158.51712	243.5552
173.92717	217.2402
180.27165	242.94833
150.29459	234.54843
181.39856	222.08098
165.26076	238.06807
156.62767	220.62952
179.7149	233.51408
152.8423	240.94547
172.36832	212.34265
168.51285	246.6724
153.28319	224.49606
185.46848	228.26608
163.56564	247.65762
163.59476	215.10507
184.73793	237.63383
510.4064	375.30396
520.84186	368.3169
518.17615	384.21976
509.21402	369.794
517.86957	376.01373
509.70523	381.6292
513.3562	365.3351
525.193	380.07922
499.4886	371.1582
533.337	368.91605
511.41333	391.61456
507.22052	359.45596
532.19775	376.41327
503.01373	382.49548
520.4691	358.97473
524.2023	387.962
503.54144	365.0839
526.7304	368.75476
505.35703	388.69696
514.83405	358.6968
532.2399	383.55646
498.29623	377.84448
526.50037	361.38397
517.6061	390.2514
156.96065	139.70688
172.76854	143.18588
154.32248	153.66135
166.57924	145.32327
173.79556	152.42633
163.16612	152.28787
181.8696	143.53975
162.635	168.64334
167.14214	136.5277
180.2771	151.05582
148.11885	148.21698
176.2298	136.72879
173.8295	159.50298
154.1879	131.74664
187.8531	142.99011
159.39879	161.04613
169.23935	128.01596
180.45016	161.6021
155.91043	144.69594
183.42703	132.42905
165.1052	157.35127
162.00552	129.34949
186.00436	154.58212
150.21097	160.18211
174.78922	131.35602
171.50894	164.30081
151.39658	137.78146
756.5206	371.38998
742.2509	384.09897
746.0026	365.57886
758.16223	381.4197
743.8246	373.4082
756.75104	365.35123
748.21094	378.7294
739.5233	367.5149
756.99194	376.3203
738.37085	377.13907
751.28735	367.80328
751.41455	385.34442
164.95172	429.36206
180.83255	421.73236
167.77176	436.74527
164.75108	422.41504
181.33434	431.7486
157.68036	433.96646
171.09659	419.4218
176.47217	437.72314
154.87514	423.6197
175.46947	424.83926
159.50385	439.83188
165.45984	414.2836
171.87613	430.25284
155.37228	429.0144
176.24495	415.18408
170.48676	441.99918
159.40431	417.3836
174.14517	525.77655
161.241	526.77814
169.9426	518.003
171.57553	534.2594
159.7108	516.2485
176.58896	520.4127
159.70421	533.1266
165.49837	514.57166
177.54013	531.21185
157.73846	522.24695
175.2797	513.9412
166.5468	531.08746
161.78122	471.39032
174.04668	479.42178
159.96254	490.47437
167.83014	477.57562
175.50839	490.6297
161.92514	479.8802
178.81294	474.018
166.23032	490.8181
167.59511	468.17987
179.83945	482.37274
157.0643	484.56647
173.73999	469.29468
170.63667	485.8798
156.45146	474.90665
182.83951	364.01947
162.70374	378.9732
164.78708	358.00153
173.14049	375.1036
164.63464	367.27954
177.25157	355.5824
169.05624	383.167
159.85071	363.3223
172.0785	367.05267
156.96237	377.636
170.7765	357.76456
177.06842	381.0629
153.71387	364.7966
176.08565	363.52814
167.53323	373.26184
158.82112	355.90326
180.78265	373.01263
155.59581	371.44586
455.43823	369.79108
447.40253	380.99957
444.80362	369.608
457.743	377.45483
441.5761	382.2857
453.12573	363.58197
460.5524	384.09564
439.6337	374.1607
462.4621	366.6531
447.3728	395.3421
443.07855	364.5552
450.5629	375.48383
432.92407	376.09253
456.88947	358.17154
455.41837	386.9703
435.86304	365.40485
465.47095	371.92255
438.88922	390.7173
443.5495	356.9061
470.94965	381.78735
427.44888	377.8499
462.99414	359.70813
448.16852	387.78
437.17358	358.79504
466.9958	378.0428
434.89877	384.32208
450.13168	356.9749
454.1939	394.82928
428.37396	368.352
182.88857	300.33356
160.94861	318.55164
161.24945	290.60565
176.34929	306.02914
164.28995	303.97784
178.97336	294.191
173.04182	312.19623
158.09752	300.69705
170.52786	303.2945
161.24896	309.5109
166.28787	294.14618
179.53964	315.0827
151.90965	304.14996
172.88033	297.58685
166.64165	314.20724
154.97507	294.20294
182.23424	307.33472
152.7518	309.68488
173.64435	289.38098
171.44127	319.3619
774.9648	372.65936
783.3284	373.77924
777.62823	379.56512
776.4484	364.91275
787.2005	382.27078
769.4046	377.1838
788.847	367.19803
781.4788	384.03937
769.2794	368.5348
790.0545	375.22363
772.6311	383.9348
782.4394	365.65942
176.88072	571.0838
163.75705	563.09045
174.52478	554.9791
167.27126	568.3936
164.41803	555.25287
172.89265	566.0972
157.28947	566.7695
169.60721	558.0241
169.51782	575.6802
158.40692	558.18036
178.71095	562.025
161.3893	573.9419
