167.10521	477.0279
166.46219	484.98535
169.04335	470.50375
172.73091	483.71893
159.37653	477.91852
174.76535	476.20343
166.56004	490.2542
163.83463	466.7665
180.26302	484.90927
155.76364	483.41846
176.2706	468.71866
173.77985	490.81805
158.11179	472.76764
180.08878	478.08725
160.26927	490.785
728.99274	114.53517
738.62714	124.22849
722.71515	119.303055
735.16516	111.59664
731.2957	120.84579
722.9872	111.554115
739.22675	118.24966
719.39	124.56529
732.80164	105.627464
733.0875	128.3162
717.0677	114.52431
741.48724	111.79036
725.84503	127.793236
725.3947	104.921646
562.3172	375.21426
556.9457	372.95526
563.3211	365.63455
561.351	384.00983
550.3869	370.10074
567.72687	370.6989
554.3356	382.13803
556.2972	365.0077
567.0283	381.01825
547.1722	376.47284
572.0807	363.30774
557.3195	389.63925
548.4227	361.78992
573.13684	376.4236
545.7763	381.35297
564.2323	358.15897
566.6205	389.66565
544.1715	370.73358
576.1213	369.82285
549.34125	386.80472
555.442	358.3656
573.5181	383.69196
163.10432	528.7831
173.58525	516.80896
168.87375	532.9297
163.29129	521.67163
172.65184	527.6356
157.21538	532.4552
169.62222	521.4566
173.77267	537.4454
156.9048	521.9833
179.09207	521.6503
164.29405	537.7302
164.9252	515.48096
178.89606	530.3371
772.7207	376.86563
782.77844	368.4579
779.9999	378.0542
774.23987	370.88416
785.42004	373.98132
770.3695	382.2802
779.986	363.00262
784.6017	384.03082
767.263	372.32626
789.84143	368.69476
777.02515	385.4334
773.09924	363.8949
789.6555	378.44305
743.24585	375.46475
746.8986	364.47705
749.7206	379.96637
735.5571	371.0312
748.6789	372.0486
741.9273	385.3764
742.0023	366.97925
756.3995	378.4272
734.07996	376.6657
753.06165	364.36996
749.2544	386.1684
736.86975	364.40536
755.97546	371.18024
736.59436	382.4489
168.5359	561.93304
177.36064	572.83484
162.57802	567.10767
177.363	562.6804
165.24818	573.8196
164.33475	557.1554
173.52078	567.5673
158.11633	572.3413
172.65573	556.8744
170.20032	576.92096
159.23648	562.32874
459.76846	76.08467
444.16754	98.542496
445.20425	52.7499
450.612	77.079445
442.7165	77.407425
458.6126	59.133385
454.3527	91.39032
440.75015	70.796875
456.32535	82.90379
431.84894	75.10222
452.23578	68.324646
464.8147	93.364426
433.2203	67.433716
468.00415	75.27357
439.41806	87.406555
435.60873	63.989113
448.01703	84.043564
431.68652	83.03579
462.10287	54.19596
457.3585	96.565636
436.48462	53.498005
467.57	60.25894
435.261	85.389084
452.11444	56.462116
468.39127	84.77596
423.33838	75.14876
461.74884	69.921295
431.1434	95.86707
439.7912	59.448486
473.51593	77.13701
600.77795	380.58527
614.76794	365.15002
616.043	388.49115
605.9617	370.70798
620.3551	373.45795
608.98663	381.73288
611.8517	370.18707
618.2025	381.78757
603.4767	374.79767
621.96643	363.00082
613.8517	376.80536
600.7115	363.36298
625.0225	377.39438
601.1541	386.0772
614.62415	359.19067
624.68005	384.10553
596.8318	372.4481
626.88293	369.0903
609.4782	388.23492
607.5329	361.05487
175.0695	368.2405
153.68088	363.84076
170.03261	352.8103
169.09888	376.06815
159.73624	356.80063
174.31453	357.81573
160.81175	367.49182
164.09807	350.2278
182.51567	369.64597
164.97374	362.47675
177.62837	348.94995
170.67722	362.3552
158.94756	348.11597
182.6174	362.1373
156.27872	370.62735
170.7656	345.27457
175.25879	373.99472
152.62593	355.1859
183.02185	355.50665
162.35036	374.85956
369.55157	373.12195
380.972	378.7845
358.89233	380.4395
380.90735	363.37393
374.4677	376.92084
366.8764	365.03058
386.67636	377.36844
364.51328	385.49786
369.46722	360.3012
373.95593	384.63202
361.64853	371.9173
378.83432	369.71857
367.19263	379.83966
361.46872	357.05768
387.79346	384.1401
355.8131	384.65555
376.54263	358.6122
376.23022	390.87888
355.6847	369.40784
387.34225	366.52167
362.13232	390.541
370.35834	354.3573
383.35666	389.36807
353.4951	375.13113
384.9982	357.70782
368.89423	392.73468
355.82904	363.37054
391.54602	373.6824
501.64877	378.68896
506.4206	370.2622
507.87842	390.3529
500.78424	371.41974
519.8827	370.2181
496.25348	384.37982
497.66376	365.08688
512.1414	377.3779
492.10455	379.9171
509.46808	362.91397
506.44882	382.58038
489.06454	366.66684
512.24774	371.9065
493.59448	389.53238
501.28412	359.60043
513.9303	385.3256
489.92343	372.49915
515.1457	363.15726
501.64337	389.16473
492.08685	360.89526
519.84235	378.9502
486.69598	379.935
506.88983	357.83234
443.29385	379.63434
432.71225	370.33694
448.1938	368.4508
438.4544	384.0083
439.59595	372.63654
448.2395	380.89685
428.62177	374.08878
442.39624	359.0433
442.12338	389.62225
429.06674	364.72324
453.96436	372.83734
430.07617	381.04144
442.22235	366.3243
451.5516	389.1221
422.6585	371.3011
454.95737	363.11154
435.23535	390.4688
431.97794	359.69626
458.03204	377.1727
422.27963	380.59692
449.20538	356.6946
446.32382	392.53357
423.3126	364.1955
458.60846	368.55948
427.91885	388.34497
436.694	355.19034
456.57114	384.03595
702.9192	373.71405
717.18634	368.57965
707.34485	379.96
700.6631	361.31757
711.72	374.28363
695.04144	384.32587
706.4745	369.11102
713.4748	385.92325
694.49713	371.69107
720.5519	374.00446
701.8605	383.49432
707.7036	360.8521
717.84155	380.21454
695.48016	378.0659
713.9673	363.80344
706.74976	387.6216
694.51294	366.278
665.16626	372.8054
656.912	379.02756
656.6332	368.49866
668.0448	382.09988
651.8857	372.48325
672.7101	365.23834
662.9719	379.85452
651.7062	363.1978
673.8058	378.00278
648.60846	383.96783
663.1559	365.3632
662.82434	387.47244
646.6855	370.20038
673.1308	371.31464
656.4097	386.85358
659.33765	359.58908
674.1261	384.12595
649.93427	378.20908
667.42584	360.0949
171.4701	135.78214
151.6265	127.29453
177.0668	143.35463
169.17395	141.17943
171.45294	115.4433
174.16678	157.1
163.8223	132.37656
176.62251	133.81621
160.60533	149.05211
165.96361	124.58042
187.98615	145.0727
152.4109	139.81088
169.95912	127.74974
170.49413	148.34201
151.31174	133.79886
184.72388	131.94511
154.69977	150.59323
163.65591	118.314255
178.40251	150.78767
161.3652	142.51842
180.87437	127.49752
166.04211	155.91391
158.07565	125.42977
183.59204	138.97307
152.68788	145.0082
178.84497	122.29877
174.64816	49.204018
155.60669	43.089478
177.00826	44.538662
159.93364	67.26098
154.45068	34.955467
183.71727	49.950966
165.60973	49.879147
180.4655	34.04252
166.25069	57.348625
166.41765	37.575867
168.44559	41.45234
159.00717	59.654762
173.7679	32.360756
175.43056	55.392284
148.58075	46.83428
185.78883	38.899372
170.72623	65.60472
160.71841	25.713007
189.6768	53.982048
150.90048	52.205322
171.75162	26.646381
174.39757	60.002117
149.03014	39.343594
184.8124	45.178604
151.36395	60.657623
163.90686	31.605524
184.50269	59.74251
159.61136	47.324802
173.04305	279.9443
174.82993	295.0799
158.3228	280.47678
180.26682	291.0761
159.47752	302.09613
169.47464	284.30685
176.63075	305.3146
149.31618	290.72516
181.47858	286.2132
166.78905	302.1255
164.82378	287.4057
184.3276	295.91068
154.00284	296.1629
179.95876	278.82172
171.04948	307.6583
157.95445	287.38797
166.74385	295.08286
157.61055	307.58246
165.3088	276.96802
180.72171	301.36716
161.48766	293.47748
171.9213	209.2729
170.83861	225.0249
167.31787	206.67471
181.15482	221.5494
151.72461	223.33902
163.62534	213.05066
172.96802	236.32547
158.88687	216.19458
179.28	215.63718
162.70013	226.23709
163.79242	200.44081
185.90034	226.5466
158.85051	222.05437
181.55402	206.5196
167.7021	232.61124
154.66704	207.9318
170.15941	218.31763
154.5353	231.65967
176.37512	204.51137
175.37622	229.6368
151.39497	217.21367
185.91183	213.98604
160.69615	235.2288
724.883	35.238354
743.79474	47.32168
715.8599	51.40148
735.04895	32.56114
725.8789	49.49656
717.37964	42.93634
732.2411	52.59313
722.0731	58.579597
732.1404	44.459206
744.0791	62.19353
724.5995	40.26279
744.8573	37.148857
728.0076	60.878254
719.6537	31.28892
749.13464	55.373047
715.7957	59.000847
729.7074	30.69762
735.9849	60.05606
709.3161	44.502235
750.56616	37.87247
720.21704	65.90376
728.2255	24.575441
741.41986	53.947754
709.0794	51.5172
740.2926	31.096222
733.7153	67.22868
712.361	36.72807
740.9032	42.414616
162.67351	430.223
167.79588	416.20184
178.37427	434.6822
162.392	419.76617
181.76506	416.6771
168.20578	428.63736
156.17587	411.71988
182.09238	429.54413
157.18257	434.31674
171.88138	420.84927
171.79167	438.71515
155.227	421.28653
178.89117	423.68988
163.74368	437.90756
165.06528	410.60498
173.72272	428.5084
156.33359	427.78818
174.0218	411.93896
