509.4628	372.39935
500.08588	377.71024
508.80615	365.58997
509.51675	377.8944
500.41504	368.94263
516.18896	366.93945
501.6332	384.5689
501.27557	362.17865
516.1549	377.22076
496.0782	372.6907
513.13586	358.91562
509.77972	383.8139
494.00137	364.2125
523.1238	367.0645
495.20233	386.6649
501.95718	353.38608
522.3026	383.052
489.68652	373.90353
518.9852	359.18927
505.19955	389.52292
494.7381	358.21603
523.2965	375.33347
489.18536	381.15363
507.43854	355.2164
512.1957	388.9503
488.11783	367.1357
732.72766	117.6277
723.8785	123.81122
725.6113	114.950485
741.0729	118.82414
719.5111	118.00651
732.66797	110.367325
729.5777	125.21747
715.0682	111.44646
742.8777	112.24342
718.4062	132.04417
724.89307	101.88435
737.37964	129.09216
714.0818	117.8598
738.48267	106.403275
724.46967	131.52507
719.3655	106.96885
742.4868	124.24843
713.998	125.38756
730.28064	105.082924
732.77527	133.10258
769.62195	368.76825
779.76	369.23486
773.2388	375.39752
774.4676	364.4478
780.86896	375.7567
764.3167	372.92816
785.13947	365.59952
773.59796	382.40628
766.78955	362.88965
786.88586	374.1248
766.99426	379.89276
777.9485	360.1993
780.683	382.006
169.73228	292.1784
174.36667	294.19766
165.9444	301.56146
167.5505	284.0952
179.48329	297.46396
163.55759	289.56332
173.46252	283.59787
171.56755	303.58023
157.3151	284.01996
182.71396	283.43985
160.8065	297.63654
166.64174	276.60223
177.40656	305.78067
153.28197	296.5887
178.89198	280.60016
170.22025	312.3999
158.00253	278.4335
185.78426	295.9599
155.76129	304.16815
175.80739	275.55368
185.194	303.1414
153.1546	290.16147
185.96214	287.70477
165.71545	306.96323
663.49744	368.54755
668.4237	375.08026
659.476	372.87875
668.6807	365.8387
664.0871	380.30893
654.8186	365.53754
673.99286	370.53302
657.1082	379.38773
662.54803	359.50116
674.80554	380.78632
651.3551	370.82947
676.48816	363.68512
659.8895	385.57938
657.2809	359.67575
679.01416	374.98038
650.8546	377.95746
669.9991	359.5377
669.72974	384.09293
702.59033	370.1066
708.28455	372.58707
700.9832	377.96466
705.9603	364.91772
715.81683	379.55145
695.5929	373.12155
712.8877	364.77716
707.2372	380.2204
696.8187	363.46353
717.8999	374.1659
692.94916	379.20596
710.08496	359.16663
710.15405	385.29977
691.9762	367.7744
718.68274	368.0012
700.7074	384.87454
700.86346	358.8397
465.98273	66.56267
450.28677	73.082375
443.6813	52.67034
458.40805	92.45236
438.7417	76.34528
454.63702	67.6756
439.0956	90.61388
443.78305	65.264786
462.67294	74.29202
425.5891	71.42896
466.42422	59.404774
445.30014	79.08837
437.85638	64.29549
460.93515	86.56942
433.99683	81.98561
449.24478	58.68682
455.90875	80.94785
427.64838	61.486153
471.5374	76.58261
448.00928	88.79704
457.36523	49.64509
472.5218	85.64602
432.34	73.626526
458.89136	58.150238
439.5478	97.128174
438.73688	56.36952
471.91705	61.41703
427.85196	82.37691
439.1019	48.276173
452.1898	94.60883
736.75616	369.11783
745.55493	370.9065
740.70624	381.008
737.0675	361.8447
753.54407	376.1441
737.7383	375.41107
745.7523	359.3687
745.583	380.32697
730.68506	366.17102
753.0605	370.74664
735.8525	384.0615
744.2246	364.98145
750.95966	382.06317
730.6749	374.75592
753.1544	363.8427
166.13892	139.57799
162.13428	127.377335
177.37259	131.78513
167.85318	132.30312
168.06044	120.93114
173.3222	139.99655
155.69794	130.8831
183.92989	125.93701
161.39084	143.57126
168.55933	114.25659
180.05693	141.48013
160.57405	136.46086
176.1445	121.065475
173.23936	152.92343
155.08522	120.45039
188.21014	129.1687
155.91475	146.90689
169.74576	125.78563
186.95737	141.4794
149.14941	131.508
184.37253	120.411575
166.7197	147.6854
160.93552	115.64043
188.24075	135.639
153.0421	138.6849
177.08014	114.04492
176.97461	148.04732
721.8808	37.590828
737.05304	40.88169
721.1059	53.017223
729.52075	46.1789
744.39795	48.79726
722.3376	44.85726
729.4023	36.22812
729.16785	52.012238
721.0305	30.636078
736.422	49.556
708.8146	52.31194
730.18713	30.37511
732.21954	58.49074
714.5743	38.01249
742.5338	39.53007
720.8617	63.802345
722.4918	25.030033
747.3848	53.16623
714.55133	45.953133
737.22974	27.22063
725.00305	59.917774
711.921	33.29856
749.2077	39.687042
715.452	55.85376
729.6299	23.790974
736.03613	63.408836
707.6825	42.953297
742.665	31.190897
168.80475	522.3508
161.61177	511.02945
175.04883	521.3249
163.21109	524.453
170.69405	514.9497
177.64088	529.2095
162.0748	516.67535
177.87088	515.5482
164.71138	531.6408
168.43156	508.63388
182.09921	522.1024
156.91708	522.9675
177.52736	509.2277
171.54517	530.6777
161.12424	354.91193
176.79213	357.32657
159.642	370.54788
170.9683	350.55228
178.98653	372.79352
168.23714	360.65475
180.57333	349.46735
170.81113	365.47256
165.05215	344.55194
176.56586	363.3868
161.43634	362.74973
174.2684	344.8676
173.01047	371.108
155.81949	352.5376
183.9644	358.09863
166.24448	374.1584
166.59456	353.3218
183.21353	366.03244
154.0363	362.27347
631.5033	360.83197
617.63086	376.28043
615.6241	367.3232
625.9543	372.99417
610.98047	378.2196
622.02405	367.0676
625.4659	380.50507
609.55383	369.72235
628.4347	366.6602
616.5055	386.22882
612.67004	360.17142
634.72437	376.1353
604.95	373.6044
624.2849	358.64825
622.35736	385.35962
606.03644	363.37897
634.0554	369.76163
610.8022	384.38275
618.4786	358.26172
630.8899	382.89996
162.9111	415.21353
175.85562	413.44955
168.02565	427.88104
166.76492	403.03937
175.52844	419.99408
161.25313	421.1858
173.11398	404.42856
170.14777	422.07535
155.85521	412.84253
183.86504	412.2378
162.3712	428.85016
168.61655	411.7774
180.22849	427.45197
155.15585	424.05176
178.85432	407.4625
173.54865	431.3098
162.09644	407.98145
183.79375	419.97153
155.55212	53.660805
173.3298	43.55913
175.315	52.51722
159.5124	41.249825
180.2314	34.931618
166.31361	50.816822
164.00311	27.125809
183.86444	51.34571
157.12383	46.741135
170.76076	31.300873
174.96518	60.392487
169.21538	36.511063
176.54451	47.92944
160.41559	56.512817
169.89577	23.226854
181.94598	59.667076
165.68289	43.27541
186.01007	33.910213
167.93452	60.145935
157.2858	35.325874
191.6362	43.485924
150.22026	51.767395
178.13457	28.563406
174.11734	66.28781
149.72084	43.015724
184.0939	43.38849
160.93265	64.57923
155.32997	30.185303
189.19754	51.8043
437.45688	372.41092
453.9309	364.91467
444.72607	378.52032
439.89413	366.27777
449.55322	374.0248
437.6833	379.13605
446.45563	366.32166
449.38818	384.48215
428.4567	369.22836
460.69785	366.39905
436.90277	387.0103
434.68842	353.1842
453.77646	379.12784
428.36295	376.3731
449.25653	360.2061
448.16934	390.66498
430.92133	363.683
455.33002	370.51825
431.35703	385.1843
440.47333	356.29834
457.1439	384.12155
422.11566	369.1421
454.46738	356.27777
440.21176	391.03458
431.18253	358.50803
461.16168	375.90433
425.6271	381.74814
445.75	356.30966
177.00977	568.1708
159.22049	557.5233
179.5151	553.8959
168.51947	565.5575
167.71704	556.27454
179.9071	562.5561
161.41507	563.3484
172.74821	550.24
171.77701	571.35706
164.2855	550.40784
174.03537	558.5819
162.16547	569.89905
166.58548	208.0437
172.42917	218.83688
166.59523	215.92566
174.98619	208.67688
168.61917	230.4786
160.41508	200.64944
179.58487	220.3623
153.52574	222.32059
171.84354	202.61946
174.58347	227.43478
152.84807	205.99849
180.02957	212.48825
164.13664	223.00809
165.73709	195.3308
186.97765	221.65768
153.86841	213.97824
180.85094	199.45209
174.19865	235.53606
160.57016	207.00565
186.51517	214.1864
157.01196	227.5524
172.43912	197.06549
182.45459	227.8457
161.27005	213.97139
186.88406	207.50925
162.95949	230.57266
564.66174	365.7248
566.86804	371.51614
557.01013	377.28885
571.2624	361.44037
571.6683	381.34003
553.2542	366.52887
577.64453	372.31693
559.87085	384.51202
562.2511	360.30048
573.7914	376.21082
559.1902	370.8089
576.4579	364.63687
564.1996	380.0277
554.25415	358.4997
583.65076	374.3878
553.32385	385.00107
568.2955	354.68768
577.16754	386.03317
547.65564	365.65292
583.52386	366.8171
561.7723	390.6905
561.28326	354.67426
580.3119	380.97906
550.32434	376.35352
579.0175	358.85638
569.1109	387.69867
164.34506	468.16644
176.68932	474.1415
158.72406	480.71808
171.5123	462.44928
177.96487	481.93597
156.09244	472.9337
178.88658	461.02734
170.2905	478.0275
162.98068	461.8925
182.72986	477.25943
165.63643	474.22006
175.12732	468.07465
171.74341	485.67847
156.82872	466.23676
184.05885	468.05573
165.2512	483.19995
168.06387	457.70352
384.63226	384.72916
374.97183	371.98047
382.11606	363.15814
368.5018	377.42426
368.4011	365.37225
380.37845	373.71555
363.27908	382.39523
375.33713	365.95914
382.5979	379.67377
362.1463	370.5723
386.4212	370.09436
370.05963	385.12323
367.075	352.32623
390.915	377.0105
356.90778	374.09485
383.69962	355.4663
374.53534	382.21344
359.6126	363.47745
393.3515	366.08136
364.91388	390.40143
372.8264	357.73785
391.7339	383.52182
354.24887	366.5014
389.6461	359.10434
372.16412	390.81674
364.0739	358.5628
394.6554	371.30402
357.10437	382.9923
378.9727	352.33533
382.70187	389.84125
