169.37521	560.8541
163.89609	564.0752
169.66357	553.5193
170.68213	569.79
159.03899	558.4016
176.2023	557.9857
163.98654	571.68677
162.9457	553.43353
175.92839	565.3347
157.78413	565.544
749.2494	371.1296
748.7761	379.05655
743.22864	375.0156
756.3273	373.22247
740.9682	383.0704
744.7798	365.5153
752.81415	384.69257
736.6447	377.41782
753.6698	366.34515
745.9699	386.62415
738.3319	369.6156
757.62744	379.74655
673.974	379.3495
678.3093	373.56354
681.25543	380.4886
667.3728	374.6245
686.32574	369.91953
675.88916	387.36682
672.7761	368.38394
688.4332	382.3312
665.4749	380.53802
683.0788	364.3792
682.3253	387.75198
666.13495	368.0904
689.4626	375.25815
669.3151	385.42435
676.54047	363.93182
175.96347	530.0822
162.8118	521.1607
170.55019	519.4859
165.58691	527.80817
163.05421	514.1606
174.26773	524.5972
156.92067	525.5687
169.62154	512.3746
168.54694	534.07446
156.05348	517.8324
177.70888	519.1215
159.66534	532.3861
164.91444	370.28232
170.99191	379.23108
158.45212	376.74777
174.52094	362.76434
171.31194	386.95984
156.14308	364.92844
172.34346	372.3546
162.57117	381.36914
169.52916	364.96936
177.7987	383.17365
156.24246	371.56558
179.03433	369.40945
162.19376	388.3145
162.60652	363.3156
178.74277	377.0402
153.8038	380.71405
373.3731	371.36212
375.4854	382.95444
368.44293	371.59543
383.85986	373.5777
363.70187	383.53534
370.57428	363.33804
376.94614	374.20157
363.46277	376.2383
386.06903	365.94672
369.87466	388.55698
366.1124	359.23166
387.4967	381.64587
354.5629	387.30502
378.29535	358.80438
379.38544	388.18784
361.43918	369.15894
394.25775	367.59808
365.6526	393.2851
359.4067	362.07788
388.16034	387.38663
357.91556	378.48535
380.69647	363.7798
374.17554	393.82422
354.6125	368.0823
391.45157	377.3808
359.6597	390.9162
373.7839	355.57587
382.0418	394.4509
352.31674	375.39734
722.098	368.97345
714.6811	387.37857
711.7426	372.0513
718.3507	376.36078
709.66846	379.19415
716.59656	366.45197
717.5075	382.0808
704.4138	371.1925
725.21735	374.57056
707.52405	385.7035
709.6728	364.8631
724.6327	382.0196
702.4369	378.52338
173.90839	311.3841
166.06323	315.36078
161.03427	308.02155
176.30582	317.00504
156.57376	318.7874
170.2888	305.55014
170.01608	321.19318
155.89503	310.83893
179.8804	304.20032
165.6786	325.9687
158.58769	301.97046
179.5939	321.23117
150.87395	318.3236
173.30118	299.1652
173.71178	328.05325
151.94371	303.29694
182.6157	310.8056
159.22446	324.35208
164.42102	300.1679
171.76875	435.7392
167.55728	427.56696
173.87279	418.7548
165.07248	435.19888
158.86093	420.92862
175.70233	429.40826
158.35175	435.63013
165.8898	422.5166
170.5546	442.10294
154.47978	425.93042
176.82011	424.2399
160.95993	441.03125
166.81155	416.73526
179.52463	435.0127
155.78517	430.98398
176.13565	37.77108
166.78035	56.163612
153.37918	31.201862
172.3713	45.69742
160.46494	66.38649
158.56653	44.389465
173.87491	52.780426
156.17282	58.28872
188.70047	46.358345
161.1626	56.116444
149.90854	38.745907
179.0393	65.35791
166.23901	46.254196
174.15703	32.359264
173.40762	65.564804
150.64983	45.471207
179.40305	46.022392
154.74158	66.43266
159.88107	29.727005
185.97351	61.331673
147.10889	50.58966
182.24709	36.73585
167.55608	70.00285
163.83147	36.89369
184.44385	52.77314
145.9722	57.798878
167.95271	30.938171
172.53421	58.13205
164.03201	478.0519
177.80551	474.88687
162.52255	489.93726
163.15439	471.29388
176.726	482.73126
155.61069	479.36206
173.75867	469.76813
167.70988	487.51202
156.1255	472.21988
170.73961	479.6627
158.5032	485.25903
167.15851	467.46857
173.99216	488.9332
725.41785	122.20316
740.2462	116.19869
734.2344	135.07095
725.0184	113.832924
737.74695	127.06798
726.6525	129.52434
732.7367	118.07188
731.2894	124.74247
719.58624	118.62913
741.7548	122.571815
726.09296	134.93967
733.981	111.31223
741.2957	132.27832
718.6715	126.6579
171.99055	230.41377
170.2496	252.4393
159.1566	233.3857
175.02753	239.10027
159.78554	239.36906
174.29895	222.96536
170.78185	246.23027
166.70854	239.05334
178.24437	233.56389
163.33853	245.61137
158.1688	217.16821
183.49515	241.51758
150.69308	242.39827
167.36661	219.96223
171.74419	257.5545
150.84642	229.37248
185.1705	233.06963
156.26448	248.2981
164.3387	226.97977
180.23067	246.41158
150.60655	236.8696
180.61804	224.91995
160.2573	254.3018
157.18784	224.88191
172.94083	149.12381
150.94864	156.85019
158.0104	141.52725
166.15875	149.40419
151.56082	145.34586
163.5607	144.68858
161.78494	157.57059
167.96283	124.11798
175.24274	161.9597
157.89696	150.24644
177.56543	146.59976
170.28458	156.81256
162.84811	135.24403
189.02809	148.32674
157.6774	163.07066
171.29831	136.0921
183.34605	159.00162
146.81259	138.25615
178.94156	137.6218
164.6094	166.24501
163.6942	128.7301
182.26558	147.70485
146.70448	150.33427
175.52625	129.46672
171.47757	164.79788
154.85191	132.89632
184.28015	139.49362
572.3104	389.95313
580.38153	362.23624
591.5149	382.73718
576.7014	375.1863
590.13715	371.59723
578.9293	383.70892
575.67615	369.24982
584.3006	375.9503
568.57635	383.5546
586.4576	366.97113
588.73474	390.45313
566.66034	373.4402
595.7144	367.60333
580.91327	391.96747
573.52246	362.28027
596.7141	384.13046
570.89496	378.91373
588.6829	360.83072
585.34045	384.6701
566.8002	367.77173
596.52356	374.35477
441.31744	86.699554
444.9239	67.32109
459.58417	99.48198
430.6682	84.60078
466.5235	55.772846
456.4179	90.61961
444.2193	59.485085
456.8278	69.3638
442.8278	77.73474
453.40488	58.76353
471.12338	85.59836
428.00024	69.397385
460.14713	63.979523
440.02026	102.26319
434.72495	59.713837
456.54648	79.891045
432.63678	76.326195
450.6295	79.832085
451.77612	96.99951
428.0411	58.645588
466.1712	70.05025
434.8841	93.353966
460.57803	54.262524
464.76788	93.10164
446.5144	72.478165
467.97934	78.58278
443.91568	94.35839
442.41968	53.834785
464.55127	83.60353
425.80475	84.542786
735.314	33.66905
732.86255	60.16621
709.7802	38.131863
740.16205	44.69178
724.3676	53.658733
734.13696	44.783363
740.9359	50.574802
732.14825	50.657257
739.8861	38.096355
726.99524	61.10093
721.9659	44.85083
743.65466	57.961372
718.10223	54.13841
737.9252	27.034185
735.2914	68.77602
714.7217	46.64017
749.4013	45.523483
721.6687	69.73024
724.68805	30.643421
750.3158	60.58827
707.921	52.091225
745.3195	34.856926
728.43896	69.457436
718.84174	35.213703
753.43994	50.008095
717.7384	62.70653
728.0979	38.504482
739.9586	62.00639
628.2851	376.74362
645.8337	369.64755
633.2996	381.07224
629.1266	369.32605
641.0777	379.54187
623.63446	383.0782
635.83453	369.92432
637.18024	387.56723
620.8828	369.93347
639.48303	374.36273
625.07117	389.5486
633.0918	362.20892
643.3331	386.0897
619.4733	376.35764
640.45526	363.623
632.10724	388.8235
625.1605	364.90253
647.2097	376.49588
441.92633	381.76785
451.5467	372.5318
458.14868	385.91028
442.5689	371.67474
453.03653	363.98737
449.37656	385.2127
437.70844	356.8452
457.33252	379.67178
431.13324	383.8959
459.4311	361.20584
451.7685	379.1798
432.73187	373.23502
458.1551	371.57794
439.99078	387.82074
443.60138	366.36932
461.9358	390.6146
430.50952	378.4179
465.29614	364.5736
448.5285	391.4052
437.171	366.68768
465.6791	380.59488
433.07388	390.94012
450.15878	358.96307
454.3229	393.7558
428.76163	368.19724
466.8632	373.0847
442.75732	395.4158
444.06757	359.3764
527.63654	378.60315
517.67175	378.60107
527.3463	364.42923
522.6378	383.6843
513.2284	370.20572
523.1085	374.97134
506.43506	388.14008
519.50793	365.9749
529.5521	391.5516
499.9164	374.34027
530.0336	371.41742
511.92377	383.99973
512.2823	360.3159
538.0951	380.68506
501.06436	382.278
524.109	358.9529
521.85486	393.39627
505.74603	370.4694
535.1572	375.26654
512.90466	391.4289
518.2733	357.96805
533.5262	385.6493
508.04315	378.0425
534.5482	365.16794
519.08246	388.91144
507.53946	363.7714
790.5498	374.18515
769.3895	382.008
777.2476	369.9112
786.08984	385.88202
769.6097	373.02484
784.36676	371.98477
775.43634	385.91058
772.1738	366.83362
786.699	379.24384
774.21716	377.90546
782.7475	365.4704
780.1513	382.4411
