728.74786	117.61183
723.65906	118.91551
729.55334	110.666916
728.1179	125.7662
719.89813	111.314354
737.0755	113.006546
721.6698	130.80777
713.8811	104.55089
738.63513	119.60443
718.67914	122.76378
730.3563	105.025345
730.9731	130.68652
713.27014	110.158875
742.3475	112.37422
713.8462	126.37612
723.5253	102.7784
738.0587	127.13011
713.11536	116.4808
737.6843	104.01007
449.4311	78.838394
438.06284	66.23913
463.26392	71.738304
436.91568	74.241196
449.1207	72.32759
456.011	87.58609
441.69873	57.330086
464.9792	63.36092
448.29092	88.91356
444.91635	65.960434
454.7501	78.41109
432.50177	61.963066
458.25107	60.809925
463.51303	92.310074
427.76895	66.56215
470.244	65.6638
442.59528	85.29051
454.7849	44.54554
459.7142	76.211105
423.8484	76.73843
449.44156	58.18746
436.26007	87.69359
437.81598	54.565346
469.60663	74.28172
432.84946	77.656815
460.1521	53.060894
663.46545	375.26126
655.81433	369.445
661.93274	367.13596
657.4195	375.6329
661.5494	359.93362
673.7257	375.78784
648.0412	372.20477
670.2323	361.2373
662.5714	383.24756
653.19275	363.2838
671.6259	370.30914
650.6695	378.94873
664.87885	355.6164
670.04675	381.45032
647.15094	365.53644
674.5393	365.9706
655.7199	382.87497
654.19446	357.47363
442.3505	373.89063
435.09384	367.34756
445.50137	365.9923
437.96738	380.39316
434.7564	359.80048
447.5752	372.774
431.34222	372.30142
444.0064	361.55472
445.8117	380.65192
426.80865	366.64984
453.65878	361.259
432.77838	381.4361
425.40536	356.51477
455.83456	374.8152
425.3985	379.20114
440.6324	354.2085
440.0456	386.5935
422.41513	363.53482
453.7763	368.3396
430.3604	386.343
434.9787	353.27637
452.82803	382.71774
424.13354	374.00763
447.7867	356.17297
561.2047	371.0968
551.009	362.77997
567.7711	367.3415
549.0411	377.40482
557.49786	364.82498
563.34015	379.64206
551.4848	370.4494
565.0968	361.9055
554.66785	378.14264
546.69147	358.0606
571.6304	372.2548
541.8186	376.74982
559.35315	357.7223
565.21497	384.5993
541.96954	364.6988
572.9004	364.27405
550.4022	384.79608
554.64703	353.37885
571.293	379.1852
544.36	370.26816
565.46497	355.21426
557.695	385.8649
158.29874	32.67647
181.48909	37.467525
162.2248	44.07505
172.51103	41.67756
177.30353	54.10557
157.27838	40.088963
187.84097	35.757145
168.65817	47.349934
166.44221	34.167385
186.92482	52.6875
158.4844	56.75901
176.94641	33.430508
170.6515	54.760292
151.38956	39.230415
188.01476	45.49819
163.95863	51.954803
171.45389	28.966717
181.85277	58.767548
161.7456	28.029303
187.70245	30.161036
166.3562	60.405296
169.89891	22.45763
180.87749	47.154938
156.01672	49.420116
178.98927	25.443815
780.28406	373.88977
771.80316	366.8532
785.3362	365.72586
770.8266	377.4928
777.5256	362.8166
786.2499	378.27466
770.62866	371.96793
783.2306	360.38712
777.25903	379.5485
771.308	361.22818
788.63696	370.79858
170.40628	131.16992
174.96153	116.985855
175.36746	136.73116
167.72726	121.01255
188.94516	115.82475
167.21135	135.99078
162.07944	115.783714
183.05176	127.80552
160.12997	136.14282
179.74242	109.551674
155.90674	115.913284
158.13794	123.521996
174.40329	126.10287
165.54199	142.92062
168.89577	111.844894
189.24442	131.28253
157.84944	130.02556
181.80945	115.613625
181.39688	138.44093
162.41083	108.03184
187.3987	123.13551
152.12654	130.23758
174.46074	106.13065
173.24048	142.6713
163.46555	557.11975
179.98721	555.3988
168.74052	563.98615
170.52252	553.7064
179.16086	565.2135
162.15929	564.09906
175.32062	550.15295
172.15799	568.9638
164.58884	550.716
177.59122	559.8439
164.92812	477.70624
172.80154	470.82993
174.62894	483.19327
160.09409	473.05426
182.37259	466.1916
169.19533	480.75146
166.00095	462.8625
177.43561	476.98584
158.40099	479.75195
176.47882	465.56592
175.25107	488.17157
162.19467	467.6386
183.28781	473.7744
163.24088	486.95135
172.05995	462.1424
184.17245	481.4357
167.56148	281.78778
185.55862	269.11618
175.46129	282.3722
159.22462	267.5157
181.80214	280.17267
165.05696	286.3467
171.87799	275.08722
176.8969	293.01938
165.45255	274.71683
177.01334	273.78
168.71167	292.51074
170.96959	267.50772
187.7278	284.09338
155.1253	284.7815
178.52792	266.92368
172.08466	298.55826
155.79239	273.56317
187.66928	276.33698
160.96085	290.60004
168.13354	261.57666
182.47604	290.1087
157.72461	279.42307
178.52359	513.00586
169.97284	528.51465
166.20432	511.54498
175.72565	523.0698
162.80399	524.10754
172.66034	513.3231
174.21475	533.2949
161.1761	517.6719
181.66734	520.0013
162.92421	530.88556
169.54015	519.8583
181.7063	527.8566
698.82764	372.79446
714.2172	360.7869
704.4126	374.884
697.3649	359.45343
711.0641	372.5313
695.48816	380.18283
708.578	366.5516
714.7197	378.86136
699.90295	365.89578
717.60205	366.68958
702.81604	382.54282
703.3264	357.66718
718.3431	373.5286
691.79645	373.49622
709.38226	356.91415
709.4064	381.83173
692.5493	365.47827
384.35117	364.11154
366.84927	381.0841
377.87103	364.97015
374.70416	372.92715
368.6982	375.09726
388.8413	360.56342
374.288	385.43698
372.6529	362.85132
383.50824	373.49792
363.42908	370.65372
378.37933	356.2842
379.7387	387.74884
366.85583	362.46753
393.9511	365.36188
368.0418	387.3432
369.90967	352.8736
392.43774	378.2308
355.68893	372.7907
385.46512	354.41205
382.8448	379.2047
362.56522	358.55945
390.43457	372.11456
360.83838	379.7155
375.51523	352.90668
387.35522	385.51804
359.56406	363.6391
756.71796	361.61176
744.66077	373.98407
737.75867	360.0624
755.4683	370.62262
735.7095	376.63336
743.76294	358.20914
751.9664	379.58173
733.37317	365.9413
750.6979	366.9394
740.17865	381.3905
743.71497	366.44366
757.39185	375.85236
737.2918	370.86136
749.9429	359.83563
746.5924	381.46527
491.07407	364.22244
506.99374	367.43015
492.54633	379.15866
500.68848	364.54285
510.19745	383.91827
488.14655	373.67596
511.85455	360.78836
499.0511	375.42682
496.28638	358.81924
505.59967	374.43225
482.06308	370.33188
504.4856	357.8491
502.79916	383.00317
484.80615	363.9372
514.7767	366.17587
491.34283	385.78998
499.26373	352.29663
511.4619	375.04156
495.8951	369.3934
509.4079	354.52512
499.03305	386.82828
488.1336	355.11395
517.37024	375.34756
484.99786	379.86084
725.7655	36.056522
731.25366	50.643196
722.576	40.61007
732.15234	40.983883
713.5144	54.06201
722.54675	28.87351
737.9838	52.07406
711.53	40.97508
732.5437	33.79932
723.72327	60.428516
714.45166	35.707176
737.01965	45.207893
724.4729	46.56239
728.30896	26.700903
740.4959	57.22774
706.9096	44.988136
745.4874	35.596077
720.58923	52.602966
716.24414	25.300312
743.808	45.965473
716.2934	47.03259
734.88226	24.868662
730.3836	58.326385
711.5083	30.227795
739.74695	37.721283
167.09857	421.34555
172.68562	403.06378
181.15433	428.9266
163.60786	415.23788
183.77402	409.65503
174.39711	423.9555
160.20474	407.68768
177.60457	413.52057
161.94437	428.7267
171.16344	415.4681
174.61719	431.38885
156.85689	415.38998
185.00671	416.26727
167.53052	429.90582
167.72818	407.05914
182.23349	422.1569
158.02396	422.04364
179.312	405.3582
177.7905	214.12549
161.64354	195.76303
182.20767	206.68613
164.89651	211.09659
174.96733	199.59555
185.09222	215.16858
159.96588	202.52052
184.87659	198.33841
168.5352	203.75465
171.00198	188.92006
173.97649	208.26553
158.90158	213.43741
177.61482	186.92984
177.07777	219.62708
155.21947	197.18658
187.78352	192.04892
162.1127	219.16174
167.66647	197.51906
187.12515	207.19418
154.50046	206.71785
177.34993	193.41653
169.6739	218.85025
162.57895	187.9688
620.21674	367.98917
599.5966	381.03815
613.80554	365.14304
620.32996	382.5582
608.6774	370.29916
622.11237	361.67004
608.8665	377.4752
605.08655	364.57474
620.7656	374.92758
602.7798	374.15564
613.458	355.78024
614.3772	384.88043
597.13904	363.38593
627.4178	365.98972
606.9144	383.3415
607.35516	357.69135
625.96716	378.3532
596.3182	371.58905
620.01794	355.08533
614.61145	375.37433
601.40063	356.63586
175.9942	354.65692
159.30167	360.7929
172.4501	346.61078
177.64629	367.6221
155.19026	345.0022
188.21759	347.19257
163.15808	365.12817
168.41171	340.70197
185.8278	359.23712
154.77374	354.6812
181.14206	337.43893
170.04141	366.7645
165.6561	346.4332
180.09149	351.39325
165.01727	357.6385
174.93143	338.88385
179.89767	360.73077
160.95714	349.9483
182.21873	343.826
169.76086	355.2569
164.5454	336.87827
