372.2831	381.7096
362.11914	389.10248
378.61835	367.79535
379.64508	383.27917
357.1193	383.84885
373.6983	372.13107
372.90558	389.2976
366.23148	377.33453
382.70648	389.5821
357.0288	396.93475
382.7238	364.4405
378.02795	401.96976
359.63724	375.1299
385.67236	380.4649
364.09006	401.1511
363.76535	370.12424
380.29013	394.8255
351.41766	386.5832
386.77325	373.7119
371.02377	400.81714
355.3001	367.16504
387.28162	394.13638
352.0549	392.7482
367.11603	362.13885
383.50882	407.05536
352.6408	376.74524
391.74384	390.06
356.06726	401.36044
162.3364	52.530457
182.3241	73.8148
162.30576	64.54284
175.54347	71.85231
145.08655	81.61834
143.37067	65.295685
154.06662	73.05635
156.30095	79.10985
153.05621	55.991516
169.60872	83.548325
151.10402	48.74033
167.67607	58.12948
152.24908	86.924614
142.31137	45.772408
175.65561	63.780365
143.1553	71.89272
171.9767	44.819202
177.40033	80.384186
137.70862	57.89811
185.1102	62.991035
164.1026	87.76735
167.18584	47.123028
167.82881	75.094864
136.69768	73.8315
178.36252	47.185646
161.6379	73.13841
149.16032	60.086506
174.59201	58.303783
793.4723	394.25513
801.31116	376.81018
807.43646	391.81097
795.7362	383.05487
804.6376	383.34442
798.92126	389.07022
795.54016	374.26712
811.4877	384.57486
789.72015	387.31403
807.8312	375.50092
800.9508	396.15875
790.3266	379.2215
163.99583	538.98376
152.58572	551.2406
161.38118	534.6353
166.02689	543.50604
147.64072	540.69714
165.88406	527.8673
159.31552	549.0714
150.27692	530.4149
173.62747	546.1551
153.004	544.90393
159.23032	527.8476
164.94923	551.9501
153.69966	536.3998
171.97498	535.06195
155.83592	190.69295
164.04332	181.08252
171.23064	202.80962
153.44174	183.67575
173.73767	174.78882
159.10507	197.51254
145.62233	183.14607
175.00137	186.72383
142.0397	198.46997
165.03476	189.57864
162.69812	201.87076
146.61024	193.192
170.0466	181.29173
158.58308	207.76724
154.02777	171.10338
169.13675	192.6356
150.05191	202.96004
165.83429	173.83017
166.56146	210.72897
147.12808	175.63947
179.43286	184.20583
152.90022	211.88338
161.32106	170.03221
179.77692	197.04428
138.18256	191.40726
470.48004	380.24283
467.11993	389.83215
462.81998	365.9298
478.85385	387.52356
459.9389	389.36255
471.69922	373.29044
471.29526	394.3016
447.8723	379.7311
464.27417	380.06055
451.8961	399.90298
480.84393	368.86505
478.7619	393.8194
455.48398	371.83176
476.07455	378.13434
471.6352	406.38965
457.96246	377.2369
489.1538	378.71295
461.8653	403.67554
447.84882	386.82257
476.79767	400.66882
457.49326	383.81863
482.49896	377.72083
464.3348	397.10062
454.44775	365.06393
485.8875	393.9045
450.89658	394.11163
471.55722	367.98468
744.1965	60.755768
730.7569	68.58507
753.0793	59.417213
736.67944	80.36431
731.8917	63.481483
752.10486	78.298096
717.098	64.05491
738.849	52.840687
738.72723	67.400986
723.7238	58.83716
748.1447	72.70915
720.45917	80.246994
729.95935	54.912457
741.5199	71.47717
718.13367	55.781548
756.3595	52.906696
731.48865	88.435
738.3832	47.313637
756.3718	70.57579
730.0735	78.32613
753.2461	46.308697
740.4585	85.492714
724.46704	45.743244
762.45087	62.101875
714.63153	78.48442
747.8507	50.356663
753.66907	83.43328
710.5286	61.53077
637.6761	376.15613
627.61127	387.34332
619.72363	370.68842
633.69244	390.26822
613.1691	390.0449
630.0068	374.73578
631.7795	397.53168
611.3474	383.1225
641.9935	382.57776
621.134	391.40552
624.84015	377.4068
642.12537	390.502
620.97296	383.25635
637.6707	371.1895
623.4819	399.88348
611.5614	377.46597
635.6373	384.3199
614.44214	396.69647
626.6658	369.29205
639.37396	396.46198
153.56084	466.02704
164.22592	469.51382
157.47003	484.21735
159.00867	458.14215
173.55367	471.47247
147.47917	477.0442
164.10696	463.60458
161.89865	473.32407
147.81113	462.88687
173.2905	464.85938
154.89005	477.58804
154.26414	452.63345
170.48209	479.11078
150.60043	470.88867
169.91052	458.71948
165.60628	483.0563
683.6057	375.2296
695.7727	387.56488
680.0392	393.07492
696.20715	376.03494
699.2637	392.40143
687.6388	382.24213
695.2828	382.71625
689.4854	393.10287
689.1698	371.3338
706.01526	389.82523
681.801	387.07907
704.1078	377.21753
697.1454	397.94104
679.0092	380.32025
704.4674	383.6106
686.35126	399.21075
695.38446	370.3399
445.61908	90.32812
434.78085	85.72501
462.44904	67.490265
460.5126	106.342545
442.20874	67.16534
450.9774	86.2556
443.492	98.205154
455.3152	75.28133
457.0039	88.42292
439.07343	78.77524
472.8177	74.9913
419.4601	99.499
440.7155	58.730415
475.23096	99.38106
430.1828	73.48978
468.33008	84.28208
441.14618	111.10056
432.34824	105.80448
471.6358	93.40433
428.65778	89.76012
452.6928	56.358513
469.0833	109.60734
419.648	84.48265
471.74957	64.38396
451.1717	103.99972
433.64178	66.489975
463.0744	97.17552
429.63687	80.10613
449.1005	69.67242
555.1116	399.54898
539.0464	378.23325
556.6844	381.62994
543.4232	399.07648
544.84155	377.48987
564.8007	387.24265
551.20135	380.20587
565.9745	375.5435
549.12213	389.23776
543.23157	369.288
561.83435	381.39706
543.3512	390.39737
560.5795	374.484
559.7245	392.73035
538.7837	383.87408
570.44086	382.20505
549.2542	399.86374
551.30994	369.84964
568.9064	392.7594
535.6606	389.3078
559.5209	366.38953
562.44336	400.25894
146.85507	382.04974
171.88098	388.28415
148.08363	400.12177
165.08685	374.1883
165.85086	405.74127
163.72842	391.88617
175.56168	380.84564
155.28323	392.99643
154.20157	375.46503
177.31142	395.6245
142.6925	390.90192
160.8338	384.83682
166.15573	396.53445
149.64633	389.90698
165.26506	381.26065
158.03593	403.45966
153.98788	381.98587
171.32663	399.53308
154.94624	303.00616
163.79587	294.78635
166.9963	306.0462
149.81572	283.4095
167.76932	299.4735
143.21738	303.76373
160.44914	287.13702
168.42389	315.32214
146.11511	296.081
177.0594	290.58722
155.52963	311.94855
154.27313	290.01514
175.47165	302.0762
155.0129	295.0497
169.33739	285.48383
160.93147	311.25775
141.47122	289.7634
171.6293	293.26166
149.78448	313.245
163.04538	282.91144
174.76848	310.92676
745.0543	382.50455
761.2739	376.22394
747.91797	394.18817
744.6402	371.74377
757.2115	386.10834
743.0007	389.64578
755.806	378.8372
752.06946	387.71698
737.18396	379.80975
764.6873	382.164
744.1987	397.9239
747.12134	376.7817
761.18665	393.38293
737.1922	388.6778
755.5261	370.84515
754.4721	397.78302
