564.9084	394.31647
561.5799	391.02
566.7395	390.62848
576.36194	395.9186
580.05005	380.6654
570.52423	376.12323
574.4721	392.15277
559.43396	383.01227
581.28015	391.90836
576.87	384.5613
570.0648	392.6612
572.8296	388.37848
570.02295	385.14575
579.23584	383.56915
567.3448	397.95294
576.0872	377.81207
577.2853	388.88492
562.20734	387.22482
570.8584	381.97433
565.7958	381.7544
567.66956	377.08154
569.21515	387.8958
484.63834	395.3137
487.3271	376.329
493.88315	391.17035
490.53214	388.97638
485.2584	380.86304
477.60858	387.15744
477.53964	383.05746
475.21445	395.22812
473.79068	390.584
486.3462	386.6393
490.37677	396.08383
475.12494	385.11136
492.711	384.42212
474.34064	378.61887
479.04663	379.72748
489.99072	377.3393
481.91437	383.6211
489.27045	384.77533
480.10114	391.7834
482.92538	387.71445
487.21606	391.4876
479.69937	397.34845
482.82608	379.56
166.17415	471.45807
172.02815	473.39926
175.83116	469.75058
169.85779	475.81924
163.2742	467.18732
179.3374	469.88116
162.88228	471.95883
167.47134	462.10953
176.51143	478.23087
166.65521	466.17603
182.02321	460.7321
173.63815	467.33722
176.4065	463.12933
169.25471	479.13892
171.60335	464.4278
170.1387	469.35394
165.11723	475.48843
849.84033	381.87076
853.74866	387.87463
846.1664	391.6584
857.1086	387.10846
854.03046	393.38177
847.3258	384.27567
858.1044	391.13452
852.5726	384.783
854.32556	382.15796
845.1882	386.57846
849.8332	388.24713
857.9544	383.30634
850.9699	392.8068
845.5407	381.75418
175.37466	381.03607
169.35794	384.4696
172.85248	370.63245
162.44409	387.1081
173.97676	387.47577
165.52426	381.4044
164.68349	392.32526
173.29231	375.72607
176.74539	385.4308
161.81648	379.38025
179.0319	384.09283
170.71364	391.12677
164.23508	377.5258
180.96751	380.9478
175.2717	378.14575
169.42534	377.7943
175.94131	390.783
162.24068	383.99915
166.49767	371.3655
176.55382	286.6627
167.58133	274.59235
172.80309	289.99576
168.94273	285.992
171.41167	282.6991
178.30824	278.82443
182.49663	277.1403
184.6075	284.5586
158.9129	287.4675
174.15347	269.71753
166.56293	292.05048
156.8121	283.49307
163.80908	280.09576
171.2139	293.87268
162.06436	272.55994
179.07756	282.9655
166.95724	288.13596
173.48491	277.84302
183.92412	288.11383
157.77045	278.7402
176.53447	274.79858
161.58353	283.75052
724.1967	389.6701
724.0341	385.972
719.93274	389.5825
727.4818	379.36786
725.26355	393.01544
716.70276	383.40927
725.3294	383.2425
728.8255	388.3039
733.0723	380.16754
729.0922	383.52777
719.97205	385.36444
735.68225	385.69684
732.41455	388.21817
722.16925	382.92746
733.1336	392.10394
721.9298	392.98517
732.32477	383.478
729.79767	394.99594
171.28185	47.864273
168.4232	51.822876
176.84354	61.7835
175.9838	48.140827
178.45041	69.201195
178.33777	64.811905
180.6633	52.381237
182.08257	61.481987
168.25192	69.04054
164.238	55.54845
173.39764	59.913788
169.76122	64.20099
177.79813	51.74337
165.11069	64.984505
172.44041	66.51997
160.86731	71.70241
161.32265	54.34446
178.59001	56.93351
166.84427	48.80193
168.7696	44.15986
160.76762	59.13047
166.06348	59.418877
168.29465	55.67739
162.31094	63.065636
164.08073	161.86748
181.3562	175.3059
161.70772	166.3328
183.97885	171.59036
161.96774	184.7493
167.13626	171.68555
179.53575	172.5359
167.24173	176.71277
166.22571	163.21017
175.3649	180.10112
178.32393	166.54643
174.08736	176.80002
161.22255	177.095
174.46487	164.47427
183.80673	177.49657
158.27408	170.13933
180.50949	161.15176
169.15889	183.44864
171.82625	169.04347
166.51834	167.00435
158.04404	182.34688
163.57921	170.93864
178.26974	180.0793
794.25696	385.099
798.15076	385.8238
793.901	395.0023
792.96545	381.46936
797.6839	391.41507
783.11487	389.70428
797.2411	382.72284
800.1705	388.22284
790.46313	391.93253
790.9333	387.04797
794.67126	391.98016
788.0438	383.9084
788.0242	387.05807
790.3101	379.99557
795.5982	378.44943
793.99396	388.4221
490.81757	104.59328
494.37958	77.63412
465.99713	69.80352
499.32733	84.85138
482.47345	104.43015
452.35123	82.94027
472.8344	69.64823
464.0023	104.8018
482.54053	81.80403
488.02652	99.10909
467.52222	75.48613
473.9702	85.65707
478.7708	86.168045
462.91797	88.5192
481.90762	65.98866
472.69342	111.84877
485.4903	93.82253
488.2046	103.78542
468.3728	81.63055
477.69415	72.48185
494.76123	93.110886
496.011	74.92807
491.33432	86.62099
460.7685	91.354485
468.66138	90.28008
499.85532	90.60109
483.00482	75.770905
490.7713	80.00197
481.12988	88.12993
790.9907	54.99594
788.2997	44.81182
788.5005	64.863716
798.17865	48.4037
796.6926	68.58608
781.6056	57.65252
799.5052	70.556076
777.31335	51.550232
784.74054	41.29476
798.8788	55.79593
771.4256	60.204823
803.2163	54.169506
779.8798	68.2147
794.87616	57.580727
787.0873	56.879993
792.62054	64.68693
800.4452	63.85858
789.4386	50.027596
780.5036	47.080276
793.94995	48.551353
779.3101	60.756733
784.6919	64.12129
792.4689	71.69731
787.9944	68.977684
655.3828	385.7699
649.4856	393.90775
655.93787	391.5666
664.1518	388.01288
651.71454	378.74765
659.68713	383.5417
654.94104	396.5127
641.22076	386.21347
658.8241	388.05606
647.171	391.27914
655.87006	382.4943
659.7626	392.03488
652.247	388.43512
648.6618	376.80295
655.03723	379.55832
644.2053	385.54663
657.54755	378.57593
649.6525	386.51318
646.2784	381.04684
648.0629	397.6106
381.22723	379.60843
395.25775	384.03357
388.00464	398.24185
394.2353	372.83493
398.76492	399.80777
388.48108	385.16666
398.7487	379.80063
382.9137	393.01938
387.96463	377.14337
401.74802	386.44394
400.9283	382.48962
377.45004	392.57803
397.5877	394.34378
383.07718	384.21808
391.52664	388.3775
385.21185	388.32312
373.36066	385.35202
392.56284	385.10812
385.02142	397.42102
387.0385	381.9877
389.43353	392.09375
380.31717	385.1558
400.54694	390.68356
394.5152	394.81958
389.07513	373.51886
172.6099	557.10895
161.77118	550.1688
169.4139	539.9912
175.47604	551.3304
168.24167	543.4765
170.41614	548.7994
172.7784	553.59924
172.78116	546.69574
167.62422	551.56433
167.3115	547.8385
175.78568	548.4362
168.71263	557.69324
161.13107	546.1659
178.10565	554.7386
164.74898	554.0521
179.49545	550.52716
