154.29784	56.855732
158.9953	64.82659
154.39404	48.77876
170.46416	73.354256
140.52849	49.78019
172.31372	45.733086
147.38202	83.9854
144.04567	42.704063
162.95091	57.058666
149.04268	67.10721
164.75012	49.141605
164.58194	85.22047
139.40164	69.42382
178.02072	62.676323
150.0197	76.36243
153.60495	41.85568
175.15347	71.999664
146.57541	62.058796
176.77573	54.729774
164.15634	78.72632
138.02611	59.25927
172.0419	66.2007
140.24501	73.580154
163.94507	41.296856
374.56482	408.02396
355.161	383.41995
366.84253	384.4108
367.12723	394.60446
356.48514	378.17355
376.05972	390.8532
361.09235	387.5352
374.70624	376.59454
356.71448	395.21744
350.21524	376.71164
363.1737	376.20966
352.65656	403.2062
371.709	371.80338
378.02002	400.37683
345.44293	391.30167
383.5934	377.56894
363.25824	402.73892
359.7417	370.6144
383.61456	393.4745
349.12057	393.43707
365.37164	365.98996
368.05414	404.71588
344.43546	381.3333
378.8891	384.56805
354.31326	407.3231
733.0065	66.667046
737.66296	60.343464
728.47406	61.962074
751.27374	60.75753
746.43274	67.044426
749.3687	55.11834
738.8377	51.8966
736.5775	72.02486
743.6747	45.29606
750.07794	79.93465
727.38824	55.395935
755.2929	53.937134
737.9619	82.526634
735.7478	46.87494
755.248	66.7636
719.9298	73.26113
754.0758	47.349815
742.08936	77.80684
722.15564	48.752457
762.5861	57.86449
729.22107	78.46764
724.85034	42.691383
754.68036	74.83099
718.11584	58.569405
453.11694	86.31032
467.2003	99.61064
446.3893	96.57985
476.1058	74.871445
436.57422	99.34998
453.30582	59.22107
466.28256	115.25029
436.38287	66.61992
474.025	88.456085
438.82562	109.07976
444.95474	72.38983
441.0943	78.93416
427.65558	78.035866
464.03955	76.04593
431.21494	111.81647
453.59198	70.26369
450.51846	90.84352
448.72015	103.50951
442.0384	57.372417
468.03403	105.5978
417.8792	79.61284
465.5423	81.93465
456.215	104.39205
424.39438	90.589096
459.9607	94.151245
425.40805	100.02324
455.36786	77.03576
449.72647	118.051025
434.05127	86.26334
163.05394	177.1096
146.4189	197.55762
161.45757	170.94156
164.75172	182.2522
151.09512	170.6069
165.84822	166.87572
148.75714	188.59027
156.85463	165.63365
175.61125	182.31007
140.79768	187.03542
160.24129	159.99652
166.59	187.44745
151.57742	181.1402
173.12961	172.27415
158.80344	197.65268
147.9075	161.49944
171.66046	193.40587
143.99316	178.24846
169.68008	158.69116
157.23459	185.42567
142.4146	169.52823
459.2867	387.01718
455.6433	403.08405
457.39087	374.36053
457.0501	392.11508
445.02255	381.77258
465.90756	385.1498
453.20587	396.0811
454.3702	383.49976
467.44733	394.17743
444.78082	392.3516
454.89737	366.6032
461.5183	401.7603
435.14804	388.6535
468.66104	380.1067
444.24585	399.13007
450.22012	376.32608
468.77582	402.51727
439.99887	389.4052
463.69067	374.40958
449.08365	404.83008
440.6631	376.54962
473.4481	384.42523
153.62712	283.22498
160.51953	275.63528
167.69777	286.85748
145.78726	282.97388
175.56448	270.74686
161.5201	289.21295
151.8043	277.94403
158.97241	282.35083
145.83707	293.1643
165.45255	267.42163
163.861	298.00003
140.72304	279.19946
173.6112	284.49075
144.34158	299.47336
155.21663	268.1376
170.52727	295.70392
151.16515	289.9576
172.00204	277.85138
152.27817	303.36664
148.32364	266.7017
163.69464	544.0806
155.27505	549.29553
153.07054	535.3629
162.25046	558.1397
147.87445	542.2107
169.30284	540.2648
152.82971	556.97375
154.20346	543.3053
167.96567	549.74347
148.01485	549.9341
160.30164	537.452
160.66339	552.1655
683.4682	382.7737
696.0836	389.77985
685.7115	392.34106
692.1851	379.14935
697.76855	402.26273
680.7682	390.89423
700.7859	375.80164
690.6538	401.19443
684.0886	376.43048
703.22455	387.86682
674.2438	391.96182
695.798	384.20404
694.2536	395.25916
677.30475	382.5335
704.66895	382.40768
685.14056	401.05667
688.8626	370.70505
704.96216	394.76575
152.51585	383.08612
170.35794	372.8929
157.41681	388.3864
144.51944	380.80194
161.23846	381.82373
153.34744	396.86533
161.46495	370.7864
163.65225	388.9692
145.95667	388.01013
168.08119	381.16022
159.50407	397.951
154.65723	376.25122
174.66277	394.69864
139.6065	389.6611
155.36522	367.0114
167.66037	397.82776
148.7788	368.15402
175.18004	381.1245
145.87617	394.66315
160.38533	462.6396
161.04178	476.3108
152.0644	474.40717
172.61253	470.90543
157.67792	482.583
151.17819	460.04965
157.3719	470.61578
147.28769	483.69775
167.37134	463.23984
164.06898	487.1919
144.94308	472.3355
166.48157	477.59537
153.62169	486.31293
153.733	464.6461
171.87065	482.53696
144.70538	477.25937
812.39954	379.16333
806.8865	392.47528
801.45984	385.71722
814.8015	390.77155
795.87866	395.84515
805.9128	379.16052
812.102	397.13947
794.67737	387.00485
812.99896	385.82703
801.46234	395.67786
798.7887	377.8498
547.2838	398.05902
529.14484	401.96234
550.33624	373.4544
541.7643	405.62897
523.1422	376.32422
546.0436	387.51767
535.4671	394.94196
531.50653	377.25427
553.22864	400.064
531.30994	385.64975
541.56	378.4466
541.0137	385.77362
524.4652	384.02267
552.8535	389.30658
520.73413	389.92853
544.84656	369.30804
541.85834	396.3178
527.93427	393.14758
553.50916	381.83878
533.8393	404.33035
535.113	372.18134
766.6568	394.05505
747.4984	389.06104
757.68225	383.57422
758.8996	396.14154
744.6192	379.7136
765.7433	383.05124
753.35205	391.82806
749.90765	374.60226
757.0912	401.6771
742.7867	385.6834
763.5993	376.17853
748.826	400.41458
753.57495	380.2554
767.03674	388.49908
743.10065	394.99426
624.6461	371.06937
618.4574	404.00153
601.285	382.03558
631.1589	386.93317
607.6748	398.82794
616.2374	384.1319
629.387	396.9488
614.4768	394.41742
619.7674	376.8538
623.31537	390.88953
609.9142	383.694
621.81287	385.52728
602.60486	396.2498
612.36304	371.45706
625.37463	403.26318
605.8122	391.10532
629.2424	377.64032
614.67737	400.31586
606.3214	374.95123
634.63434	392.65747
