464.88736	98.841866
453.57144	106.56106
479.56528	94.35056
500.62396	87.82918
454.3942	89.78395
466.69678	78.03357
491.5983	113.4789
476.6031	67.823364
476.8148	76.31502
471.6857	88.28401
498.81845	72.912994
481.9249	104.59241
476.38696	84.21959
502.80405	76.897995
465.53827	87.32632
483.22153	73.61287
497.80737	111.793175
442.09628	88.46236
492.09512	72.95905
475.1175	109.30806
463.79633	74.75487
502.4117	101.072556
467.7828	115.26225
479.63712	61.934612
480.13663	121.99021
460.85825	81.97423
508.8939	84.93526
476.70148	99.52122
469.55255	61.590233
492.80414	99.67726
163.3332	301.71558
170.2929	315.1737
172.90598	331.81918
168.40823	305.26678
162.07376	314.32855
162.26907	326.06244
168.77219	294.33197
182.28996	314.76834
150.4671	311.20624
178.9409	308.64005
166.26799	321.5522
156.85873	302.67532
185.7426	310.18134
156.59949	315.72537
173.75766	305.78876
177.40614	326.12854
144.70493	305.86972
185.636	301.7871
155.90134	322.6347
162.66898	296.1608
182.87747	323.1739
684.39124	386.8487
689.75195	383.39502
687.4736	396.79828
679.44324	383.90988
693.744	391.17798
678.8105	391.28168
691.70245	377.06427
696.90265	396.56677
672.4824	383.85236
699.05774	383.6428
682.86896	402.2154
685.4391	373.44678
702.0475	398.3758
675.64417	397.75906
701.38007	377.15973
693.2285	403.34198
679.1114	377.83118
703.8644	389.7269
808.078	395.72388
813.98846	377.08978
826.12775	394.6984
810.3842	386.80875
820.5243	376.79605
813.9282	392.7551
807.46155	378.40567
820.7507	391.23224
802.8861	393.715
818.55426	384.09384
819.952	399.85754
802.1212	383.27252
825.87695	383.79858
811.3067	401.2288
398.0371	382.15875
407.35513	396.419
386.94537	395.70917
392.97757	376.01022
398.41022	389.7012
381.29987	378.0262
415.10776	384.33755
386.96527	402.6725
407.6143	373.80164
393.87976	395.0507
380.58432	384.90207
405.81985	386.31207
392.4584	405.60904
386.78067	363.7613
414.68076	397.74695
381.0129	391.09015
406.85004	379.70013
404.88394	410.09976
373.08353	386.7282
421.09863	383.1091
390.52515	412.67987
390.7971	370.54752
412.3379	408.72845
375.3371	400.37775
414.45844	367.6151
403.96756	400.6405
381.38046	369.53543
417.70612	392.15836
381.5586	404.46475
402.3028	370.20892
868.69305	398.63174
859.68146	387.58945
871.7876	384.6352
859.4292	397.52313
860.9202	380.6107
870.9839	390.44257
853.94824	392.09778
867.57733	379.71127
864.1989	392.24423
853.10986	383.02756
174.91263	59.43203
163.89198	70.44951
173.57042	54.74296
176.09659	77.4762
154.56393	69.48943
195.1683	63.97416
170.29666	72.316925
157.83032	64.45022
174.39774	66.366554
157.7186	81.0475
179.50778	53.832592
166.78162	95.15443
144.5661	54.40096
184.61082	78.13697
161.59552	87.23826
161.2769	46.20983
173.31631	86.15019
146.43047	63.76817
169.90744	48.126312
169.43652	89.117065
157.76295	52.840443
190.97562	67.27321
150.22855	72.93813
164.79326	56.016197
186.2967	87.62291
144.80807	84.17607
186.2816	53.17705
753.634	399.50565
752.08453	383.73557
768.4617	390.97226
744.4088	393.14868
762.68976	376.04977
755.6815	392.7326
743.0743	380.6425
760.18195	386.65378
746.115	399.28195
757.28033	379.3599
764.882	400.56976
747.75757	387.98444
766.7811	384.11774
759.0897	399.25607
750.2305	375.83307
167.71274	560.9685
161.35794	570.51843
170.44058	556.1356
172.36963	570.49524
159.14641	554.27954
178.31929	557.0778
164.55388	564.8224
163.96188	549.4839
177.9122	564.4245
157.48123	562.96686
172.55882	550.3321
795.38885	70.775856
775.08154	45.051994
789.1356	59.017708
783.324	54.76391
791.2039	46.674747
795.73474	62.59613
781.1208	44.898384
803.5353	40.947075
779.839	74.41265
791.5406	38.778923
799.97754	56.31013
784.76044	64.235634
796.6798	42.675457
803.20087	66.88178
773.2285	52.44101
809.107	54.75254
776.6015	64.84966
778.56573	37.143852
810.30554	62.04978
772.79065	59.48742
797.5489	50.617085
786.0342	71.61094
601.4979	383.18567
620.8945	387.71747
596.7971	399.61124
612.4003	382.15295
611.16284	401.24957
606.32043	390.63776
612.0273	392.98004
598.4164	391.73306
603.00464	370.7724
627.5963	390.18958
590.8599	393.3378
612.27985	370.26437
610.47296	407.27286
591.23224	379.85513
622.29486	381.14178
601.53064	405.825
606.46936	379.27667
620.5023	400.54053
596.8795	386.2316
618.3215	376.13776
605.3287	398.94266
596.943	375.31018
170.26778	203.22147
161.33577	200.00635
175.52441	174.39304
180.0522	220.971
168.45512	193.90233
186.77098	192.4258
155.27776	211.20139
150.87668	197.39377
172.6951	208.6204
152.97089	204.1564
166.90579	180.30597
164.61261	205.96419
151.3446	179.93654
189.34769	202.29567
163.33719	215.52795
167.30186	187.52725
185.27943	209.98076
150.14618	188.56924
179.6	186.55504
172.5476	217.64917
158.40784	182.29538
179.0358	197.45706
146.67654	200.4763
175.33792	181.51347
522.7943	406.74625
496.28018	387.3384
503.07462	384.46347
513.06793	391.22684
503.8476	377.71942
505.4312	389.55597
487.869	391.83194
522.5197	381.23334
505.6189	404.15366
511.38623	374.5417
525.4763	392.4675
501.2127	392.0285
520.2452	367.9384
514.2315	398.35596
491.52774	383.43954
528.46893	374.196
505.10986	410.4638
501.64218	366.1247
531.8845	396.0549
493.9423	396.6087
519.5475	392.4096
515.91406	407.3096
495.05957	376.62567
529.8729	385.4725
495.60928	402.1984
517.5835	372.4143
178.57704	501.48712
153.28723	492.15527
175.01942	480.99365
167.11084	504.0923
167.59819	486.6538
182.13391	493.7609
156.07951	499.08173
167.16405	494.15952
173.46945	507.79352
161.63715	483.70248
176.35797	488.93784
160.03084	508.02817
167.49084	479.8228
172.46078	495.90714
162.45126	496.57526
174.62923	413.61865
169.03412	420.08667
159.73006	398.1177
180.8633	409.5618
161.22147	415.86752
172.73062	405.63763
185.88515	415.87265
162.63914	405.40616
183.03156	400.65906
161.98222	425.2718
166.67236	392.87622
176.6719	422.92163
153.6501	408.29163
174.22948	400.1574
167.55502	427.04263
152.80655	401.66052
167.75462	411.99893
157.08792	420.25888
