688.7766	386.44916
688.2438	393.44006
693.1641	381.73746
692.5414	398.4684
683.5641	388.6798
700.8983	384.5458
687.1495	402.461
686.2694	378.8165
703.5094	393.78638
680.4905	396.71188
697.1681	377.41263
696.9618	401.71866
678.66125	385.5669
703.31287	388.9817
631.77295	395.61774
631.22815	383.81516
641.31116	395.0866
624.195	391.3908
635.4557	386.799
630.7186	402.2016
626.1078	385.3
642.4333	388.55246
619.4502	394.90033
634.6223	375.61862
638.73016	402.41763
618.502	382.3437
644.3969	381.8592
623.7019	401.05298
625.6288	378.06503
647.70245	392.9475
445.19614	92.31669
422.7337	105.73073
466.50577	94.23514
433.57193	83.2475
460.01813	84.289474
447.24683	124.410805
445.4542	62.667095
476.3814	91.14662
425.6093	96.975555
439.83658	85.12655
447.19077	109.23256
441.47144	75.18358
449.90088	88.50425
442.76166	99.01277
458.2184	76.09021
468.3244	102.227554
424.37094	74.60271
474.31503	83.56817
438.85468	115.1073
457.32257	71.279465
473.3229	110.43056
429.42706	110.62715
469.22452	77.591446
455.13843	106.5438
435.1125	66.23849
466.96207	85.05252
417.7307	100.81553
455.00156	63.741783
454.34814	114.48165
426.81763	83.471405
166.4866	221.57657
154.99603	230.3346
148.74033	207.23547
166.18307	232.11008
140.36288	224.41438
156.52945	223.48486
159.68109	245.80574
136.95706	210.60202
178.13617	225.76611
152.22299	218.09473
160.98456	214.58472
173.36288	230.44528
146.20624	222.7261
166.08115	203.00952
153.89146	235.78825
144.4369	208.1855
175.20313	216.2854
131.72263	227.18213
156.27542	210.0505
170.86447	237.50107
137.97678	218.19951
172.647	204.69395
142.38507	232.99414
155.18018	198.17819
386.6457	397.7854
363.15533	385.5876
375.75928	382.0395
379.2036	396.4468
374.9597	398.61603
387.54776	383.01227
362.06345	401.97174
368.07562	394.61102
382.5906	407.25192
354.38	375.5978
394.11133	384.1284
365.15936	414.34357
369.80438	376.0268
383.01862	387.64545
358.74738	389.65356
372.64996	369.32297
369.67447	402.3123
349.01703	375.93384
387.72165	372.265
356.82327	403.90787
360.52005	366.27612
391.08563	403.28357
349.63446	394.99725
381.08853	374.51196
372.30362	405.74054
362.66565	375.71515
397.5085	394.82187
351.08414	403.54703
377.63812	361.49567
375.89658	411.42813
153.42496	482.49048
166.68811	482.82788
152.43816	489.95148
150.70592	476.22403
158.99849	488.95343
143.89758	489.3104
157.73438	471.9726
157.24289	498.129
145.23581	481.03485
168.54886	489.45255
150.44669	496.5921
162.39523	479.92334
164.2342	494.75644
786.6037	391.74048
799.7826	381.66852
793.88904	394.419
787.1434	379.58258
802.74585	391.89117
782.401	396.58047
792.02966	381.84338
797.9179	398.90012
783.62604	386.5966
797.0028	387.8489
789.0453	398.64297
148.00674	68.15353
172.26544	71.411354
162.8025	83.78346
155.08893	74.99262
159.85718	90.814926
135.23749	66.899704
164.62285	76.31233
139.91635	74.68945
163.64445	63.32799
166.02776	85.77915
157.03067	66.6631
164.2083	69.39119
161.83012	97.36975
148.427	61.30767
176.41667	95.12669
147.3873	91.11519
172.99484	56.16557
159.79642	105.09735
130.45862	82.14263
175.63475	83.27016
144.68246	100.04978
151.2399	52.221375
168.56587	102.89996
133.36899	90.02661
180.75769	62.465374
148.15628	106.32121
137.2468	56.470467
178.76016	69.32823
130.365	94.36035
169.23668	61.138924
157.54315	554.98706
149.87215	549.8714
166.83644	545.52576
153.43924	561.6584
154.9407	544.72815
166.42136	556.3451
150.21136	555.2588
159.48274	540.2904
162.55992	563.35535
146.28728	544.33954
162.35135	549.5572
145.44508	558.2367
567.91614	388.98663
575.78357	402.06198
557.42303	387.08365
580.3913	383.72052
562.18463	393.88885
560.464	382.36185
571.20935	393.7996
556.6388	392.9151
564.0287	379.23907
567.3478	405.2331
551.43726	381.6898
575.4287	388.54486
556.3801	401.1651
562.81525	373.10455
582.4242	393.06613
551.422	396.6407
570.60144	376.35736
563.8531	401.1014
154.19846	412.01132
159.71165	416.4366
146.72058	424.12997
152.7751	406.11197
163.3382	423.66406
144.76686	407.11978
163.95117	399.31827
155.38821	426.2101
155.22615	400.4262
170.6554	415.93442
147.15755	416.264
164.09927	406.38202
155.02704	419.99066
147.96182	402.01752
166.43655	412.9567
461.23535	397.7896
480.27313	391.75217
484.9599	398.23373
474.38876	387.7277
488.5088	377.46893
471.37518	401.02573
473.0206	374.5934
487.10577	391.8448
478.57358	399.19635
498.7212	377.24762
491.3334	407.97034
468.257	387.04865
480.46002	384.35104
475.60718	410.34174
481.17267	367.0065
498.77188	394.15677
464.19507	388.0806
494.50122	385.07318
485.53574	404.57013
465.8773	378.5683
499.7879	388.41928
468.16812	405.68896
479.92157	372.9897
499.25497	399.1936
457.9475	384.58896
169.38281	331.69977
161.4309	328.3388
147.7059	328.41885
165.01994	333.3093
142.18283	332.96176
163.12856	312.9781
154.55789	337.22125
141.17502	324.7543
157.90697	319.15945
144.53177	343.86337
154.95132	310.32892
162.3271	342.64703
155.9296	327.09305
168.22475	318.44952
151.23734	340.13565
147.908	320.34323
175.23212	328.67242
733.74994	83.291985
743.25226	49.58044
740.5277	70.2434
735.5645	52.836853
759.92645	70.63944
739.3522	93.789276
745.35297	60.9346
740.7442	86.245316
728.0094	86.77548
754.2618	61.94448
734.368	63.444496
728.06604	54.935333
745.6559	71.75388
721.2167	78.46028
730.7572	42.30316
751.63684	77.61025
726.6841	79.033615
752.70325	48.68075
750.77356	90.108826
727.749	47.656597
767.9543	69.76594
719.8421	62.668865
749.63184	57.259388
758.2033	83.03392
729.7102	68.15992
759.3356	58.89975
740.70404	393.65884
742.0301	383.85153
753.1327	395.2241
732.7511	393.74838
754.2745	382.08636
745.1051	399.79514
736.282	379.7168
755.27905	389.38354
738.40344	400.52005
747.22516	377.03467
750.3876	399.99426
736.74866	386.74805
748.3695	388.0791
