156.85817	498.0446
151.02126	490.82666
159.43883	486.48306
162.38022	499.41153
146.0981	495.73883
166.36617	487.6696
151.5155	507.46417
151.4838	483.49307
171.80542	500.42856
148.58748	501.20102
163.7575	480.31635
160.4463	507.05533
144.947	487.1297
169.60359	492.40976
463.2618	397.27213
461.0621	387.45087
472.78833	396.643
458.13715	377.1464
466.78595	390.6252
476.14917	405.83148
466.31558	379.55667
476.81738	386.191
454.2444	388.97876
473.37482	381.74927
479.59653	396.9262
454.14072	383.6501
485.88315	379.65182
458.70874	405.89365
461.80997	368.9693
485.71118	397.31073
450.8625	393.9476
477.58673	372.75064
467.8915	404.30508
444.91913	387.63422
484.94672	386.9223
460.82794	401.09814
468.06503	371.61426
639.7511	394.50067
625.1964	389.10443
643.8627	379.9264
632.2438	397.944
629.401	379.79974
635.399	389.14404
624.2953	395.1042
635.87634	382.6592
641.6904	403.38684
616.74567	382.46313
647.1064	387.47437
621.98035	400.57196
629.9214	371.1114
647.5807	393.8973
617.3468	389.72687
639.37683	374.50452
630.8004	404.99628
623.4954	378.1362
164.28094	310.48605
144.80771	317.924
158.67938	291.59967
158.0334	315.49915
144.14174	298.4041
160.35985	299.976
150.96458	313.80377
156.01602	304.72058
167.72974	302.54913
138.85364	313.24173
174.59752	298.7988
164.56662	317.5778
152.68839	298.82513
173.3932	309.62912
153.65427	323.33606
148.00803	291.25787
170.58005	319.64963
143.69176	307.154
164.43565	288.23578
552.56213	394.52414
548.8413	387.43274
566.7357	385.14194
543.7415	398.14056
556.653	388.86224
561.51526	401.827
549.12897	380.35764
557.14014	382.79953
556.69696	399.7607
553.52185	371.81955
565.70935	392.84753
541.07935	390.6853
565.2101	373.38913
554.45056	407.09454
543.101	376.38284
570.75134	380.23624
547.38367	401.15863
558.9	376.6486
567.9407	401.9513
538.2879	386.0703
157.5009	401.30328
151.71497	409.4114
163.87155	407.05396
174.9288	411.504
146.70038	412.11996
159.60858	390.75134
165.29832	421.8632
148.7283	394.77853
172.04337	401.9638
154.26138	417.57065
154.32832	396.02554
162.46129	414.35956
143.65567	404.4522
166.93083	394.98953
156.0821	424.97495
141.95343	396.25146
168.51659	408.01053
144.7485	418.0232
752.82245	377.42252
761.3172	396.8032
742.40137	388.19977
759.95306	385.8
749.8522	394.1928
750.2853	386.85385
756.80597	390.73468
742.59985	395.22827
760.8895	380.7007
754.13196	397.74323
745.741	379.46747
163.8472	559.66516
152.81491	568.1395
158.31606	548.4367
160.14902	566.56433
148.53134	551.2879
164.15068	552.38275
154.70479	561.20294
155.25192	554.75037
167.81888	563.84015
147.76825	561.8307
167.75835	63.121635
169.81404	91.59247
142.01859	65.68487
173.3721	61.21941
159.09482	73.635056
145.35316	45.920387
178.10634	79.81914
139.90903	72.6088
154.04782	46.72703
157.70883	67.433716
166.42569	55.499683
171.83513	81.94568
149.66083	73.768105
156.04712	55.443336
154.208	81.73355
134.6271	64.16131
170.57208	54.349396
148.19252	89.40122
152.2684	64.19002
180.51433	61.3525
134.51846	80.82327
163.42673	49.167355
158.18303	89.28968
144.65315	55.48993
171.56418	73.57405
694.36536	394.7707
699.3998	381.9467
708.92834	393.18692
694.22943	389.49658
709.2473	381.4167
701.38745	400.36618
692.80304	382.66464
704.84955	389.17697
687.41345	392.66425
704.2006	376.72894
708.7272	399.13516
683.5589	386.2448
713.51025	386.88614
693.9055	401.329
695.7086	375.03226
172.29916	202.13423
135.64127	197.57999
169.8295	187.46718
160.2642	218.93677
138.3897	186.72905
159.21043	198.96524
156.13028	193.39891
164.27051	184.92578
163.60262	206.94072
149.22446	185.94858
166.08292	196.39587
155.00664	211.81221
157.69685	182.94695
177.33414	196.33916
145.38774	201.80524
164.15088	174.54543
151.13194	201.73497
142.45938	194.98323
176.23933	187.10446
142.79863	206.73965
151.36981	173.61035
164.4879	213.28178
345.60028	399.71613
371.39508	379.9472
370.97992	397.75427
360.84827	382.54208
382.7697	384.72705
354.06808	400.84598
367.50006	366.94305
377.82346	392.6646
359.81653	390.06912
382.38135	377.5751
369.6717	406.20227
372.61276	387.4693
365.10568	390.3686
348.84555	389.66046
372.103	372.63327
374.13547	405.24567
356.964	380.93063
392.0939	383.8282
354.73666	408.08746
358.83038	368.74664
380.33527	408.24176
349.91693	382.14157
384.30722	371.72913
362.98236	404.44708
357.06113	373.98718
387.12396	392.3113
788.195	397.14618
797.136	378.29108
796.97107	397.71338
786.162	383.14252
801.65686	388.54144
794.1741	391.51736
792.78845	382.911
805.05115	393.80743
786.4628	389.18344
801.62225	383.05472
748.0666	75.61932
719.8599	58.19629
729.5396	63.38735
727.3911	74.76335
744.80084	48.471066
753.52496	79.71692
722.11365	72.25343
745.14685	66.894005
736.1763	74.76767
743.4448	59.545296
760.08124	84.07411
718.75037	66.35355
757.44183	53.771507
746.08246	84.57334
724.7642	47.279648
752.73474	60.61809
739.36597	83.796036
736.1981	44.150787
761.3856	67.76909
739.78094	69.52931
749.084	41.992943
725.87646	83.58331
732.6393	50.58782
764.03406	58.25771
438.68124	100.5792
452.98907	76.49163
448.243	83.818985
425.54608	105.93117
467.58633	76.20464
446.0314	122.013504
437.4881	71.337006
474.54633	97.88886
430.72827	104.366165
459.3417	81.77816
442.54077	92.616394
428.6334	88.38356
462.30777	88.79347
453.37338	89.29901
446.6582	68.41983
464.58292	110.76499
428.37115	78.07878
478.91217	78.90941
445.16986	112.320786
458.0114	61.077187
455.64862	96.439316
422.93988	87.06689
457.6896	65.74264
458.9022	111.930466
429.02997	68.175835
470.6425	90.0314
436.12775	115.04484
438.30698	86.726135
