518.96576	398.45447
500.19424	409.36606
505.07416	388.75232
517.4315	422.1293
513.11	399.46408
518.8958	406.9536
506.9217	407.22098
501.66782	401.93964
532.8308	409.70264
505.24918	417.9315
515.6615	390.51328
525.859	420.51953
501.7249	394.7123
527.1095	405.71198
512.1505	414.41544
515.8976	385.54565
520.34705	413.93594
493.83026	411.08014
528.2392	392.12726
515.02716	426.54108
768.83813	401.35132
781.10034	405.5335
767.96405	416.5562
774.69775	402.3461
778.3827	415.476
763.0547	402.83884
787.9361	403.1395
772.6394	412.26456
774.7313	392.91437
783.4857	415.3566
764.25684	409.93692
779.5733	397.3337
606.57635	405.47653
613.8815	405.03583
630.0839	402.35886
609.36395	414.89688
613.26697	397.06952
622.6169	412.02325
600.6994	403.2723
622.7879	400.59918
612.165	422.45367
608.3459	394.92804
625.6825	408.22372
602.48785	410.32437
619.529	394.05063
616.52234	414.6245
147.70668	95.24007
165.31737	98.979164
131.93863	126.4975
144.6214	73.106735
147.65733	103.74756
126.24127	87.197495
139.71335	107.53351
152.95827	114.39839
129.60225	93.83347
158.54524	112.660545
123.455734	102.837975
148.5846	81.716415
140.86987	125.07967
115.90802	94.49176
164.46162	81.75047
138.66116	135.73198
134.13387	77.072876
173.5787	112.0681
137.25302	114.13346
145.89822	89.356
152.37636	128.98405
131.1702	110.085365
167.45027	91.16667
121.1057	117.40111
158.9284	85.19887
162.21169	116.81355
131.1761	487.72397
152.05515	474.23102
143.7854	491.90497
140.85184	480.82196
157.88145	488.92032
135.58823	496.07318
146.02188	480.51968
148.74576	500.60587
133.33548	480.20792
156.10153	481.71768
138.72351	489.69986
141.67947	473.4145
147.77127	488.92627
133.77678	262.32834
155.12271	249.85196
148.746	279.69803
144.05234	261.678
152.90024	267.5196
138.61234	267.7227
150.56845	261.79413
148.6667	273.4626
127.58309	263.26236
156.16493	261.04343
137.61247	277.49628
140.08958	247.87595
159.28189	270.4749
132.85934	271.41656
141.38077	255.6772
441.5839	115.957924
439.42535	125.482864
450.18854	104.26046
433.05923	100.016945
462.47867	84.58332
452.78326	135.45486
415.90527	110.42082
437.67325	100.75039
473.4127	129.15346
444.82233	77.57107
472.66486	121.53353
455.3859	116.95952
452.41666	70.230225
462.10693	105.7355
435.9792	90.047295
464.27057	101.905815
444.97348	133.4761
430.35263	82.80988
480.04404	111.48521
422.79956	121.35404
451.25934	96.35007
442.63947	128.04146
426.09	94.006805
470.31567	87.99231
440.27856	106.001816
463.2243	75.580826
461.57147	136.53569
420.86328	98.25386
469.72125	106.27678
461.47662	141.30602
141.28775	374.50485
153.36636	378.62683
130.53423	389.65576
148.20456	379.6485
143.42331	385.18073
129.12848	376.58588
158.59016	374.25116
141.54439	391.2686
147.05408	364.52554
152.21458	386.9516
136.49886	381.23715
152.9853	368.79303
151.96446	392.75247
136.28029	368.18698
849.6582	404.0788
836.20917	416.0145
841.12463	399.82208
844.3333	418.40552
837.5783	406.0624
854.0081	400.12454
844.5425	409.8226
833.73895	399.33963
852.08606	412.43634
830.25134	407.37067
845.6035	396.41846
698.0249	420.25845
690.1784	399.55255
698.97186	406.4428
688.71155	415.42935
698.7806	399.92603
707.24316	410.57062
691.8539	403.98993
705.82965	401.5191
696.6195	411.5241
688.8539	394.13568
712.69354	401.28592
685.2402	409.58917
702.09924	392.71542
703.6927	416.0392
348.23325	399.33823
366.49506	396.14935
368.48242	431.40445
367.9123	378.04608
387.54953	422.33667
368.65	412.3771
376.41913	398.1826
377.57312	428.58136
353.91034	405.22107
386.51996	409.67984
362.81854	420.4205
361.15976	391.89682
377.7507	408.41867
364.79953	402.37997
397.95337	397.85645
357.04218	431.1801
356.21353	376.38733
396.99164	407.9417
349.74213	415.99252
372.18137	377.34616
384.60367	431.26227
355.44373	386.3959
388.3834	400.47778
355.2219	421.7272
382.9666	383.5667
392.73975	416.0136
360.50467	409.88055
381.39056	392.3231
757.17883	68.39832
747.0627	48.320076
764.74817	57.572975
739.39124	66.53062
761.62384	43.80359
758.9536	61.72796
746.5173	62.890533
760.9967	50.479736
750.6533	71.40263
753.46783	46.027523
770.55255	63.50199
735.1964	58.577686
751.2586	59.157288
761.1224	71.507034
743.8913	55.130768
