753.12024	62.246094
738.9563	66.55491
738.58746	54.24195
751.6509	81.89785
746.51666	63.273426
761.668	52.01523
753.6853	72.24257
745.7835	50.004574
767.0055	67.6809
734.00305	74.90019
757.6866	46.709793
743.22766	80.2508
735.9545	61.250225
765.93555	59.22782
745.0411	72.18956
750.8453	56.967632
761.0101	72.45223
510.81732	404.68274
508.39102	394.08713
492.7435	417.2956
486.9417	391.2342
524.69495	403.68533
495.9436	408.80515
504.2899	377.63156
509.9843	412.38486
502.25806	401.2189
515.5615	401.12402
499.3145	420.24683
493.45792	388.3111
514.9102	412.08698
483.9953	400.67523
512.1856	394.65747
504.10907	418.60248
494.85507	399.0069
520.89246	396.07803
484.8207	408.70218
497.7713	382.60724
509.8502	420.29376
480.40714	393.9978
519.09033	388.85745
835.23865	404.33023
827.138	394.05365
845.44617	405.5926
825.89795	405.8257
840.5921	391.6831
838.8675	409.43878
830.8993	399.59674
842.75653	399.14886
831.0827	410.8078
834.51086	393.17953
374.55078	403.04422
345.9521	395.96445
368.1479	402.4943
370.6001	413.57294
353.11765	408.30383
387.9615	391.2336
346.9973	416.94354
378.6369	384.52493
383.08734	409.04572
355.36246	385.68637
373.5173	390.19217
362.35675	399.9627
364.0726	391.67862
388.96002	408.8929
357.1279	412.44952
368.7456	381.38312
367.60907	422.22647
345.23145	389.94745
382.4905	401.04666
362.9758	408.41455
361.6445	384.01727
380.72366	418.10312
348.2115	407.9571
384.60883	387.4862
359.61273	423.12564
143.39351	488.9122
155.97287	494.8205
142.7283	498.8142
153.486	479.7124
151.4416	501.05606
135.80402	486.66974
148.93741	489.01154
146.09665	505.11676
143.34885	481.15668
156.85582	501.4698
137.84335	494.78287
158.23749	487.6358
146.66347	395.09592
152.27908	380.84103
158.54361	397.4146
135.67514	387.45358
137.50035	371.7914
147.69633	386.28946
138.77711	381.4688
162.79555	376.23126
140.43938	402.88522
144.89973	376.88388
161.43344	389.5904
133.63657	394.61053
155.99913	376.09146
153.5134	398.1363
131.78474	383.06552
164.88326	383.1625
768.7821	414.17108
768.6656	396.55035
784.8744	403.61786
769.3962	403.73334
781.5819	394.02722
774.179	409.20044
768.9689	389.7898
777.31006	400.34106
762.8909	406.2366
775.5968	390.80832
779.42957	410.38022
762.798	398.62604
162.27841	253.47983
151.06026	269.03247
151.4061	239.36316
144.66936	257.93774
134.72276	263.63058
153.8941	251.84665
154.07925	275.5253
128.92961	249.97258
157.74959	259.74774
140.6582	268.37634
148.48393	247.55118
150.36832	261.03326
143.92113	251.44592
159.26274	243.94482
144.47702	273.31952
139.62094	243.74878
166.96968	261.402
126.81899	261.4928
703.65515	388.71466
706.899	406.51373
689.97205	395.79276
705.4054	399.11673
696.7144	409.23676
699.578	397.64273
710.5051	411.47574
693.78625	400.98273
713.3906	394.743
701.2921	411.337
696.4759	391.78415
715.1107	402.9516
689.3499	409.35593
139.95393	81.87395
149.30093	99.06456
129.9504	94.94235
145.58041	109.71309
133.87837	118.05122
147.19154	78.60431
174.91801	95.81516
129.96896	103.07941
151.1698	86.464424
162.72961	118.6945
145.90695	92.088486
167.6705	94.89555
148.1566	115.29437
162.29564	85.53775
156.68326	107.098495
119.35997	97.96463
163.28105	74.10044
141.13637	102.4437
128.83763	75.79175
160.48172	106.90254
127.41075	109.227844
146.8458	67.4081
159.11052	94.564186
134.92064	83.503525
172.65431	85.448135
622.46576	406.23166
617.3468	397.71808
630.3757	408.9941
599.655	404.3333
624.0984	387.731
615.3668	411.61554
612.22253	394.2063
622.2665	396.8265
611.291	405.64655
615.6819	386.94977
622.3378	414.5418
605.781	399.09857
628.8813	395.4406
612.9749	417.53632
605.1189	390.2243
633.10614	399.93143
606.01526	408.73636
448.1067	78.15712
469.504	102.5157
441.86328	115.202576
453.80698	105.03955
449.30038	115.42948
441.12744	98.594696
463.76645	98.152664
418.57794	88.03485
466.63477	78.09718
437.23895	131.18378
433.3255	76.8336
461.2452	117.21944
435.0227	112.47255
453.35602	95.10289
445.20377	104.165726
421.25226	108.479675
476.02133	95.71392
443.2994	123.179
453.93408	74.38528
476.6416	114.62364
433.26617	103.540955
459.51285	82.591934
455.56656	132.56851
434.78476	95.80909
462.31	86.26592
428.36115	117.84481
439.78394	79.36064
463.07407	127.25954
