615.5491	396.97906
608.02795	399.84137
614.2946	389.05
616.7779	403.12897
604.73883	393.76306
623.4217	389.5238
608.0257	410.5997
596.5073	385.5375
626.49725	403.17798
597.9311	405.1149
617.72394	382.83456
611.94885	415.044
600.255	391.58905
625.364	396.50726
599.08435	411.9997
610.0109	384.91318
619.77325	407.9946
594.45825	400.88712
704.22925	398.0207
699.22253	411.9925
693.69275	389.51193
709.6102	398.447
693.19006	404.0922
694.4414	396.46796
699.3498	403.14166
683.593	394.9695
709.07214	389.58844
691.9364	410.7019
691.5881	384.4793
707.44324	405.57132
685.05585	402.96365
703.48773	388.16434
453.44174	111.75985
446.74008	81.78458
457.40854	103.14347
441.1397	118.43838
439.67538	95.39118
465.4413	104.352005
418.09708	105.3842
448.8781	92.5792
430.16962	102.961655
443.75714	76.53581
460.0959	122.33095
429.34174	92.63426
451.81763	82.67665
436.20654	121.77505
434.94662	86.19895
459.4287	93.08681
445.8104	104.51534
457.52222	78.41755
478.36905	99.89282
428.42465	111.66103
473.48956	82.613846
452.63126	123.63711
428.8002	81.95353
468.86334	93.189674
427.6223	121.80177
466.01987	75.17035
475.35214	106.55369
360.2561	398.3584
365.9459	398.2119
376.76913	413.5078
367.9707	387.4342
378.749	398.01315
354.0379	403.518
373.81644	387.63992
383.88446	408.216
349.00125	387.44052
389.36133	408.67462
363.44565	408.47394
384.01602	382.66293
373.61566	420.89703
347.7395	402.9601
391.36942	384.75418
370.202	401.7731
361.3632	383.18024
389.6556	394.24185
352.3884	413.3371
377.12415	374.73016
386.80865	417.09415
359.01834	392.64655
383.19662	394.23288
363.91483	419.90054
367.4169	374.11005
389.70306	400.98776
818.7423	397.24347
837.1325	387.5007
832.34753	409.07574
823.709	390.23956
837.31775	399.12265
822.7831	406.55423
831.51953	391.8371
838.44714	405.49017
827.2113	397.212
840.132	393.93533
828.81134	403.617
140.8171	475.12897
154.6828	488.6464
138.48082	490.75958
153.9216	476.73022
152.84084	497.86572
140.0655	483.03778
159.3609	484.14484
144.64426	497.49432
146.53763	479.21582
163.27795	490.41364
148.99881	487.88046
160.86824	477.93378
155.935	94.16931
146.33023	70.449356
146.51048	86.75493
134.1686	85.93367
149.56755	60.222282
157.5485	102.72899
138.98395	83.6853
172.86113	74.55971
147.81667	91.51095
157.38553	78.5077
175.52538	92.473526
128.38913	90.98845
164.65964	61.670662
149.42534	104.48424
137.62369	74.53261
159.47488	86.17196
137.74771	97.49036
144.37296	63.78495
169.54	90.9594
132.45914	77.094025
161.26897	72.795235
145.48775	102.119736
134.89888	67.0877
151.99387	238.30673
131.80966	238.91386
152.37192	222.79301
159.22035	242.5564
147.98409	228.28152
159.93468	230.76067
137.31245	245.65329
150.71909	247.11511
162.21162	238.61812
143.9116	234.91374
163.20294	223.45003
152.03561	256.087
134.18492	229.974
168.31572	243.34831
143.88828	251.9111
139.5364	223.29451
159.39572	257.2011
128.0737	245.61307
169.24911	231.65317
143.80128	259.48737
138.23213	360.32352
165.24304	384.6624
138.33145	368.80933
163.236	362.34113
137.65086	386.4275
132.70088	375.8557
158.9404	381.49478
143.0369	392.98083
154.3263	375.3881
152.47348	381.09396
146.51978	376.60382
157.79047	366.80316
152.98174	396.13876
146.02786	369.54398
168.52385	374.97845
136.0828	380.89502
150.89502	362.4599
159.35623	390.88187
730.24567	60.177998
766.958	65.595505
736.8641	72.24605
742.735	53.871136
750.70593	77.10233
744.3018	84.45047
758.2983	53.100506
763.0233	80.86431
745.33765	66.73079
753.65344	59.28474
735.56274	86.022766
749.70526	52.83488
754.45435	89.354866
732.6325	65.73187
763.0443	58.22942
751.38464	85.54387
735.9995	53.54226
760.1764	70.26307
732.33826	75.66667
503.17325	391.74167
499.95663	401.47314
486.41254	403.38904
507.11078	397.17
499.08112	411.7522
499.52393	387.6923
515.42444	410.77374
494.706	397.12653
510.0438	388.92386
490.90814	404.21204
492.56577	385.82727
508.89746	407.72076
491.7836	413.1194
506.49063	381.61703
509.39282	415.27557
485.35245	387.81253
514.01385	398.273
504.79974	420.72153
494.68423	379.4157
521.6395	399.20416
483.71387	396.1596
512.01416	382.5126
768.7345	400.90088
763.5238	395.76843
779.2301	395.68668
760.9046	406.72098
770.08594	391.21216
775.1404	408.86664
757.06287	393.50705
775.8413	388.65863
768.029	408.91626
764.603	387.18973
776.3792	402.1836
758.7657	400.99252
