446.21356	89.42553
454.6845	95.896034
451.388	78.14717
440.7618	116.989975
444.84833	100.856514
465.5017	90.040184
431.32935	117.71033
438.77972	91.793274
459.02222	105.02458
432.65424	98.2982
456.43634	84.57634
438.45956	101.04219
429.30347	84.904465
478.44522	87.94123
450.862	106.24831
443.42593	71.89736
468.50015	98.778824
416.9405	88.54328
465.5018	75.60841
451.92682	114.86035
434.79883	76.70786
460.83603	96.64615
431.2045	111.03867
459.65146	72.630714
462.88998	122.491905
426.52496	97.44033
471.05524	91.083855
444.06195	124.961525
443.30215	83.033516
468.19556	112.06632
361.52344	404.56158
381.2536	390.02814
381.85132	410.7979
362.29068	388.44696
374.0175	392.6141
374.98767	404.47708
368.34467	387.482
385.24756	406.09808
362.03784	398.6658
387.4086	386.42874
351.90717	396.99054
369.55585	378.842
385.90485	398.69696
352.6008	406.93686
380.38165	373.6541
368.7798	421.2233
348.95636	384.2249
392.68747	381.81274
366.02814	416.76056
356.6055	374.1829
391.81924	404.1623
349.31952	392.4707
376.67633	381.5772
367.9599	407.6467
355.63605	384.25064
391.94403	391.01617
351.88614	413.6089
369.1512	373.33536
376.41754	415.79044
741.188	52.095184
755.6647	50.76165
747.7457	65.83662
737.5585	44.302628
752.2831	59.71809
732.1837	63.3857
755.4049	41.51789
750.4779	73.16727
734.86536	55.200897
746.45325	54.574593
734.0281	71.00343
744.85486	42.91903
757.5591	70.208405
726.71954	56.11084
762.40765	50.883823
741.89825	71.52391
732.1354	42.09108
762.9817	61.162056
741.9369	65.243484
787.121	391.10312
789.06616	405.11252
778.81195	394.4641
794.6461	393.903
777.96454	404.73007
781.70184	385.82983
791.083	399.4562
774.5055	398.19913
790.7516	385.6344
783.4605	402.36456
775.1822	388.52048
630.64825	394.02866
619.895	403.2662
627.8139	383.5022
633.1609	398.5334
623.5424	391.78403
633.3362	383.92487
634.245	405.0167
617.52454	387.90277
644.7347	400.69473
610.0731	399.54425
640.85706	382.27884
623.4105	407.78403
609.9159	385.4481
638.8766	391.2962
618.4359	414.64722
625.2373	378.34283
636.62415	410.89038
613.2521	393.27847
646.4569	388.29398
629.29	416.89655
616.19666	377.76566
649.8809	393.19925
614.45667	406.2265
631.5172	373.0197
635.37964	416.83685
605.33167	394.18353
726.6492	394.06958
720.93176	398.659
721.25574	390.83258
734.98816	398.4432
709.53284	399.63837
723.9577	385.08087
727.26556	404.32776
710.82874	391.54742
733.20544	391.991
713.5784	405.40765
721.6938	380.2719
733.46765	404.96567
715.64246	396.53412
735.0915	386.46582
722.44244	409.53632
712.7122	386.0829
169.91595	91.45319
145.73215	105.18723
159.82742	84.67216
156.23836	104.61891
147.66806	84.9891
137.68442	87.08928
152.09695	87.101944
143.22003	65.34566
167.43262	111.59446
138.01834	94.19261
159.32254	76.145004
156.2302	113.73256
144.10995	76.36036
176.21576	73.88456
130.8475	99.53938
162.23698	66.80218
156.10298	95.39884
137.56308	77.129105
167.6065	65.03734
141.24281	98.117546
133.13956	69.949615
165.26665	100.182686
128.46454	89.61482
171.79324	79.912
164.36874	106.10414
126.005775	83.0374
174.61476	88.97777
144.56247	111.53939
153.00534	61.68983
503.06592	404.90955
488.35126	388.7166
515.1874	383.5033
496.35162	393.19147
489.76547	379.80704
512.837	402.34314
489.6255	408.17303
504.57233	386.78336
511.36133	413.22748
482.83618	397.36334
524.7329	393.07428
496.47437	403.9694
502.4362	375.9389
520.53217	411.5468
484.15704	403.05334
523.495	387.0678
504.81802	416.5997
494.4749	371.6631
514.48663	392.8835
491.70746	415.1664
505.39633	394.12463
515.7177	405.29306
481.6328	385.64868
511.6977	372.39487
500.4875	412.96216
495.73624	378.9007
522.172	400.07904
481.14496	407.36258
507.2487	380.59195
147.5958	409.33212
154.60873	398.6411
170.87991	397.34418
147.032	427.935
147.01704	383.68002
171.63449	411.6935
148.83089	402.34265
158.30853	407.4516
139.02956	418.21942
145.26743	397.51166
156.13402	413.66504
141.37083	411.62686
149.32379	391.7792
162.56079	424.1788
135.8845	398.07455
160.21931	400.9107
152.29256	420.12726
138.82281	391.40167
166.28627	405.7365
132.72919	407.74747
167.36697	390.03833
162.83557	416.1788
139.69664	509.64185
163.98447	511.21063
145.62582	527.5705
153.22638	502.9406
161.54115	525.28876
140.37871	517.3919
162.48892	503.94223
154.27576	517.5976
145.95804	504.0223
162.56786	518.588
146.82422	520.3254
155.63425	509.5454
153.03494	527.2473
147.75174	512.2485
160.43198	245.00447
149.71077	273.52933
140.45189	245.94194
159.13884	262.4776
149.90906	259.55637
168.42725	239.88017
158.5012	272.6939
137.90442	238.17644
166.65132	257.07645
138.97275	263.3781
149.05545	254.12056
168.06467	267.57684
130.9799	246.0817
156.27252	253.89017
145.32202	280.06168
155.9844	241.68466
173.55649	265.46686
136.48889	281.24612
152.78351	232.94568
149.60892	278.67682
141.3197	255.93326
173.46213	252.40622
138.16528	271.13016
148.3514	233.72794
163.22911	277.08356
133.4818	258.9775
171.01118	249.5621
833.17596	404.5318
824.3293	388.00043
838.23303	395.8784
823.37537	399.8404
834.97626	388.30704
840.1743	402.26483
823.41	394.16278
841.64764	389.6515
827.8413	402.69162
830.0892	388.54633
