442.48566	118.7262
445.74698	108.98657
425.59723	95.00345
449.54462	91.67119
440.58563	85.03754
475.6249	100.29279
457.9715	107.30534
448.10342	80.8736
469.30338	123.097496
424.4078	111.06168
454.68515	83.75016
458.89313	129.87383
432.7226	90.81917
479.66254	86.51678
429.66196	118.29164
439.9339	73.381386
462.6963	101.13951
442.59033	94.76983
456.49237	98.30351
447.90045	121.64024
428.54218	80.261116
473.74683	115.5251
436.46857	111.37781
461.10092	77.589195
458.73447	117.21985
428.23135	105.26516
753.48535	58.373016
739.9916	65.13879
749.12646	50.644447
745.3973	61.67674
742.7168	51.97997
759.8468	44.629456
754.2302	74.73667
733.2613	52.619
762.60645	61.971474
740.29095	72.09035
744.4649	45.3444
761.9837	68.554855
736.90344	59.752514
762.2563	52.950172
749.2345	74.02202
361.09943	383.55072
368.1056	406.9283
358.46722	400.26752
367.41623	398.9008
360.163	411.25165
359.8431	393.1701
380.69373	394.5409
351.20575	408.29483
369.8058	383.0326
382.6619	412.5097
342.54077	403.0984
373.7652	386.6452
365.25974	420.4839
348.24515	390.3993
378.2213	403.98483
347.38513	418.0559
368.08203	377.36844
375.34717	416.3828
346.63202	399.2113
368.81085	392.17755
359.058	415.89722
350.94867	385.6582
706.7804	405.62518
684.42786	400.86682
697.45325	392.14676
697.41956	402.51645
686.43134	394.00934
702.3722	397.43073
688.7689	409.8448
691.54895	387.7107
703.4292	412.0036
692.5366	399.5207
706.56366	392.96442
694.8703	410.13998
491.1722	397.06625
487.93808	401.748
472.3824	414.73315
492.22617	388.89975
492.7683	411.54752
480.7898	402.83386
499.58658	400.7737
486.17157	406.13388
478.07928	383.3365
506.06168	410.72867
471.32724	402.17627
490.63776	383.72748
490.6142	417.44498
472.40112	391.90506
504.74774	398.54578
478.61475	414.91577
480.85455	389.13324
498.2962	410.0206
477.736	395.66025
502.05624	388.41202
140.22879	253.30313
154.1595	243.75977
157.34814	255.29599
136.15253	259.55426
150.75757	234.51591
147.25589	247.19759
139.1222	244.52303
158.77296	224.71982
147.7115	262.8113
160.05211	233.24849
161.25882	260.35483
130.82129	237.48828
172.63412	248.34177
157.86276	266.06912
140.32236	229.79337
164.03613	247.00888
125.350746	252.78935
147.46947	224.92094
146.37508	255.38745
127.7402	243.7992
769.28357	394.59506
759.7493	410.30316
760.55206	395.4848
768.02484	408.9062
755.3615	400.4635
763.68225	389.4703
763.49915	402.5373
751.63074	393.39206
771.806	401.15436
751.3268	406.81866
146.61389	507.69073
157.24506	527.0361
139.83742	519.09296
155.64253	504.54633
150.8772	521.6404
141.9108	504.3277
158.05888	517.6208
139.59372	524.0421
150.0834	513.69244
146.21622	527.3646
139.34592	512.2411
159.52815	511.59244
137.11522	97.74615
134.2007	77.81648
168.98698	97.53598
124.78357	78.52496
155.65756	72.77318
165.30875	92.661125
132.5906	68.62278
153.36502	83.89692
133.90205	93.30049
146.84589	75.85325
160.53406	102.198044
146.40515	87.62276
171.12953	78.5302
155.18991	94.72194
150.3627	58.59792
165.9032	83.97043
132.22238	83.96938
140.13371	67.57478
138.85739	105.05646
145.15076	79.92316
159.78136	67.27712
816.2716	410.62592
820.1842	395.1203
828.3711	407.90543
812.215	398.55582
826.8218	397.48074
822.5155	406.41965
813.36804	391.2619
831.3049	401.49902
814.7963	404.08917
826.0416	390.96014
605.57	403.7032
595.85114	398.0716
615.0775	389.75983
601.2045	409.44098
603.6876	392.67294
615.3019	407.1494
587.97473	408.69827
605.21594	398.7175
608.5973	412.42612
591.13367	392.7727
617.7386	397.0246
594.3534	412.10602
602.60095	382.73273
612.7264	415.44083
586.9968	401.26718
608.21545	385.9239
601.52814	417.93466
594.13043	383.52255
623.43524	396.6212
139.32913	403.8216
143.0212	382.21136
162.31084	406.5573
132.58243	390.50607
166.89548	395.71164
150.1726	401.22278
142.24493	390.3633
171.08061	402.63113
148.16173	395.15363
157.7616	391.6552
141.0574	409.8291
138.044	377.91486
153.55429	407.0517
129.70021	406.62946
156.75397	382.25797
154.89932	416.07916
131.35823	398.43625
162.75005	385.20068
