139.49503	85.25608
139.36957	90.54651
156.20346	80.21973
147.79065	97.680984
141.65672	78.440186
158.19931	89.81836
146.83054	85.84883
142.98901	63.094147
152.6776	93.92463
133.85696	90.71813
162.35168	65.493004
163.91267	99.148026
126.30177	71.32248
161.2449	75.71173
141.13774	102.7267
144.69888	72.36928
166.59679	86.84915
123.77687	84.80138
168.65675	73.425064
152.87265	104.27246
132.93127	62.272137
171.5928	84.64886
133.33397	99.838104
148.39644	64.22551
386.0421	414.54858
356.22574	389.3437
393.4229	388.73456
369.5464	392.47052
361.22574	395.45993
384.51324	405.8081
350.57843	403.12207
363.37692	388.86102
366.60834	407.66608
369.5656	381.7434
375.94345	404.70956
360.4007	415.2054
376.55548	378.3072
382.0739	420.52872
363.38046	402.5559
384.9367	386.11496
369.1229	416.46875
348.523	395.70908
393.9258	400.36218
344.9787	407.24542
379.72272	390.56546
371.39923	426.36334
347.8683	386.1578
383.88458	398.93262
364.81158	421.80273
357.1455	380.69055
389.10248	408.8903
354.5956	415.91675
506.70923	404.43292
513.25146	407.42392
490.3056	387.2004
521.8151	410.32648
493.08472	408.9552
510.6247	390.77283
497.3251	413.37363
500.78506	400.3373
517.8551	393.19513
506.87787	410.22192
503.02972	394.00385
526.4572	403.65796
485.0952	401.98227
506.85254	386.97855
510.9777	415.51825
487.50763	392.32663
523.4663	396.34558
486.639	413.48697
506.29974	382.44757
523.3391	416.1734
495.69644	399.26154
520.06824	388.09534
503.5773	423.42456
495.277	381.06268
783.9917	403.0543
772.3483	403.12924
779.63666	391.81418
782.119	413.42377
771.1921	394.9152
781.311	398.8226
767.5337	409.21515
774.15015	389.8879
788.8978	406.99088
766.14307	399.30176
787.0774	392.99445
775.4084	408.79285
140.16263	232.94475
158.9407	249.4871
151.33725	241.62361
148.67813	232.27115
155.21555	257.18317
123.607956	236.95024
157.52411	238.44284
143.92896	253.66243
141.72513	219.62277
165.38205	239.69312
139.20367	244.53714
149.82246	222.57181
151.69801	247.58603
136.93259	238.14307
167.00502	227.05762
136.57108	253.80855
141.9352	227.77832
165.03821	247.72525
130.8314	249.19736
158.75319	227.34476
146.79105	262.43365
146.53787	479.76788
156.52734	480.77173
138.1272	489.2071
149.48601	470.9042
159.71123	490.22095
134.55338	477.63983
162.34425	477.63922
145.09256	495.8488
143.63777	466.37915
151.58127	484.36954
143.48843	485.69525
154.81308	473.12906
149.92674	491.51263
139.71786	473.3061
147.39673	370.3697
146.00813	382.82178
144.6005	362.99524
161.29434	377.3072
133.61723	379.1635
157.42398	355.90454
151.5335	381.58936
138.06175	364.10275
156.26251	372.52368
142.85866	374.49817
154.44669	363.47913
149.2172	390.24908
131.2941	368.55295
162.01607	366.84766
136.77245	386.92822
145.00186	357.19028
160.03207	386.21902
454.07578	120.175064
477.14975	98.58
441.12207	124.64821
436.6395	74.23445
442.5534	110.610886
422.83282	106.10604
432.15958	85.366516
457.0625	108.73025
461.7691	95.95957
471.06415	85.90803
433.26382	115.637695
448.4113	74.48214
450.00958	86.33462
436.90387	110.66222
452.75238	78.93057
462.01773	119.58608
429.3746	79.2603
465.40244	102.7053
449.60358	132.50291
446.64502	94.15474
461.5918	104.41622
421.35272	96.827614
457.08936	86.76371
457.4896	127.47678
431.03595	92.43061
474.09952	108.52501
418.8794	111.284256
467.07758	79.98602
461.93637	131.97937
438.68994	97.07848
718.00073	396.57745
699.32336	410.79987
703.5359	386.74677
716.0737	407.66302
694.62274	402.0345
709.50183	392.08167
704.87463	407.72864
690.70544	397.74933
712.1995	401.96722
691.16693	409.7727
704.3241	394.13153
712.7413	412.49756
703.11804	399.14902
714.7812	389.70712
702.83044	416.0578
690.96387	391.21286
747.81335	73.25853
734.896	73.44504
762.86127	57.424713
752.32465	78.790474
748.45935	66.7867
767.984	65.45604
740.91895	72.31479
742.3412	54.174713
759.4171	74.95765
728.9457	71.40364
759.2025	48.147083
745.1517	83.84183
742.1234	62.564125
767.4628	73.949875
731.5366	80.632935
751.62756	51.104763
763.4681	82.10571
735.9146	60.13988
757.662	64.128456
752.2771	91.92168
832.0055	397.4785
844.57666	402.85168
827.2339	403.04037
840.73157	392.19324
835.39484	407.1526
824.96106	396.11505
840.5459	398.07593
829.7445	410.62393
834.16907	391.51514
841.53143	408.90732
602.91534	400.27838
625.48065	385.8385
610.8334	404.81412
617.98254	395.3717
629.056	407.44162
605.8524	409.03537
617.4382	403.1784
629.2341	412.91193
607.7403	394.9223
630.7873	394.20047
611.1861	414.98062
610.12854	387.791
620.4469	409.9251
598.87244	403.27475
616.09576	388.937
617.8305	415.53497
600.4924	392.51715
623.2836	395.01
