174.59549	159.22203
159.5322	157.41293
177.5747	153.64207
168.97035	165.34451
157.20216	142.17445
185.43259	145.26239
164.9354	153.23221
165.64041	136.37071
176.83698	140.9779
152.6116	154.8859
167.4225	148.75919
175.36194	171.65512
159.37212	134.07242
175.55219	135.44604
152.71272	162.68166
161.4146	128.36723
183.54178	153.99486
149.58902	146.8012
177.3344	127.90619
161.46126	165.27597
150.43117	133.19249
188.56725	148.46695
146.26793	154.99069
167.9924	130.13623
182.33624	163.10858
149.88943	141.57742
185.23865	137.58687
727.1991	129.65424
726.98254	118.83241
735.1108	127.140884
723.8998	126.00307
734.5549	120.239
736.58765	135.63388
722.1145	113.987625
743.3049	124.88625
717.5429	129.07385
736.0552	110.612144
741.0746	131.96945
716.5202	120.304504
740.96686	115.5071
727.76324	136.04819
727.5709	111.3693
588.73987	380.87012
576.7023	378.37115
588.5956	357.88187
579.56335	384.58517
570.0071	370.75623
586.8581	370.99026
572.9489	388.47095
580.1029	372.96283
591.7519	386.42593
569.3875	378.33633
589.672	364.71112
586.00714	388.19492
571.4767	360.45523
598.46747	373.07144
566.2852	383.99768
579.05164	365.45618
598.467	384.13934
564.6353	374.51892
594.7953	366.9575
580.30426	392.5291
578.81433	359.08942
593.56726	376.49228
162.85625	241.27353
169.24342	236.02051
165.15836	248.34756
154.50058	221.03618
179.05734	233.52628
158.48462	236.30513
163.84491	231.5247
175.63618	241.75516
156.35083	230.38492
175.354	227.85095
160.09282	246.54106
148.19336	226.8121
187.282	235.09969
150.26686	248.71555
169.95839	217.11594
177.76488	253.9144
151.6082	232.89993
183.83525	230.2613
164.0206	254.9251
165.78287	223.10173
181.24106	246.12895
152.93913	241.98064
183.25171	221.71634
173.88301	249.64226
160.56255	521.388
173.18924	523.6793
161.09598	533.1703
168.55492	515.4547
170.9534	533.9933
157.59483	526.27966
175.28459	518.4039
166.29546	529.8266
162.94374	516.3255
175.47035	528.9578
164.03036	489.66544
170.92377	476.8614
174.70438	496.50806
157.64975	481.6477
171.68486	485.1822
162.13156	497.14713
165.28958	483.10394
177.55762	487.84125
155.63594	490.0877
177.09802	480.128
169.47	493.74957
162.36008	476.211
189.1147	37.72251
156.57349	54.90163
166.16116	38.18273
176.18367	63.89265
172.46335	49.679585
172.09026	41.992535
163.16258	71.88685
152.89261	48.43172
190.35892	57.911907
162.53497	43.4849
180.13458	42.182556
179.43015	72.34268
163.16974	33.206833
164.88445	61.027485
147.36948	55.24874
169.09082	28.92479
181.16483	61.010315
152.2108	61.93505
180.14523	28.657583
165.58174	52.46421
150.55997	39.217278
180.20657	50.406155
142.19153	53.102356
177.3969	34.31067
168.2283	66.66875
149.16669	45.492764
187.0571	52.640675
156.72667	70.25697
154.71092	31.37923
457.47543	54.892017
464.87958	102.93105
458.3365	67.46196
439.64227	107.71926
431.3813	56.631428
457.8299	83.13286
446.3854	76.76457
439.13266	67.5382
464.788	92.48305
428.04306	76.77281
465.68588	48.792446
439.53793	90.68308
458.4122	61.18929
474.12653	84.002144
449.65762	84.83764
441.01123	59.96355
448.16888	102.50447
428.55566	68.42064
451.40558	75.724625
420.97565	93.445496
420.2689	60.46151
463.16846	80.89902
422.14868	70.37537
474.1249	67.162834
443.3067	97.517586
446.4401	51.834908
471.2858	78.38181
432.85416	84.38722
456.38974	48.557625
450.3189	109.972885
365.558	373.1163
381.60065	370.12408
364.98523	379.45132
376.15176	366.52682
378.76962	397.57373
377.10406	377.88928
366.35397	362.74683
379.4811	383.37494
363.60455	366.27078
393.97873	375.83258
361.30145	387.6103
377.44562	356.4342
376.27728	390.03314
355.76202	380.57904
386.7355	372.54373
370.40988	396.94598
357.88943	362.07495
395.0548	382.6583
353.372	387.4936
383.84442	360.47833
390.4194	390.19376
352.04816	370.11792
394.2756	369.91913
362.70313	391.84396
370.41342	356.7249
383.40268	381.23907
357.62726	373.6842
390.92194	363.6812
369.47482	388.63528
365.56427	353.40598
790.90564	374.3082
774.9091	382.98694
784.2688	367.7075
786.8352	384.78348
773.60364	371.74405
789.91675	368.61075
781.4553	382.64066
778.7054	368.13095
789.7006	379.58304
776.6514	376.52866
525.10724	368.6717
519.96063	371.4575
504.10577	366.84183
528.9823	376.73343
515.25006	381.27908
514.63525	370.08612
530.79675	389.63986
507.1941	373.41385
531.7294	368.38342
523.4473	378.0294
517.9198	361.9038
523.15027	386.37775
501.89072	385.0621
518.62646	355.2898
525.24915	392.77246
498.98013	371.96548
539.85767	370.25854
515.9415	388.3046
525.38245	360.9828
535.1901	386.4034
507.7238	378.9128
532.2199	362.3404
515.85535	395.34586
510.07675	361.60944
535.4872	374.69934
508.56207	390.25226
721.6681	37.946186
730.60034	56.706154
726.6283	44.7975
745.06244	49.350624
725.4269	54.420418
716.8114	51.315723
739.5784	55.916576
717.9663	59.35697
732.3272	38.08354
729.4557	62.16267
717.9799	33.250603
737.41223	46.365257
715.8091	67.13658
736.8295	27.245182
749.31085	52.77657
716.9595	42.05898
750.10767	35.632317
733.1754	68.602646
730.82434	33.523445
753.68475	50.96093
708.83813	53.38788
744.7984	28.874516
743.166	64.37787
708.5917	43.082603
743.99347	41.0087
722.2826	72.737076
717.2196	28.511303
748.0143	59.56031
152.3122	440.00528
169.58583	433.56778
170.61275	450.18524
154.32492	431.49542
182.80844	436.1207
157.95334	446.93732
162.93875	423.81232
177.04594	440.9942
160.4512	434.51532
176.85883	431.58276
163.84563	451.829
164.0285	430.04184
168.4314	439.35562
163.97626	443.2876
172.44064	425.10678
176.96152	447.65558
673.07635	374.23868
685.99524	372.1463
671.4483	387.17383
679.7128	372.05554
688.4731	382.8219
675.8712	380.81213
689.5255	364.17487
682.12177	379.39822
670.70325	363.2772
692.83167	378.69144
666.49084	380.8711
682.12604	362.58444
685.4676	388.72998
667.05273	371.85617
693.9186	371.6082
679.1543	387.60526
677.0736	364.51752
763.5289	378.60706
749.5338	379.50543
756.8749	370.52023
755.8568	381.68628
747.24664	369.0254
764.96924	372.92377
750.7494	385.75644
752.3275	367.3051
760.776	385.85446
746.04504	375.10565
762.19617	366.48444
169.89882	322.10733
161.13632	295.2216
186.3098	310.32938
161.7117	320.5801
173.79381	304.05646
168.76358	311.3346
157.3118	305.08282
174.43896	314.0116
161.70259	328.48492
163.67697	307.08032
181.00774	317.8935
161.70654	313.202
176.59427	298.62982
169.08815	326.9787
149.26926	309.19086
179.30992	308.54242
153.49918	322.47986
166.76022	297.2072
174.2009	329.38785
156.15141	315.23242
730.3484	369.3733
717.51794	383.09555
712.83496	364.7289
724.19635	376.87997
717.34503	376.20618
721.8463	363.8286
729.20984	387.06573
710.35516	371.26544
733.1117	373.6541
715.0653	388.14264
720.0453	369.91953
732.2271	380.53427
709.0575	378.04785
727.1522	364.0838
723.5015	385.1353
158.56073	553.5673
173.48738	559.78015
158.76956	567.57745
170.11581	552.33246
170.00179	567.256
160.32564	559.84863
176.01163	554.2923
164.83589	565.9301
165.25282	549.1621
176.44644	565.28815
619.3256	377.88333
639.4276	368.07513
636.2349	389.25177
628.7959	372.55255
637.1874	374.12274
631.118	388.95132
628.4421	366.07928
641.00464	379.03677
626.642	378.67822
645.35266	366.74576
633.8062	380.5929
627.98425	360.34042
647.4318	380.4391
625.9593	385.79056
635.1012	361.73813
642.4538	386.5357
621.45764	368.12314
649.8024	372.67816
443.41827	393.26788
447.5358	355.15857
460.28278	389.55362
448.74115	373.98563
462.23688	381.74805
456.39975	381.50272
441.99762	363.7818
447.8606	380.02075
436.12347	385.04675
452.10727	367.28363
454.20306	388.53983
426.59927	370.0779
458.0005	368.30804
440.80695	377.52347
438.88925	356.8875
468.5799	368.38037
429.81015	382.4958
460.83463	357.8661
453.22934	396.46033
439.02032	371.15533
466.96466	378.47226
440.6246	387.00717
455.75714	361.81976
464.77832	390.90656
433.9166	375.25836
464.25262	362.64484
448.40875	388.54697
432.8793	360.6009
171.2382	381.5591
162.91061	380.20688
168.80124	364.68933
170.47546	389.18097
153.09952	376.93857
174.7215	370.3433
169.14972	396.03635
170.11765	373.6386
181.80896	386.03662
153.71194	383.75043
179.25511	368.09946
160.38632	386.98175
155.8124	370.5008
181.40378	377.30093
158.60165	391.9554
160.043	366.54633
176.26633	383.28156
164.04617	372.8373
