672.041	380.1234
652.6471	384.29074
661.84094	371.15247
659.4132	381.90607
656.1115	374.0716
669.42346	372.54172
655.52045	393.12387
646.4364	368.5699
675.3097	386.7409
646.7035	383.06427
662.607	361.64014
661.9731	391.92035
649.05286	375.04205
674.1173	371.89908
648.8916	390.47946
653.7641	366.51898
664.953	385.1608
642.86566	378.3976
666.2814	367.17923
539.5103	391.71936
542.4806	373.95172
538.50464	378.65894
534.01685	383.42938
548.662	371.2247
543.20966	385.8787
531.3233	372.87128
547.5634	379.00266
529.2898	390.55597
527.7297	367.05466
553.092	382.01196
526.76135	380.911
543.2489	361.93298
543.3249	396.41785
522.3335	369.61966
554.16016	375.61884
523.04285	387.2046
535.7992	364.66544
549.31195	391.61035
520.5285	376.61862
552.2514	363.9788
802.4413	386.81293
798.5041	368.43555
812.87335	380.67053
796.56415	379.7957
810.14276	369.3117
805.2807	380.7956
793.6348	374.43408
811.95135	375.00415
795.8771	386.30344
803.42633	371.04807
810.151	387.55542
172.90833	534.04663
179.078	529.52057
177.72025	539.57904
171.55338	525.56604
184.89851	535.9689
167.65727	539.0336
178.28906	522.4132
182.8822	543.6637
164.76486	530.97186
185.63858	529.463
172.34128	544.5043
172.33456	361.99643
184.54135	365.05722
161.61423	366.25238
178.9801	367.40826
177.8345	374.76642
164.96036	357.32523
188.64153	360.79233
173.84976	368.16754
176.1019	355.7264
187.652	379.11826
160.02243	372.08322
183.93257	355.12866
172.22816	380.2757
170.8229	351.7472
189.19423	371.84344
168.19974	372.5087
179.9158	348.69675
180.21219	381.68115
859.14014	376.1751
876.4081	373.85165
864.7508	385.4078
867.95605	372.3052
877.5449	384.93817
859.82263	382.38715
872.4385	368.99457
870.4696	387.35394
862.20917	370.3504
874.1053	379.39484
164.00694	67.16829
180.89241	45.417477
172.89542	56.353374
201.45554	40.037544
194.33965	36.636826
166.99341	58.66625
163.85463	47.5489
185.54016	48.537613
174.22484	47.751366
168.60768	39.592262
179.18095	67.91197
161.6318	32.797844
193.5045	46.658833
182.86465	59.980263
173.79643	26.747272
193.1376	59.110363
161.9866	39.060158
188.06367	37.064556
191.43027	65.42805
170.109	31.67756
179.05786	40.12951
161.29425	56.08454
181.04861	27.668781
177.6241	57.38376
154.88321	45.445892
189.92648	214.06458
167.2963	230.50464
168.6755	200.65318
191.82162	222.95718
167.19865	220.14694
183.28757	218.30818
173.3514	226.52571
167.87535	209.51639
173.29362	206.79959
173.07693	220.51558
178.1768	197.13663
180.49808	227.10391
176.99625	216.84692
181.83406	208.95139
177.15663	237.76411
160.17012	203.10304
195.90993	215.32199
161.90878	230.52657
185.94193	202.37662
185.56615	230.69556
161.397	217.35982
789.93964	38.272186
774.7206	54.12378
785.079	43.14767
792.35016	62.27892
778.32996	43.891323
785.41797	30.135885
782.876	49.91069
773.099	43.383503
794.6998	47.24497
769.6139	51.930878
778.47784	34.523067
787.86066	56.15982
766.84235	36.285816
799.43823	35.96466
776.8185	62.582214
772.0313	25.132177
797.0924	57.76426
763.3693	47.860687
793.6585	31.94926
778.36237	57.768883
761.324	43.618183
801.97144	45.957058
763.6103	60.781147
785.7648	25.85698
845.3988	385.0484
829.5638	379.34808
841.29706	368.64996
834.992	382.8304
832.60706	369.25412
842.34766	379.228
828.53564	386.00616
837.14246	373.7316
837.96814	388.51263
827.48987	374.0616
846.52686	374.28613
172.92433	437.11932
168.22511	424.1212
181.82649	431.99146
162.56851	432.13458
183.27296	423.3996
179.1126	438.6295
162.59395	422.631
189.76324	425.6451
168.82317	441.52222
176.92505	422.59488
184.33688	440.9776
171.63486	430.9852
185.45695	418.2627
172.46718	444.94537
174.63106	415.33844
189.62332	433.7706
585.4225	380.75113
608.51154	362.41418
605.85895	392.27036
591.0016	364.01044
617.32336	381.3979
594.7333	384.3488
600.7182	360.45355
613.5494	388.00244
590.59906	374.03818
607.2335	372.4792
594.3015	391.4489
597.18524	377.27008
604.2358	384.95792
587.4561	390.05365
604.03326	368.9688
603.81006	378.3869
583.9907	372.31085
615.1755	373.9671
599.2292	395.11328
595.7521	368.3402
771.38196	382.43695
761.1456	380.92255
772.049	367.05682
766.1515	386.05707
752.6384	370.8516
766.84766	375.68375
755.1674	387.012
765.7914	368.95224
772.4796	391.3334
756.6141	376.27856
776.6923	373.25214
761.64026	390.47354
759.3538	366.11407
776.10785	379.18762
752.05145	380.1502
717.15814	370.02643
721.2891	387.06897
710.0615	375.62653
729.222	377.30893
707.7049	393.60437
708.54553	368.84558
717.9486	378.7012
705.49854	380.41754
722.23517	365.49225
712.3102	384.51874
705.54376	364.399
729.863	383.4268
699.11707	384.4516
715.8113	363.98236
721.20685	393.53973
701.59503	375.35303
724.7956	372.085
713.2832	390.1484
161.74625	283.18103
179.42252	297.4289
160.38882	299.06992
183.58917	279.35986
175.26546	310.95493
168.31296	295.3554
192.98389	290.5648
171.8947	301.3543
172.84354	282.35748
184.89171	303.38535
177.04965	290.3755
182.12708	286.77606
177.6752	304.2645
163.5751	289.39246
193.3999	299.6586
165.00414	305.18692
172.1586	276.19025
190.51004	306.2642
160.09132	293.82758
188.98195	285.51996
466.61386	380.32547
467.39825	361.19193
482.37387	388.94586
460.2313	385.06973
479.79654	369.82773
475.3806	381.99942
454.78595	367.7003
481.1792	382.48987
465.013	389.08493
471.07245	375.023
482.56348	396.46655
468.07697	370.1978
488.60995	369.05685
468.9952	394.45694
463.63483	367.83014
485.99152	374.26538
454.15338	382.1419
474.8316	358.9013
475.43262	390.66467
458.69598	373.10712
489.7068	383.77484
459.02344	392.20786
475.22827	366.11176
182.9887	493.76645
166.7099	484.31885
182.41086	480.68365
173.09245	498.58627
164.87003	478.2083
177.75168	483.81927
164.25513	491.13272
179.63908	474.44012
180.46002	499.47452
174.14938	488.09772
188.43694	481.21866
171.10892	493.6084
172.97224	477.8282
188.04369	488.22647
166.86649	154.3588
189.38467	117.836716
175.6508	154.45659
170.09128	127.713196
177.47229	137.17339
173.37035	148.76147
178.83084	124.97577
188.95389	151.28105
162.97214	143.62979
188.52893	126.005005
180.92789	146.66025
163.09927	121.85889
184.98427	133.82666
158.4042	145.7388
178.98988	116.04899
187.8029	144.09755
159.22769	129.07307
192.37521	132.00653
167.97052	134.75075
172.3156	118.840065
193.70682	142.02956
161.17934	135.7712
396.20737	370.83252
397.39777	389.8026
386.01492	366.23358
404.91153	372.3267
388.57382	398.8853
393.56747	379.96844
400.8167	380.75174
378.79843	374.6949
413.74545	381.66394
388.51178	384.56122
390.4132	361.0949
408.58017	384.53998
384.8942	376.4141
409.29782	367.96832
397.55902	401.3897
379.0599	369.05017
415.05133	372.93573
380.27478	389.65244
400.94565	366.5033
407.6404	389.92853
373.55154	376.3672
402.76215	358.8377
391.65643	390.64786
381.8548	360.0971
414.89917	390.24637
373.1735	385.90277
396.83035	358.57883
403.8063	394.9019
172.64713	573.0978
187.08441	571.73694
174.86655	583.6459
174.85184	562.9533
185.22595	581.24207
164.98547	579.34357
178.85645	567.99084
180.28822	584.59436
168.23375	568.35486
181.47488	574.3266
171.3896	579.8309
481.9349	70.80872
483.92758	103.54793
454.9776	87.78942
495.48956	67.21898
473.2885	67.333084
470.54645	53.396484
472.70963	90.1543
468.24933	74.89598
482.4704	54.955944
462.75824	86.534874
454.03638	79.2312
480.9892	60.96336
469.8824	96.90862
493.2364	75.73183
480.16473	93.3331
463.4152	74.2773
490.55963	80.942184
487.3915	113.24093
464.61166	65.699936
503.82318	77.49226
460.0918	94.8523
484.06146	46.69013
494.25977	107.0379
450.84497	67.479965
506.49554	63.73948
501.906	95.989716
479.43033	51.210663
502.26996	89.3625
467.92377	107.39671
490.00317	59.77807
