169.67157	135.4779
165.75786	147.51845
173.67964	144.03047
173.80684	149.9618
158.1548	133.15814
175.90079	132.47641
158.17624	148.16739
163.29648	134.07906
179.36069	141.36455
155.17998	141.98671
175.50534	126.89677
174.08763	158.93562
151.23131	131.39291
182.33232	135.29129
153.44807	149.97958
166.11562	125.91178
185.0239	145.73984
148.59837	143.68318
166.77896	118.21598
164.51945	158.46147
156.79617	125.3788
444.81332	372.47305
433.1258	376.299
441.3484	365.2115
440.96494	386.08755
441.05402	376.76126
451.63983	373.09897
434.84073	388.84467
434.97452	365.34802
449.88364	381.9578
424.2558	380.22714
448.05756	360.6408
446.31403	390.77148
427.40118	369.66254
456.69775	373.5067
429.79852	391.36536
438.7881	357.94022
453.3549	387.1568
426.09286	374.0694
453.54083	365.514
442.32748	394.7486
427.23615	363.78415
461.7959	381.45587
428.28925	385.03137
167.68787	519.6969
171.79813	534.2596
162.63815	523.2297
177.89053	522.33044
161.08134	532.5987
165.22948	513.19916
172.59055	526.0192
155.65799	525.3166
172.83719	516.1083
166.27321	529.04254
157.74171	518.141
171.07016	562.7894
156.8577	569.39984
170.11644	555.69885
170.2836	573.0575
157.90427	557.26245
175.8096	558.0747
164.91255	567.72186
163.52269	553.185
174.49544	567.56213
159.5253	562.92035
167.54205	473.9541
174.90306	489.7199
159.30568	476.16986
176.68634	474.385
160.58038	486.58252
162.46866	467.0996
170.35185	481.14008
163.87155	480.60947
172.5827	468.23053
165.97482	489.3205
156.517	471.38434
176.82748	482.79266
152.59326	482.47052
168.63962	361.2474
171.25253	376.32526
158.2143	360.06842
181.01733	364.04254
156.83789	369.31537
161.46463	348.17328
166.26486	366.66678
161.53426	365.19464
171.61258	349.665
165.363	379.1728
159.31029	354.57257
173.60965	366.5576
156.39792	375.7486
166.7641	354.10892
179.58298	370.53345
151.44118	360.59958
179.95029	356.276
500.93597	378.4245
495.85248	359.38263
510.16733	381.9733
492.66592	385.9031
504.67545	368.14713
503.12314	385.94528
493.38116	366.76328
505.61133	375.20215
496.16928	395.30145
498.577	367.71906
515.8088	385.89142
495.28827	376.45636
514.80554	366.5251
499.58286	389.02032
487.21515	369.18057
512.9635	375.1253
485.88638	383.3866
507.66998	362.6655
508.008	392.29065
488.55923	376.7326
520.0929	373.07843
724.44916	66.45973
722.7352	41.11509
741.0869	57.486763
715.9463	50.539913
738.8818	32.15796
731.28143	43.495777
721.3691	32.185356
740.4747	50.621872
715.30884	56.25002
736.7023	42.36108
732.5737	55.224174
716.8238	38.078148
741.15533	40.153725
733.46375	61.900604
724.46063	27.798874
747.61584	41.01104
727.7568	47.626884
730.09973	25.82346
749.7603	59.11321
707.98865	37.67251
748.5692	31.419607
723.7721	53.676067
733.2384	32.66783
751.19354	51.179596
160.45332	424.15576
169.31009	416.11615
169.54262	430.3598
155.17923	413.4715
176.19687	423.87173
160.70882	430.66656
162.68001	417.80777
175.12253	435.21704
154.3834	421.89722
178.80075	419.0643
162.23361	437.54312
162.57834	412.4655
178.77396	430.0036
154.1788	432.7763
174.47664	412.51718
169.14899	440.70038
553.91437	368.24573
570.6056	377.88565
554.3234	377.688
561.34485	372.81265
569.8581	387.32596
548.9066	374.8276
565.1061	376.76276
554.0213	387.2263
548.4851	363.90308
559.0624	383.89102
548.6146	386.35565
560.4308	359.09943
563.423	389.5694
544.73083	370.11893
573.9418	372.6446
557.20355	393.99493
561.35504	367.95963
575.26105	381.252
544.0967	380.58234
569.5071	364.04364
730.4507	122.82694
725.6566	114.60447
736.08075	122.78551
727.5143	128.04141
731.84296	110.82567
744.2422	127.54515
717.1719	120.130066
741.9125	111.390945
727.204	134.06625
724.99176	105.252
740.9472	121.31673
722.7856	123.2953
737.6178	105.18418
736.74036	131.92087
716.93243	112.33763
742.7843	116.695694
161.83757	217.99268
160.71585	211.10835
182.97202	228.66785
155.69298	215.15645
172.3572	209.77466
167.8574	229.43245
157.32141	205.00443
168.90335	221.67923
156.8445	226.45169
168.22984	205.69453
174.21278	227.98271
151.16933	220.46338
183.69577	212.94077
161.788	234.39697
160.34537	199.93585
180.20908	221.23734
149.35938	230.599
177.18506	200.9373
171.91205	234.41086
152.43797	209.96619
176.9287	214.25586
701.99927	387.15872
707.3854	369.40552
719.03784	382.66168
704.5522	378.88654
721.08093	370.57016
710.33344	378.78314
704.5813	364.36664
721.5814	377.40143
698.1803	379.85944
715.03424	365.634
715.63745	388.12576
700.0815	372.18024
713.53656	373.88663
708.8978	386.50095
665.4614	365.8263
675.0491	386.00482
652.5399	380.57886
675.61346	368.80173
670.1997	381.61487
653.53046	372.95856
672.7062	374.62
657.6565	387.35303
667.8599	370.31027
667.90735	391.91473
660.22986	374.29153
680.1568	373.2331
665.9511	386.70483
658.5995	367.2354
680.3031	378.84012
663.3247	379.84857
667.4705	360.40863
747.8962	379.9015
743.9333	374.42804
754.4427	371.68063
741.673	386.5625
744.65216	367.68964
755.81476	383.59396
736.8493	376.05423
750.4216	366.70685
748.3522	387.49942
736.76904	369.4948
757.6198	376.30453
738.56525	381.68384
375.30576	380.32245
372.90097	384.80124
349.1895	380.64642
374.5775	370.60468
363.06415	384.71933
358.84235	356.5967
383.55792	388.1583
347.8559	371.67798
377.30713	363.9101
369.76953	395.91742
369.0934	373.25516
381.28998	369.90363
364.67108	376.08917
363.57654	366.66705
388.08563	379.54648
355.72195	379.98984
389.96796	365.62808
378.3105	397.4771
360.3281	363.01874
381.0292	380.16757
358.27505	392.74667
379.12955	357.87344
383.43262	393.24203
356.3851	371.84027
387.37665	373.1806
362.8318	394.5943
373.2779	360.7358
180.20107	46.853565
166.06381	56.554974
178.73613	32.510006
160.2455	59.618256
161.97832	45.387604
170.64583	47.342125
145.84465	59.009266
171.32086	34.13611
172.2457	54.595947
151.21486	62.035553
181.96024	42.29174
155.05081	66.06802
153.63197	33.04499
185.47179	65.911156
149.86441	47.801453
166.89421	28.715658
163.74876	66.62197
149.7252	40.52003
186.03613	53.791054
158.66045	74.033226
160.76675	35.737682
178.40492	67.624756
144.57658	52.265522
184.87363	37.972847
174.40361	74.208145
160.64012	26.016113
180.86482	57.463734
152.21095	305.19464
166.09654	281.60538
167.3365	313.97742
151.27696	288.72125
184.20323	286.40036
163.79665	303.83685
164.83696	277.05963
176.95816	299.94574
165.36334	296.36243
176.31763	283.2854
174.55608	305.03073
157.8722	295.0313
169.62856	292.01736
158.86829	302.4436
164.46432	288.03693
182.82446	295.21548
152.85486	298.7083
177.95944	290.67886
165.16895	309.11234
154.9707	281.26114
619.43933	380.99725
602.196	381.16507
619.5216	360.3203
624.52856	381.9998
614.23804	380.8947
623.8541	366.56082
606.7927	390.26428
607.57007	370.73203
631.10803	380.06766
607.7667	379.536
615.493	371.23358
617.08466	393.1496
606.5604	362.70044
626.4994	375.69
597.5905	377.98544
612.54126	364.44452
624.3247	389.33517
600.33136	368.7519
630.6835	369.28204
612.9921	388.5074
439.0165	51.584545
476.03995	88.60571
452.02744	87.41706
457.1547	59.51991
434.63422	88.55675
429.00406	77.97322
478.253	71.92949
461.58838	83.408066
444.96802	80.77961
450.09506	100.897995
424.2386	61.76582
440.79663	69.17057
454.9439	71.99596
455.8562	53.042244
464.2857	75.71953
415.85602	87.75166
446.50952	54.83534
459.61484	99.6066
418.0341	74.18254
448.806	67.4233
438.77646	103.634384
463.63208	70.967476
466.0524	93.52448
424.71103	83.942764
474.21906	56.491493
441.6277	94.41443
433.53677	71.176865
473.01776	78.42268
436.32773	83.33617
779.3329	371.92426
786.5894	385.37326
769.9677	376.00702
787.6813	374.3012
775.17	380.3143
775.63837	367.37
784.5012	379.43686
770.17303	384.98682
785.83997	367.78647
778.9691	386.5675
770.0424	370.22476
