628.12054	371.78348
620.22723	378.67596
622.6566	367.19867
626.95575	378.03827
613.3082	376.85968
631.3756	365.96637
620.851	388.97522
617.3678	370.44626
635.8638	381.26874
608.7896	385.45807
626.5959	361.2556
625.46765	389.5953
607.9303	368.59238
635.94495	374.0428
616.09454	386.17764
617.9214	361.23267
630.73987	386.02264
608.1173	377.33514
163.91238	141.99608
174.34885	146.86261
154.89049	136.72458
182.4142	144.88998
166.87332	146.95668
171.6288	127.42684
182.85002	155.66959
146.34645	138.12828
173.40245	137.17451
165.64001	162.358
162.34973	136.1647
180.09071	162.34004
155.82579	146.22311
177.95622	128.53667
167.55023	152.53204
153.51312	128.63109
188.3364	140.59756
146.34042	152.08235
168.50801	122.99156
169.5329	165.68161
148.50117	145.78319
180.28453	135.34517
154.31395	163.97168
162.47743	130.99692
186.20786	149.40309
158.5368	158.48425
384.69022	375.00052
371.33295	388.42957
355.39642	375.2949
370.21613	373.21466
370.56805	382.16208
372.5189	368.4067
374.46805	380.815
365.1624	378.5636
371.51666	363.06345
367.67963	389.7801
363.57574	368.6347
383.04352	386.10434
357.58994	382.3813
372.77823	356.12564
377.22513	390.38232
352.09897	366.99738
387.92487	362.46045
362.80136	394.65402
363.35703	356.35516
390.09842	378.72644
348.64703	380.4541
382.28186	363.71478
375.94574	396.3168
357.4734	362.99072
391.8957	370.622
356.35605	390.29034
365.58658	362.41122
390.441	386.13266
564.11395	373.13306
571.72076	377.76352
569.0909	384.76096
568.8233	369.0351
582.0242	370.0033
560.5639	383.4201
575.6178	370.00064
577.093	385.22943
554.48883	376.75247
583.6088	365.15958
564.8502	390.4262
561.0257	361.69452
582.30725	380.092
562.2438	377.4309
575.40643	361.97964
574.75134	391.91922
558.1148	368.43134
587.39294	375.2394
556.8534	386.64044
568.3907	360.22388
581.79895	387.1432
506.42365	378.58807
511.5858	371.65094
513.19385	379.59406
508.2282	356.09723
521.5778	382.10504
492.0769	373.6826
513.41077	364.1015
512.9099	385.56793
501.0252	374.6346
516.9857	368.9899
507.2807	388.1572
506.04013	369.01837
525.77203	386.00156
495.75677	380.67667
523.3157	364.04105
511.91202	394.19153
501.0633	363.02704
525.44086	376.17572
500.2477	385.0197
517.4721	358.39526
519.40546	392.76697
496.46225	368.65924
527.88586	370.35696
504.21786	392.65112
712.78186	48.163044
733.11975	39.96523
722.2528	57.640514
733.3866	49.693123
735.9042	65.06619
720.2737	39.334126
739.32355	36.27966
727.47705	60.172382
726.80676	36.86478
741.99585	58.197594
712.9513	37.184895
735.67834	28.318966
733.0846	55.699993
731.9705	30.53002
750.25085	52.428406
715.619	65.605545
743.5375	30.064722
742.51404	63.263863
715.45276	53.499664
747.60144	40.244656
724.94543	67.74686
719.87646	24.194609
744.26263	53.128094
716.24927	58.03359
754.3197	43.7695
732.66785	68.84141
718.0497	30.023457
174.42003	443.3039
156.44235	450.98453
177.12228	435.07968
170.46051	452.63434
153.1129	438.1473
169.48018	439.19858
163.99385	443.03726
160.33109	431.69757
179.03896	446.91885
152.3245	445.36978
174.71725	428.69977
162.86209	449.43872
160.79764	438.10455
182.8082	437.1184
162.47446	457.49014
164.00964	427.94507
176.17123	454.711
156.87863	386.355
176.6306	366.7942
168.72244	394.9671
162.93704	372.20596
172.63943	386.62396
156.33192	393.21405
170.59853	376.20377
163.72922	383.58054
160.41963	378.9927
182.8007	375.24524
163.89157	390.39658
160.79004	365.80347
180.07935	387.73373
150.12119	379.92984
170.04593	369.02924
175.74068	393.14627
154.36696	372.6558
176.32404	378.4009
455.54623	84.12007
439.06787	96.90762
461.4794	87.483955
433.4571	62.45086
466.55518	52.210136
427.0879	99.25612
443.92816	60.319664
477.88452	82.243645
440.15936	75.4406
427.32266	59.55059
453.9772	67.136894
421.02686	66.168686
445.02832	84.057335
436.5462	89.86078
454.86832	50.38412
469.35245	94.588165
433.8332	81.59093
474.8376	72.34627
462.21857	97.42652
437.55313	47.516197
463.29477	79.8663
430.12793	89.738144
460.21185	68.61815
447.62958	106.055786
424.35394	89.70164
463.39975	63.657845
447.47958	97.42222
447.66357	57.555428
481.8483	71.42994
428.652	71.77545
750.67395	367.69125
752.8912	383.36627
739.757	371.57672
753.0553	374.4771
740.1693	382.35315
745.04285	368.21307
758.02045	380.07724
743.85565	376.7797
758.21375	370.4079
747.0596	384.62143
711.6376	367.86948
725.39197	378.50507
703.64197	382.21396
719.2743	367.93884
720.0594	386.49335
701.51843	372.93094
717.2685	375.27194
714.3586	388.7931
713.256	362.3245
725.46704	383.8703
708.89954	373.826
724.1319	365.2315
712.5803	381.97992
703.64056	366.3333
725.8018	372.18964
706.9484	388.60205
164.04572	44.96963
176.31026	53.75358
147.11777	49.54907
172.52306	46.035717
166.42276	55.07304
166.87753	35.10116
183.14427	47.9533
160.51874	57.800407
189.8375	45.273155
168.86154	62.986603
145.76723	43.92444
178.27058	40.388733
161.97037	64.51519
165.4083	25.339298
184.96329	59.726704
153.40508	58.488167
184.36029	33.528236
162.23003	70.023186
155.00667	38.033646
186.88126	53.75881
143.89102	54.04315
171.35094	35.60941
171.96042	66.54755
147.29192	37.510437
178.1089	34.751804
155.14043	69.12759
159.08893	31.740215
178.86569	69.44803
163.19162	542.96204
169.96071	531.7018
169.0472	547.59924
159.44327	531.1832
172.42769	539.4033
160.85468	549.16815
164.76907	534.1559
176.27432	544.8642
157.7262	539.5901
175.6822	532.61383
167.10922	241.11418
161.31554	220.53218
179.3389	228.68274
155.01932	234.49857
173.43141	233.73093
172.7693	255.33821
154.56354	227.91208
181.51497	223.1021
157.01285	242.17094
162.44669	226.56284
185.45184	240.62149
147.02985	230.83614
178.62242	217.39021
166.21436	248.71089
154.56046	216.26978
187.08798	234.67026
149.9232	244.58835
170.0151	216.24695
176.35382	242.59958
163.08678	234.45586
170.94447	225.56807
160.73137	250.63887
163.33847	215.35794
172.09152	237.8558
771.38214	378.6214
778.8107	367.78296
778.1659	383.95868
767.45184	370.2952
779.5875	375.82022
771.3175	385.6348
773.00964	368.9549
784.03894	380.73892
765.25867	377.01184
784.6286	371.3645
437.8405	386.41986
439.61786	360.5085
447.11465	376.21783
429.73853	384.39792
440.9584	366.6918
444.865	383.56958
431.74194	376.42096
455.63126	367.65082
436.8767	396.30945
432.77084	371.3376
452.46957	390.16095
426.65723	379.20087
454.3247	359.9007
443.96005	395.38107
428.3083	362.63577
454.24463	374.33218
427.83466	389.41718
449.04297	357.95575
464.63037	383.8319
439.91742	377.14642
462.92862	366.9974
447.8873	390.4449
434.83414	356.64853
460.03555	375.61035
420.52167	371.42883
446.56354	367.86942
457.6561	383.7955
163.07587	494.89777
168.71512	495.17538
166.04778	502.81674
165.09102	486.2613
175.39163	500.5583
153.91255	500.27002
175.35045	489.4069
167.566	510.44116
159.52643	486.83643
179.8067	496.96027
159.65872	505.0075
171.2718	485.90607
174.21165	507.0647
155.75026	494.52765
173.30598	567.2367
164.73671	584.00494
162.64659	567.73834
174.08856	578.5687
164.64932	575.7621
167.87662	566.5495
170.68808	583.5383
157.93065	570.94226
175.8509	572.5335
157.5195	578.84375
666.0543	373.24872
674.8506	380.21808
655.7887	375.7135
681.9685	368.2447
666.711	388.882
661.2602	363.1441
672.98846	374.40836
663.77783	379.9953
672.05554	362.16446
677.9686	389.44226
658.61554	369.19144
682.84625	375.8061
660.36725	387.3266
667.787	365.08368
683.0135	382.4984
656.2174	382.0713
677.04205	365.75067
672.10315	385.83612
155.21056	301.68417
186.08218	308.09402
152.14484	322.88266
165.64523	294.7177
176.85667	325.4112
157.81708	308.4111
177.31082	294.266
170.17105	319.2689
160.85464	297.7763
172.97186	315.16602
158.77345	315.97406
169.91524	301.649
170.56378	329.2021
147.09995	306.45062
180.08939	305.1351
161.66757	321.35568
165.89403	308.85306
182.92813	321.25537
152.31357	315.1772
176.38528	311.20892
162.54416	328.37946
723.3736	110.207596
743.71027	120.497604
720.31555	128.34192
734.4068	116.562416
733.5387	123.58052
719.49677	115.51967
740.9991	114.876236
727.6937	128.95525
729.9594	107.68245
740.5155	127.38289
718.5899	122.40682
735.695	108.48915
735.10944	132.16379
728.2197	118.5009
