669.1654	372.48468
664.85126	377.72757
669.5597	365.4432
676.3266	374.0577
662.43536	367.86447
677.01666	367.81332
658.54474	381.12985
660.1922	361.894
674.6434	380.0254
656.36334	374.4914
669.16187	358.50082
671.1195	386.64044
653.6478	369.20404
683.4244	368.63678
655.1492	385.4165
661.54987	355.941
678.0973	383.32123
649.79565	373.7457
675.78735	359.63553
663.4749	386.0685
653.47406	361.17487
182.23541	424.78824
158.99773	418.69653
180.6062	417.2137
174.15225	425.34073
168.52892	424.54462
172.53287	418.83023
163.888	430.84674
170.19446	412.79428
185.0379	430.3731
158.38779	427.19873
174.23074	408.6562
172.12976	436.33365
155.68636	412.09717
187.42422	415.71738
157.80238	434.341
168.72165	405.06046
179.52353	433.24512
153.80273	421.81122
181.29129	409.4472
165.24014	439.24677
164.21304	410.3228
732.7053	40.471
712.7181	51.45215
727.2507	46.253483
740.03107	51.97066
715.8721	35.379204
732.77545	35.72376
732.1326	51.734306
728.92456	29.83142
738.2485	57.89402
717.1334	42.664833
745.55707	41.98949
724.25665	57.916576
722.3187	29.196234
738.798	45.29247
712.3756	57.30004
729.67847	21.483868
737.8075	63.65738
704.6979	41.921646
741.0244	28.713964
719.5636	62.275703
720.2186	23.028395
747.6401	52.97323
711.12	44.93548
740.57227	23.221106
729.1859	61.590668
711.56726	32.652096
741.2026	33.555824
721.24896	52.025127
442.86816	58.71134
460.2964	78.58919
442.64972	85.27337
456.3973	55.900635
454.4309	73.24361
429.74887	51.404247
471.19986	77.78731
444.59213	94.26675
451.57974	61.844738
447.75293	78.54408
429.73642	84.99183
431.60855	71.23968
439.39218	73.705215
440.29858	51.015793
462.28656	86.226
424.1067	77.32344
464.29028	71.95969
454.02264	89.804276
429.91446	63.435265
464.2924	63.754932
436.44098	94.61192
461.51163	49.39903
461.2932	93.62746
423.7046	58.988567
468.2752	60.4553
452.60513	94.82941
451.95224	51.269432
470.4052	83.16699
426.99628	89.43632
466.36142	54.02668
565.7324	372.39853
552.59344	363.30145
574.06635	370.07883
555.4481	381.54474
561.6519	365.3736
564.5124	378.4803
557.19934	372.41592
569.15106	365.51074
562.02686	386.94373
553.8302	358.4662
573.8685	377.00177
550.4971	375.4178
566.625	359.03055
572.4726	384.25772
546.7445	370.68423
577.44006	360.09085
555.4369	387.93448
560.00775	353.85675
580.1248	380.73172
546.2045	380.47583
567.896	353.75616
568.7969	388.5209
544.58606	364.33673
579.88654	367.76236
743.6594	376.4897
753.59863	366.73483
749.8534	375.5259
746.49994	368.79343
760.5936	364.25677
749.45715	382.48883
742.4999	361.1713
757.55664	372.0362
737.31635	374.4868
756.5911	360.65366
755.3226	383.91656
738.2582	367.40778
763.4636	371.99084
743.3345	383.99225
749.0787	359.18594
761.1229	379.15363
612.16754	370.29965
623.87805	363.04327
622.57416	382.46136
610.09906	363.693
621.79803	376.9704
603.3127	383.7696
619.2797	370.57486
621.28375	387.54877
603.7378	365.93805
629.72253	364.26904
609.89386	376.07098
613.5002	355.6944
631.8199	374.87857
600.4956	376.64395
622.99866	355.75684
614.63947	383.26398
603.2113	359.47543
628.4124	369.9351
610.26337	387.3571
618.4596	359.06296
630.09766	381.60422
600.78894	370.60248
378.12103	366.1424
377.61157	380.03986
365.3586	366.91013
380.02972	373.68146
369.6234	381.3031
373.09256	362.71536
383.28745	386.77325
366.44684	374.24738
384.74832	366.33673
363.36108	385.39764
377.9234	352.48383
393.63345	381.1893
360.7838	372.99384
381.72696	359.88373
376.19763	387.2248
357.79553	362.96808
387.64517	377.80988
357.22968	382.22568
369.32758	358.65042
390.24384	388.17792
356.70462	369.67288
390.15778	359.61407
368.82803	390.83276
369.1967	350.1569
393.72772	372.44247
356.02948	376.6093
384.05865	353.6189
379.23975	393.43365
360.69272	355.19876
394.28998	365.5478
164.66536	291.3039
172.41904	282.3097
182.29831	300.40118
171.70517	288.2847
175.8168	268.21674
170.57965	299.83148
165.26329	280.0841
178.36009	291.0683
153.4635	295.54782
166.44801	272.70605
183.74245	290.41705
159.89912	282.91232
190.1944	283.79907
163.08295	301.6604
156.93472	273.21274
183.32033	282.38577
158.18527	289.28036
181.99864	274.66953
175.45697	302.7387
152.03487	281.31125
176.53899	279.66068
161.57802	296.27582
169.47108	267.63162
734.09314	130.40762
724.07764	112.74188
739.20294	107.28685
722.56635	127.285645
719.3839	102.80003
732.80853	117.53912
715.7862	119.32247
732.8899	108.3112
728.2419	119.0327
713.48456	114.28082
737.41583	118.79106
713.4071	125.321205
725.36365	103.33675
743.3695	120.89809
723.3036	120.769325
730.97955	101.458626
727.3087	132.1091
717.9751	108.74927
741.73193	113.30669
774.556	379.35617
781.46765	361.30963
789.385	380.11646
777.3759	369.40698
791.3966	366.50824
780.50037	380.6392
773.3062	364.32654
790.3404	373.03595
772.6543	373.14526
785.4528	365.62964
784.1804	376.33353
162.99063	54.470844
182.12909	39.534615
156.33713	56.777637
166.45474	39.81894
188.08525	51.48583
157.07658	33.91661
185.7975	28.977108
167.53825	48.993504
154.48534	27.259998
170.42459	36.975613
154.64188	48.045166
175.793	35.71125
178.8881	53.26615
149.65714	36.7328
177.26155	46.971024
166.63562	64.94145
164.65894	21.978474
188.212	59.079388
149.58818	50.329704
180.2503	23.457485
174.01727	66.181015
167.01659	30.050785
189.40749	45.242355
156.99826	63.610485
173.1867	28.37442
181.51485	58.088154
150.96289	42.56499
189.8057	37.016003
171.53262	58.33551
501.89716	356.21356
502.48755	370.8131
493.81647	377.04095
509.39618	368.10858
510.6695	378.7792
487.96832	361.1933
525.14764	366.49548
496.97647	382.2505
501.26703	364.60556
518.56165	386.958
496.73413	370.64816
520.7554	363.59064
503.96185	378.96313
494.54843	363.05872
514.7591	374.96375
491.6403	386.42596
509.5695	353.08197
512.5503	384.0696
488.16666	370.25766
514.3435	364.34247
501.81732	389.5149
495.38095	354.96454
520.9364	377.79715
486.93164	376.62936
513.7921	357.86572
508.14185	390.59503
161.11508	557.8705
179.47435	559.7919
161.17528	569.5429
170.56833	560.1878
174.84254	571.79767
164.83905	563.30115
175.15607	553.6715
168.8958	570.1388
166.97981	553.6759
176.80573	566.1415
166.29955	214.61299
171.28867	190.95206
177.1478	217.4229
153.65765	207.25395
189.79324	211.77213
160.73824	227.68372
164.92752	209.23679
184.76404	222.77588
172.46872	208.07227
185.20016	200.1957
167.87686	230.876
152.395	199.94995
178.87576	203.59448
161.0574	220.98972
167.40602	200.01105
178.16954	228.34615
154.4559	213.58838
187.34496	206.40681
167.61166	219.55554
162.14224	195.97806
184.09213	214.6314
151.96452	220.38968
174.48865	198.14186
173.07657	225.23323
160.20963	202.42398
718.68604	371.33685
706.28815	382.24084
708.6794	360.44452
716.1974	376.42575
707.5792	370.12418
716.6544	358.37152
709.7865	377.58463
703.20325	366.70193
726.1486	370.4938
699.98004	380.7901
714.3896	365.54504
718.3336	384.44766
697.0918	367.7444
721.4713	364.23532
709.68036	386.62616
702.69385	359.02377
723.2628	377.93475
699.60767	373.96686
177.46007	470.11713
172.517	497.8958
157.64336	481.143
185.18803	477.76523
168.74657	485.6701
169.18019	474.71124
184.40163	485.12323
161.49019	484.7531
180.55583	473.93863
171.88217	491.85358
162.2797	472.4084
176.80176	484.556
157.64548	489.58246
166.0915	468.00568
181.35469	492.05582
155.50278	474.46542
171.73802	480.69833
161.24733	495.49298
443.6835	368.8803
454.0454	382.3651
441.26743	376.29474
448.7724	364.90167
436.4839	380.0968
431.8908	366.82953
451.42642	375.8816
425.0854	381.86887
444.19696	360.50595
454.20416	388.28387
435.90436	371.76392
459.2818	362.1197
446.32098	386.09717
439.4084	358.97552
445.6962	375.4395
420.3269	372.57037
447.55768	353.9848
439.93945	391.9421
425.909	363.04935
453.129	367.43182
432.05362	383.9866
435.14868	352.9439
461.20673	378.18353
426.02628	369.373
454.09042	358.04007
436.48276	387.73993
429.7505	356.26703
460.7899	371.84885
163.69194	538.5639
171.0509	523.72076
178.47307	536.6258
164.92891	525.1508
180.90869	526.05176
168.32138	531.3578
167.88937	516.85205
177.87102	530.67737
159.97147	532.3539
177.19406	519.8557
170.78548	539.039
159.58206	523.2417
179.06238	128.8568
165.71173	147.89717
171.21457	122.535645
178.87062	140.84956
155.19563	133.6384
184.44708	121.55827
172.82056	143.6774
165.0837	124.09564
170.43817	136.35313
147.50232	133.57504
174.32034	115.26012
165.39505	134.01701
150.24042	122.45647
186.68741	132.40587
167.573	152.0474
167.03107	114.03638
181.77725	133.84036
161.45578	137.82361
180.29288	116.03208
174.03917	151.74918
157.38486	116.87508
189.78033	138.76003
154.13635	141.84366
160.22208	109.56748
181.06656	146.54037
160.51341	127.14109
189.45256	124.43237
168.56122	365.54706
166.3058	339.32623
176.82411	361.0259
161.55772	357.5615
180.02441	341.14615
171.78952	359.13892
164.91063	346.45834
169.87328	352.5036
162.54385	364.9749
173.49887	340.04813
185.49327	364.81372
162.27898	352.8264
179.8191	351.0185
172.09554	371.92932
157.17361	345.55783
184.28775	356.82782
152.94229	359.68903
173.69891	346.61676
179.35535	368.81445
152.44035	351.30975
186.14429	350.19568
158.23224	372.4829
