172.81078	557.4767
166.08434	561.50476
169.2041	550.12415
175.07843	564.9708
162.80276	553.88605
180.06274	552.13885
168.27168	567.5876
165.39725	546.07367
180.41356	560.05676
160.57198	559.4171
174.89252	548.9187
177.58714	137.2931
167.59981	124.76168
159.88719	137.20065
161.9833	130.4343
173.85689	110.28203
177.61331	130.39137
157.18964	121.77041
176.70401	122.496994
168.43968	141.5802
168.59427	116.617935
183.42221	130.5888
156.13763	128.28835
178.96329	118.08321
180.55795	141.91562
149.99825	122.288345
186.18889	116.800804
164.03639	145.9183
163.60681	113.43884
188.4722	133.85913
153.38402	139.46959
180.74957	110.37486
175.3034	145.68884
158.59787	111.78697
188.19284	123.295654
158.7304	141.02182
173.3955	510.99307
171.55849	520.5056
165.04462	520.4806
176.84904	515.5157
169.49301	528.3522
158.6368	510.62347
181.9459	522.1249
158.6744	519.74884
175.8424	505.41083
177.3475	528.4374
165.90036	513.87305
182.65681	513.47125
161.2158	526.5024
166.35764	505.42026
180.48975	282.61108
167.24588	289.12988
179.88408	275.958
171.27545	279.9332
161.95163	269.56317
187.22052	274.04987
157.01929	290.88052
172.59972	270.1423
178.9152	289.1213
162.8157	277.95416
178.11159	269.27536
173.59341	288.59946
159.79625	265.2847
186.59143	286.8094
159.30148	282.14044
176.0272	261.80765
167.6676	296.51932
152.92484	272.44995
185.23384	267.88782
159.7894	295.54462
168.63641	264.32562
180.65349	296.38452
152.84715	280.4408
182.5643	341.51245
169.56485	350.35703
162.2911	341.28253
175.01596	353.7946
161.38364	355.1604
170.49687	342.38818
170.71317	361.03033
163.22162	347.84024
186.1591	338.1955
164.09941	362.60535
166.91666	333.6452
186.37148	356.33444
153.64415	354.12695
177.26512	336.71478
178.0035	366.01468
160.20993	335.41818
182.73123	347.3886
157.79295	360.28952
173.7186	332.74097
176.93417	357.93445
155.08295	342.94812
178.33464	22.728205
173.39357	41.894382
167.11908	39.447273
178.04446	47.66694
158.53664	51.501057
167.52432	34.602417
167.41121	51.43634
161.73457	41.366364
188.58064	46.110218
159.48453	60.593903
173.13765	25.911371
172.35172	53.91446
154.07596	34.905327
182.02083	41.068554
175.05008	66.9958
155.15712	31.04534
180.74608	52.646263
151.78465	56.172443
163.41098	21.80605
182.65036	61.00866
151.35689	41.6917
189.32335	37.017094
165.95853	59.342323
164.10635	28.474442
193.36794	47.783516
152.47606	47.40104
184.65218	29.140575
175.1429	59.782085
658.80414	364.4439
679.1897	370.96445
658.1063	373.56424
664.49066	366.30994
669.062	378.24426
654.64685	368.8687
674.25476	358.94965
660.84595	377.81403
654.4812	359.0523
673.303	374.51993
653.5563	380.59848
668.2565	360.55023
667.3424	386.04242
649.1548	368.51746
673.2431	366.4157
660.97925	385.47836
663.38995	356.6474
676.8744	381.33588
649.64374	376.12817
180.15608	202.99536
174.19423	215.45166
162.99684	196.20851
170.36871	204.70004
163.68689	205.19177
171.1542	193.24707
177.24956	209.60747
168.14224	214.35197
187.79343	194.49838
157.61371	218.9517
153.61044	192.0229
187.44316	209.73701
154.03842	211.85849
178.1067	188.58101
178.10226	221.52042
157.45013	199.37753
186.43494	203.1406
165.97789	223.80606
165.81912	187.08432
187.26846	216.94829
155.01126	206.96912
180.82928	193.21562
167.44293	218.63383
160.62804	187.92595
738.5709	36.023182
724.7467	44.57482
729.0643	39.145443
735.84875	43.36386
709.1815	35.93763
745.48987	32.697975
721.3073	49.777817
724.4082	21.906467
742.4453	50.08542
715.16406	46.44955
734.37054	30.170954
727.3922	55.04887
716.7691	35.00683
742.9142	41.622856
713.87463	53.114174
725.8811	30.82931
734.37836	52.40851
710.6898	42.747616
739.455	29.316202
722.5302	63.02166
716.5891	22.606466
747.65265	47.478683
706.195	50.40844
735.79407	23.07495
735.6481	59.484505
716.1151	29.05311
507.06183	366.12628
497.0416	371.40167
488.47665	363.45493
503.28876	376.35992
491.15836	369.7391
511.30835	361.82022
498.26083	382.18243
495.42798	358.9023
510.91782	375.01312
492.87616	377.57922
501.86237	369.09378
507.6334	381.73907
481.94247	371.19693
516.1949	360.5274
495.18842	390.09634
496.20865	351.35724
516.34937	377.51007
483.70053	377.51953
507.10602	353.4649
503.21518	388.11774
485.4707	358.69147
515.9949	368.90433
488.39795	385.78522
503.2071	359.62045
513.6453	385.0643
744.2517	370.848
757.34045	367.0428
744.9887	384.4368
741.2269	360.53046
754.6526	373.9623
740.56067	379.30612
750.4935	367.15356
753.84796	381.48346
738.83954	367.18402
761.9342	369.45035
746.85785	377.24066
748.08356	360.53232
759.59924	378.98798
735.8165	373.0739
754.18256	358.78467
172.20804	416.14673
163.73592	405.81354
178.84807	409.9123
157.00504	418.50488
174.41	394.58206
180.33151	422.99072
165.26205	414.08676
180.07195	400.23352
166.21239	425.923
162.27107	397.2388
185.2232	417.50824
154.52432	412.73013
170.10318	400.1398
172.3869	428.08536
157.34003	406.98248
184.85548	406.56836
163.1337	419.71133
171.45078	408.17706
178.55466	415.34146
777.1844	372.1712
789.0006	362.47223
782.91846	381.53793
773.7665	363.03497
790.37885	372.925
771.00836	377.86932
781.4031	366.95804
789.4984	378.35785
769.7861	370.47845
786.74554	369.35358
777.6674	379.75897
779.76447	361.36823
717.254	375.43082
701.5291	377.17746
714.7513	365.30338
707.7343	384.5134
702.16364	365.73322
712.89844	370.52142
700.37537	384.4062
705.5253	361.10553
715.7674	385.86023
696.2462	370.0441
719.9175	361.16406
707.3325	375.82513
702.22144	356.49457
722.1417	377.98462
694.54443	375.88348
713.0559	358.1789
713.05756	379.80417
694.6142	363.08246
723.5995	368.67334
553.2631	381.04285
554.7055	358.93457
568.86365	376.84772
556.9619	375.76718
564.2677	360.30414
554.34705	368.88174
545.0769	361.9693
567.2733	369.85062
542.68207	379.92447
560.58344	366.75165
562.8485	378.09235
549.44867	366.2892
571.77527	362.68616
556.16876	387.49124
546.84235	354.70212
574.7779	377.89987
547.34686	374.1992
569.6059	356.79028
562.15814	388.2105
540.9674	370.69046
574.03357	368.60065
547.5997	386.36475
559.0895	353.65198
568.5122	383.7285
429.54752	57.49743
469.61197	64.89873
436.09186	82.75871
416.57422	68.68516
458.34955	68.23227
435.79004	95.004875
453.65204	46.507133
444.15887	77.4173
419.3759	75.32085
440.85345	69.85887
445.07593	91.789925
460.0406	61.978313
465.45703	84.149574
428.96378	88.284645
452.66333	76.16567
448.9322	87.99949
442.88483	63.232433
474.7649	74.411224
438.075	75.77265
443.87207	47.997074
459.74234	95.26985
449.30997	56.506508
472.67285	60.366535
453.46576	95.36525
439.35303	49.794975
472.2745	82.549065
434.54678	62.61211
462.49463	46.678642
463.67343	71.67663
609.50476	373.59335
619.013	365.58478
606.59186	385.50253
611.8914	358.31158
626.1043	376.14233
601.8313	370.67587
623.1181	359.6032
616.09076	388.3152
605.65375	363.61368
619.88245	372.40863
599.58765	383.48065
613.21185	367.0942
625.7253	382.4683
595.87024	368.75702
628.0187	362.7397
612.7053	380.3452
606.7107	354.3334
632.2888	378.03885
602.4211	378.8691
618.595	356.0923
619.9851	385.3647
600.7799	361.97797
627.332	368.40482
160.15782	470.1833
172.78781	462.1915
174.98343	468.58234
162.04593	466.27277
181.44562	458.6314
170.3257	480.32993
161.37582	456.92743
185.81851	469.54672
157.21866	474.90463
173.45807	455.91095
175.6001	482.43008
157.8937	462.01797
180.21768	469.38483
162.90689	479.89716
168.07268	455.02368
179.49016	478.05365
169.94586	470.4536
385.03006	355.7089
369.81253	391.60828
361.1982	362.47015
377.26895	365.8004
368.59973	378.68042
372.04135	363.01807
379.35178	373.4191
364.5713	369.35956
396.36774	368.4576
371.15533	383.67584
375.36697	355.7619
386.68097	382.8532
358.4315	380.70718
379.81647	350.856
377.87128	378.66937
356.695	361.14114
383.7837	370.77087
362.67935	388.17856
367.47272	360.66125
393.68964	381.5982
372.54468	372.67377
392.96027	360.11188
376.86636	388.85443
368.9881	352.50583
391.33237	373.85706
353.5233	370.7697
386.69244	364.73172
383.77945	389.80612
360.45578	373.24704
732.6381	112.98114
731.79266	118.953514
726.9216	105.88259
743.61884	119.199684
712.3562	118.9738
734.46783	106.727196
728.0277	124.08861
714.92725	105.17523
744.9682	110.46725
715.4146	130.96286
726.618	113.38621
736.521	128.74757
719.8745	111.2182
741.22296	106.370094
720.35626	126.00139
721.74603	99.742096
737.1437	120.338524
720.6605	119.81215
728.7545	98.49568
725.6249	132.22012
711.9449	111.32969
450.425	368.86017
438.55405	381.13245
435.99033	365.94894
448.0128	374.71146
419.2597	371.90997
443.72818	359.09674
440.87262	374.55255
429.1823	360.10025
443.86685	366.17413
431.57416	382.327
436.54657	360.08224
447.12885	381.4062
434.4459	370.7079
454.6328	364.80496
437.1503	389.02002
434.54865	353.11795
454.92725	377.53796
424.71494	376.8711
452.9772	355.92047
445.98886	388.1811
424.3456	363.68103
458.79672	372.4497
425.1395	385.1901
442.9537	352.39545
454.88174	383.18222
429.2443	372.2072
