730.0523	119.61625
723.7231	119.187744
730.78876	109.76814
736.19867	119.89058
717.93854	113.48196
739.4691	110.16785
730.4628	128.71007
725.3302	110.21548
742.10144	122.68585
717.857	120.071815
736.7285	103.82389
737.01447	128.93692
720.7094	104.697
743.70905	114.03346
722.22974	127.79191
728.0442	102.50072
184.32414	137.96457
154.21799	136.90802
172.93091	138.23984
165.6139	142.8886
162.16429	136.29485
182.2129	133.35373
163.41194	149.21634
171.19914	129.5413
162.02301	157.57564
161.67715	127.22695
180.02048	126.83462
155.85014	152.83916
153.98523	121.122765
178.98592	144.84833
149.3387	144.23813
174.07257	122.171486
170.70694	152.9535
151.55441	126.90641
188.12848	141.97942
157.83939	142.97893
165.66309	120.37981
179.2667	150.46141
150.26797	133.29922
183.0114	122.15251
176.97055	156.4823
780.37573	367.57343
793.5198	376.42133
778.32983	378.87054
791.8823	367.33487
789.3965	383.20023
781.70483	373.78888
796.77875	370.38397
783.9228	382.54446
786.5447	366.88513
796.53253	381.70776
161.77046	217.29663
180.95618	220.01799
169.02725	239.27194
169.1621	213.3238
168.6309	219.93266
156.29247	230.34598
168.42827	205.76282
170.35529	227.1562
157.67747	222.66805
182.58562	209.95279
165.4837	233.04712
157.59932	210.11784
175.5986	230.98032
150.56024	225.20776
171.38464	201.88101
182.95596	232.77876
151.49197	209.42932
185.1481	217.23425
159.25507	236.2565
162.22003	204.73703
183.66629	224.96635
149.83974	218.54074
177.21857	206.20386
434.8348	75.98818
450.0479	78.79868
470.82904	79.39018
432.53314	92.27897
459.663	63.56199
453.94904	68.45151
447.04303	62.621418
462.414	72.95747
454.3808	87.43191
453.68872	49.8527
462.68686	101.48787
443.30777	91.67399
470.17935	62.98985
445.36954	97.92139
426.7028	74.11472
474.74023	87.0212
420.57275	82.87764
438.3553	51.34256
464.42984	84.6956
428.0274	82.01885
443.3916	57.69532
440.23795	97.9485
435.92285	65.85803
477.2613	71.47349
419.14655	63.003777
461.15366	55.468586
456.23624	96.76213
427.06216	59.04248
474.09686	51.4588
434.57553	99.149025
727.22797	367.8676
737.01263	381.3417
721.1677	378.24228
732.818	370.5579
726.713	378.03412
717.27264	368.42575
732.4901	377.14886
715.47687	381.36273
732.7174	363.64117
730.0929	386.1789
715.3707	373.89316
739.08527	372.16168
722.5634	385.9231
721.54486	363.87726
184.32346	379.1942
156.65884	374.07095
175.97473	366.51218
168.84912	382.24478
167.5432	366.51654
169.67815	373.6245
163.10147	373.11615
163.9004	359.49628
176.89746	379.0062
159.53386	365.57233
173.92969	359.83643
163.06636	388.01105
157.79633	356.81586
181.73769	371.69745
152.29575	379.24243
170.449	352.94464
174.88016	387.82373
151.68832	366.5116
183.98155	366.49997
161.109	380.31573
729.0573	41.597584
744.5636	46.298912
724.28186	36.35328
733.108	38.67436
728.3702	63.483803
713.94275	34.74395
737.57947	55.711296
720.4009	48.861282
719.2299	32.01397
731.92334	47.045135
714.9654	39.876183
745.7436	36.633076
725.4298	49.18554
728.07227	25.80134
750.5062	54.09129
715.3357	57.246605
739.5241	30.686941
733.8417	59.689514
710.74084	30.836517
750.9126	44.644596
719.48254	65.43098
734.9076	32.304695
744.0003	58.498222
713.75543	47.140003
743.57495	27.684254
722.87213	55.65627
567.23486	370.66278
579.4024	371.9507
563.3073	383.6324
573.8853	370.05954
578.7507	384.54675
558.70703	367.4789
584.6671	373.60443
569.5794	378.38412
567.23596	357.77194
576.97003	378.96716
555.5824	380.01358
574.7744	356.1875
573.60394	389.0606
555.59143	373.47144
590.52875	370.4592
563.0853	389.9491
573.6173	363.23776
581.2899	390.33527
563.6835	375.46576
581.7921	362.675
568.6251	391.07547
562.98975	361.50934
588.6796	380.61945
159.49716	527.53265
167.09836	513.557
171.6622	527.3831
160.4348	514.8666
176.80661	521.1676
163.19754	533.27515
166.90346	521.37256
177.9415	527.3274
158.08563	521.0916
174.24356	514.23926
169.32912	532.50146
496.11224	366.04306
514.1774	372.91245
505.65576	383.30347
507.8268	373.23267
518.0404	390.9657
500.98648	369.27545
528.0158	368.55484
507.51822	393.51733
507.25946	359.35162
521.99994	371.57498
501.716	375.2276
515.17365	367.54453
512.8949	380.30292
491.52582	372.48196
527.0167	379.028
501.23236	389.8868
511.80988	362.02936
519.87915	381.17877
494.5384	376.95032
524.5829	362.17282
512.40247	385.66547
500.44223	358.8752
525.4955	386.84253
498.54257	384.55942
519.91174	356.8592
167.838	300.82584
162.10109	304.40472
184.18262	288.9687
166.661	310.844
168.0534	278.72934
178.77727	307.35098
152.27202	298.26648
171.90562	290.42752
175.77185	302.3444
156.9824	292.248
183.83192	295.32855
155.23534	312.25507
167.33301	294.12598
176.9346	314.37076
146.75894	297.348
179.55937	285.47498
161.71939	316.45407
163.45847	283.9505
184.96732	306.59482
154.05716	306.50266
172.20477	283.5775
171.36699	309.1568
154.39114	285.98273
178.00392	481.34097
159.45728	491.70483
164.36029	477.0904
171.16211	486.3505
165.27701	484.46802
172.28186	478.0362
165.45705	492.5311
158.18063	477.02548
179.74368	488.00323
157.26091	485.04266
168.78424	472.1224
173.59761	493.32642
749.0054	371.30457
765.3346	372.88052
758.3032	385.07953
757.72107	370.79843
767.8644	383.25348
750.8354	376.95178
769.22327	367.97342
761.68225	380.49234
753.4541	365.35632
769.79834	376.82196
752.3621	383.01846
761.8567	364.2863
462.0511	385.94855
437.0621	380.87305
450.32706	368.96265
443.6913	378.4349
440.22656	371.8892
450.0739	374.33844
439.556	385.73538
448.6433	363.7287
446.21542	389.30276
430.7155	368.24054
458.6751	368.78632
433.57568	390.79025
443.49332	361.7838
463.0245	378.86386
425.50458	371.9776
458.07257	362.04962
452.29224	382.81387
434.42792	362.2169
457.44696	375.65683
429.74805	383.7462
450.2005	357.23434
452.36484	391.78192
429.34766	377.85052
464.93414	367.43744
442.6668	393.71378
438.14545	355.42557
376.6469	373.12674
359.4227	377.3605
380.7007	357.0467
386.00537	388.90707
363.16055	363.18765
375.7672	368.2872
376.20282	379.05154
366.7475	371.61328
386.8001	377.4532
366.0708	381.8509
383.93317	364.31012
375.31937	385.49924
369.685	361.4436
395.8863	381.29895
356.02936	382.80997
378.477	363.51154
375.59882	396.64124
359.47925	372.6969
393.06842	368.6225
362.244	388.50165
366.35794	354.97736
391.41702	387.15155
349.96518	371.95587
387.3549	359.90118
372.38052	390.757
356.93317	365.7522
392.70126	377.41132
357.24725	391.33286
375.35956	352.79904
382.71854	395.09833
157.63165	560.8308
175.79898	551.8541
163.91649	568.29803
163.78358	555.3
174.60306	562.37054
164.2728	562.53723
169.17177	551.7288
172.78616	568.2032
160.38199	550.0251
175.10542	557.4296
161.36237	448.91275
166.67572	422.48828
177.84163	437.3919
162.68918	436.54254
168.5917	432.86954
172.47429	439.52457
163.07294	429.82538
175.77046	431.07047
158.8154	442.00018
173.13336	420.2386
174.18369	448.21964
155.38083	426.09927
178.5525	425.2649
167.0615	445.61246
161.10953	423.11295
183.02405	440.5645
152.88351	434.98016
634.4077	363.4643
630.7939	376.78906
619.73987	370.29233
637.1338	375.99902
620.02405	385.89044
629.97906	370.4098
633.31287	385.08835
625.318	370.97385
636.39343	369.2164
626.0631	385.0529
619.08484	363.58224
646.13214	380.5182
619.0133	379.63034
632.35144	356.72086
633.4297	391.3747
611.5095	369.99783
644.7808	371.31497
622.34735	391.14368
625.5374	360.77365
642.2521	387.10455
612.9879	376.0619
642.2882	365.23395
189.64801	47.81784
157.16867	46.808582
168.32346	39.42013
164.95682	45.11422
158.87936	40.483868
179.28073	63.763924
153.13475	51.160603
175.77612	40.75126
157.3747	69.71485
163.22192	29.994007
189.6779	56.645
166.6745	52.51687
181.61946	35.036087
171.08401	68.06871
157.31737	32.706154
181.57434	47.126675
161.0982	64.40895
173.25156	29.058914
181.56296	57.670647
151.63786	56.13991
191.46448	40.575344
160.95435	58.015003
150.21768	32.922714
171.16385	50.019672
150.3488	60.91045
173.49197	21.99157
172.75615	61.53324
147.03679	40.49375
698.176	370.85785
673.7619	383.0386
676.9574	360.01007
698.23895	381.4585
666.9493	373.9644
685.7436	369.6275
685.6037	380.47644
671.9845	373.5433
691.31537	371.15427
668.75806	383.39166
681.409	364.75482
691.30554	385.80414
678.05334	372.96826
693.8653	363.74927
678.8891	389.2157
672.1144	363.5401
692.9353	377.43338
679.6447	380.65387
688.0976	360.9134
687.3618	390.50607
