400.1121	375.63632
397.86478	390.4234
378.25458	368.9422
401.90738	389.6126
375.43832	375.31387
390.5462	387.15387
385.5623	392.95813
383.84796	378.45255
405.82626	378.7142
382.00555	383.012
388.54694	371.42334
390.98587	401.71713
366.85492	372.27368
413.40152	381.16278
381.28052	389.10992
397.05716	367.70102
396.39914	398.7487
375.20856	386.39105
406.43423	367.6228
384.0781	400.5103
386.53427	362.9318
406.7615	386.99493
371.62592	394.9754
392.2376	357.79214
403.47025	402.47586
371.95712	382.23163
181.14111	37.99872
159.85378	60.232563
166.79756	33.679985
181.61426	64.50194
153.91826	47.902298
187.19131	49.85719
174.90117	52.208626
164.22546	51.57847
180.39488	58.622845
168.04329	61.72219
169.74182	45.16871
192.95102	66.25773
154.93161	58.855827
186.22836	42.007988
174.24898	64.80835
162.90585	40.29311
193.01576	55.803345
158.829	65.74037
176.88995	31.03709
180.9273	70.36158
150.29726	37.20417
191.31381	35.045677
165.28362	69.021805
168.51901	28.063858
176.39148	551.1853
168.64981	554.03973
177.5446	541.0852
170.80092	560.0265
166.3406	541.1338
183.94615	552.7724
163.65048	559.04565
171.74368	547.89465
177.49554	561.32294
162.68515	549.4781
180.48508	546.5409
464.85693	378.6154
479.60425	378.80624
492.1456	393.18478
460.35498	386.522
470.9632	364.5335
470.67368	395.72067
477.52057	371.32126
470.29575	385.06763
465.12183	396.4084
485.9939	376.2764
481.6749	387.12958
469.6205	374.83136
489.25128	367.06317
486.94794	401.1861
461.21664	372.12836
489.1704	385.2354
457.00473	389.93307
481.3249	369.89017
480.3751	393.57272
456.8524	382.64877
493.8426	382.08514
458.7085	397.85864
463.6124	366.55948
806.6265	386.60464
794.298	384.69626
800.13855	381.29633
797.8665	393.07413
788.42584	374.96875
808.46716	381.19507
785.59753	388.93542
797.13184	374.4449
804.0558	391.72903
785.17303	381.444
805.5126	373.07178
792.4254	393.47577
794.1459	370.43665
752.2717	387.8828
733.3615	385.5018
750.16125	378.31247
750.5054	396.4433
741.0278	381.30707
760.0625	378.71564
746.25745	387.14774
746.78357	371.9042
759.25867	391.45587
735.703	378.20547
756.9584	373.6151
740.8437	394.26025
735.798	371.13568
759.43097	385.47574
735.31165	390.91977
751.9332	368.93475
690.11755	391.6927
676.7246	378.44962
691.9591	387.0005
681.0393	380.94446
682.1669	373.2712
685.9523	383.30676
680.9355	393.23956
693.3495	366.0944
694.7939	398.88922
671.24347	374.8681
704.9586	378.97076
675.0765	391.61343
692.6329	372.65353
697.7599	392.5302
673.0184	385.75253
695.34174	378.9346
684.5945	395.99365
680.2484	366.62115
698.64343	383.61115
161.86096	420.90375
181.71115	409.6271
182.11313	425.19058
170.59529	415.455
176.44852	420.88214
168.79282	437.29117
164.8943	404.68402
190.6484	424.70966
156.22	422.89545
183.64293	405.85004
169.50795	423.89362
161.6683	409.56808
188.45207	407.93045
158.85962	429.44806
169.854	399.02145
177.7407	430.38794
160.11676	414.56378
178.94667	414.57114
178.55191	436.45908
834.89905	381.52563
846.34656	385.76953
828.64453	387.8797
848.2987	376.78497
837.9977	386.95883
833.44775	371.3839
843.62744	380.7046
833.8219	391.491
839.76624	373.16376
844.7457	392.7756
827.8158	380.35883
488.65552	61.363758
483.6446	105.30109
484.35052	60.342377
466.67792	77.12883
468.84442	64.7897
482.90137	99.46175
465.9162	88.283775
454.48517	67.282974
497.67596	80.043396
476.55118	103.6118
475.5065	88.51601
490.03973	97.85648
499.55414	89.09254
465.8112	50.823433
494.344	103.21594
479.05518	73.47949
490.38794	69.08124
446.74194	92.546074
475.75864	55.749073
502.92145	107.977745
460.75372	110.89713
506.78265	72.8111
458.6678	99.51363
458.4545	65.06221
500.03033	81.318794
468.48917	100.00799
486.25372	45.850067
489.3698	111.47064
461.18985	79.604836
501.6355	75.40721
173.04852	169.17574
171.62659	145.20113
189.43723	152.49095
155.14552	153.33235
187.48097	146.34088
163.41035	166.6999
164.64687	151.10852
193.80241	147.92609
153.12296	159.62439
184.90042	130.87572
167.6935	160.09521
175.41582	156.35744
190.92407	138.48495
174.501	175.56691
163.73337	132.30334
186.0657	165.89005
159.3812	142.486
181.48532	138.61266
178.8141	164.37996
150.11435	144.7918
178.49988	148.35623
159.18599	164.27689
165.3778	139.70094
631.2508	383.50128
601.54205	372.82126
628.77185	371.84467
615.75037	396.9637
617.399	366.05316
637.07764	387.2704
615.2095	388.15265
621.58655	388.1216
624.6248	394.82947
616.15735	380.10757
634.41547	376.03912
608.76306	394.26862
620.65845	372.13672
631.74207	395.3115
607.43365	379.65155
624.1074	364.2423
621.8424	400.25446
610.18085	372.24777
622.7012	378.53033
604.2418	388.0622
553.4614	382.11176
563.8041	395.14404
534.0026	380.20892
565.05914	378.3357
543.92926	395.1384
543.83386	363.33698
544.32544	381.1102
537.1004	388.8421
551.5068	366.57526
556.866	398.4839
536.3211	373.4417
557.76447	379.14764
540.2781	398.87265
544.9045	370.45047
563.2982	388.755
548.23065	388.17853
558.25024	368.24377
552.723	391.1416
549.6671	375.61224
566.3511	383.84616
531.16376	388.4047
175.25766	334.6997
177.02997	346.75867
153.41336	325.67252
176.82712	324.6164
154.94803	349.89145
162.46739	320.22278
191.1093	339.90012
165.7858	345.04907
177.76364	318.0747
176.12001	351.89206
161.51248	328.99976
179.1231	339.8348
167.44873	350.86877
169.67384	319.58978
185.17436	344.08994
159.54123	339.12958
185.73018	324.56732
166.37434	334.12714
171.16997	327.7021
190.2929	331.5591
165.57011	247.54814
176.15834	228.73677
178.38097	264.99713
161.1352	238.85722
181.61612	243.66594
165.38206	254.05566
175.28609	239.32002
182.88383	256.54413
154.54282	250.15291
184.13239	235.01884
172.98611	256.44827
159.91888	231.69633
175.4359	248.7548
159.6965	258.55316
171.02682	231.29565
188.62979	260.21027
155.4947	242.28769
189.87726	242.46872
167.68892	262.69812
170.21596	241.96594
189.69505	250.45357
770.1253	62.06544
806.20404	43.00727
797.0323	69.52733
764.8223	37.786293
803.6361	51.197056
773.88055	70.89352
788.11633	28.976889
789.5221	57.792366
763.1162	55.934082
787.87366	51.354755
780.0056	46.14722
778.0797	32.349182
793.2467	47.105446
778.6184	58.25286
795.5938	40.196945
800.76263	61.896515
773.05023	48.040928
807.57666	57.926094
785.67944	70.55656
781.22906	42.900883
794.10266	56.02424
765.0849	45.389977
786.99426	37.01174
778.6845	64.40532
166.32697	479.22028
173.36331	495.7159
162.84688	506.87872
171.62518	477.18604
181.06633	509.09833
169.46603	490.62897
182.34454	494.46127
167.20926	496.60825
174.86044	488.95313
186.7208	500.35684
159.19435	495.22412
176.56831	482.0082
176.12457	501.40567
160.58676	486.08066
187.91992	484.74106
170.43347	507.02847
875.4318	380.68445
887.2116	385.61737
868.90497	383.9707
882.83777	376.67526
874.509	391.16263
871.5466	373.1824
880.61816	384.24005
865.29315	388.57355
878.9374	372.01007
881.10925	392.26917
866.7389	378.42578
