186.65144	64.77606
164.54112	57.466816
166.79973	36.434437
188.68066	71.09905
171.90549	47.76846
179.58493	57.63085
174.23257	57.214764
158.99387	47.265236
191.2585	64.1784
153.33961	57.71805
196.40053	46.226112
174.33505	82.05502
159.50606	56.0182
178.33922	44.468876
169.43314	68.7849
175.61249	34.448418
180.31229	73.46263
164.50249	68.67668
188.14412	34.76763
174.1943	71.21508
158.54184	41.56505
197.66824	53.79232
153.2782	65.31809
180.61919	37.043015
195.14322	75.12184
152.11304	48.294662
188.08347	54.270397
162.00195	74.37894
174.57755	328.61664
179.91608	323.1388
164.06131	334.99008
174.20374	317.672
177.72182	338.1108
161.88272	329.79428
190.56148	331.48706
175.29126	332.84073
166.26596	310.9698
188.61157	344.38116
157.33644	328.21625
187.10948	316.38275
170.34398	344.68918
164.78613	316.72064
181.00665	341.92633
163.56648	346.4214
179.47202	312.15057
176.14778	346.1656
166.38214	322.83234
188.2771	323.95505
794.7802	384.04074
794.7473	376.82724
806.0702	383.61603
784.152	382.45633
801.5262	369.62274
798.2212	391.20462
788.2288	370.38666
801.1521	378.27753
786.5117	389.45673
794.8343	368.2165
805.2003	390.52686
784.55896	376.38547
806.94086	374.56598
791.86993	390.7987
395.0448	371.87976
413.6083	375.25833
375.57578	391.39478
394.8934	380.22955
395.5332	388.6202
375.19855	368.82053
402.77042	388.35065
389.22064	393.73767
399.89737	368.81866
396.69025	395.05524
388.11816	386.55057
404.16382	379.44458
409.9305	383.86285
394.6025	358.06543
416.68857	380.71133
381.56494	381.23337
400.73044	355.60147
410.27924	390.2443
386.3356	372.6907
404.86887	368.0047
386.3709	396.59372
390.4369	364.8968
414.51123	396.30536
375.55484	381.51776
409.88495	359.1185
397.29108	402.9843
372.26486	378.48798
414.46298	369.20123
378.90753	397.4215
685.6151	375.25208
693.2671	383.07178
685.98114	381.01132
686.94116	368.7565
678.8941	396.79153
678.9685	368.79636
700.7753	387.31393
680.94183	387.24432
692.2044	363.6213
690.2911	394.71124
670.04065	380.68414
702.63727	376.28094
676.7377	391.79605
684.4895	363.81604
696.27386	392.9553
673.18933	385.95828
695.9345	369.45587
689.0619	387.03494
672.48425	373.23557
694.1213	377.81268
171.97672	159.00433
176.96236	156.92334
173.3193	176.68465
165.58253	150.24449
195.18706	150.76718
167.1285	161.39542
172.19278	134.68333
182.90503	163.68564
170.08868	141.33176
175.14206	142.93512
170.81436	168.0282
157.98764	155.86003
181.18414	153.3127
162.96286	173.01439
185.14613	139.7732
191.9056	166.26247
157.06046	160.47324
191.26587	146.31778
181.92162	169.71976
158.16016	146.75519
193.66678	156.8912
160.00754	167.39082
877.5543	374.20612
880.32263	387.57593
866.13947	376.7049
883.4347	379.14117
867.40234	386.1878
872.2661	371.61984
885.2606	384.39682
870.6808	380.5059
883.0801	372.64212
873.5555	389.39197
478.0485	373.67932
492.5694	381.31894
475.90057	380.25394
484.14453	365.9011
486.80948	392.41864
469.6186	372.89658
488.45694	367.48517
464.8409	392.43756
473.71933	361.83203
479.89374	389.00293
468.0858	386.01068
494.69604	368.14102
483.68878	396.45508
463.504	378.89337
495.0599	373.1771
474.68936	392.43927
476.5899	368.83105
498.90982	384.4686
458.2198	379.49933
484.5438	379.7774
475.65625	398.42883
464.46417	370.8803
491.17514	388.33014
459.4671	88.81328
468.78482	90.491844
492.3615	106.74264
481.66254	73.268425
502.03485	88.54355
472.97095	99.90453
493.33292	76.303474
490.0019	83.03234
458.99872	99.90843
476.99976	56.7519
475.58472	87.98424
485.0642	66.080536
507.2186	83.20607
453.3007	103.070656
461.59235	70.5115
481.34164	85.90283
465.35577	58.967884
497.33698	50.878773
479.9768	109.17622
460.72504	51.279797
509.43384	93.87219
453.5291	70.31446
489.5135	53.95708
498.92365	106.66963
445.86566	81.01292
500.57587	69.58223
467.483	98.19945
478.78745	50.501762
491.52924	96.83833
461.54523	76.441055
755.06055	370.28918
744.681	385.16653
736.0067	366.94855
751.4946	382.1841
736.24695	387.36972
748.4583	371.89642
749.4647	389.13113
740.5769	378.86014
758.34283	375.78815
739.4481	393.4729
740.47186	369.98373
756.56537	389.06796
730.2108	382.97406
749.1163	365.33585
747.09247	394.33673
734.74084	378.65115
761.681	380.9942
162.28601	419.81534
164.7955	403.56827
187.0987	419.92987
159.8273	400.2933
188.7735	395.2425
169.92189	416.48138
162.28342	394.12823
175.17923	406.96313
171.19263	407.79074
180.08806	401.5878
179.85529	415.35855
169.30591	395.57672
191.41391	406.66193
173.39153	421.4205
175.11378	391.51947
184.6964	412.2459
158.55534	409.9261
182.16028	394.81268
181.06871	422.71597
831.8638	373.01215
848.7238	380.14206
833.1323	385.8018
844.9661	370.21616
842.0248	391.0551
831.30725	379.10263
849.055	374.01352
836.2507	391.27682
835.90564	368.1572
849.7546	387.26978
826.459	383.39377
838.8844	377.5204
841.68005	382.38766
169.41705	474.8632
190.69116	473.55185
169.85925	484.35587
183.95625	469.62564
186.47354	482.6639
163.10583	479.07355
179.36191	463.68326
176.522	487.37808
166.30891	463.90762
183.22192	476.20126
163.87209	489.64166
171.18106	467.28082
184.59476	489.84906
160.60703	474.0092
175.71309	480.5146
169.47736	491.51495
619.0189	381.67035
635.68274	389.0633
602.10486	385.40042
635.10065	369.1878
626.3911	389.8233
606.58386	369.65732
628.55304	374.48068
610.62463	387.19818
617.3853	373.60458
628.52356	384.52145
608.0934	381.66278
624.3082	369.45673
618.6008	387.95447
614.5065	364.40283
632.0474	379.2815
610.9021	394.78827
619.1483	365.48715
625.664	395.74078
612.47406	373.7859
637.17755	376.10388
616.275	396.08246
548.6809	374.867
552.88745	383.04895
544.00586	365.55038
568.6805	372.77896
547.061	381.13736
538.2889	371.52118
563.1617	383.4262
542.6183	384.8938
556.7407	371.41937
558.3452	397.19446
532.632	383.89862
557.526	378.8783
548.4778	399.0919
551.69354	359.09662
565.36975	391.89297
537.6228	391.3481
561.2872	365.6682
553.6049	390.86526
536.84784	377.61545
569.4794	382.52954
546.0077	390.58115
552.22626	366.29376
793.60565	71.24892
801.5149	59.05708
782.58636	46.37133
788.4637	65.71266
786.2279	52.98385
792.22186	55.14812
783.4364	59.340454
785.73254	35.508087
779.9158	71.79332
777.17395	61.323235
800.5233	44.04172
757.98645	64.515755
774.00574	34.7134
800.94366	73.31902
766.3394	58.99569
793.3752	48.57754
785.6185	80.745575
767.3439	44.378036
805.82947	41.973053
774.94006	70.24387
762.6318	55.488136
797.551	63.273346
757.2046	44.85331
792.0936	37.241184
777.19275	83.33461
780.9436	31.452595
803.7389	51.159782
768.2684	64.75148
185.71632	528.05237
178.69023	550.06555
167.97638	536.953
188.23799	538.78827
171.69124	549.0454
169.81534	528.22327
184.26067	544.124
161.75949	540.4316
182.85985	533.53253
173.17516	542.3014
164.03116	528.5666
175.29471	537.03644
162.82176	547.52234
176.56714	527.1943
174.89427	245.58098
170.04343	247.49492
187.64337	227.64287
167.2948	260.84296
166.27594	232.63242
176.41231	257.97812
161.41089	244.5531
179.49089	236.95874
172.01039	255.84042
166.06842	240.49117
193.47012	236.07976
155.09683	253.83878
182.39319	245.31738
193.79099	250.06897
158.43051	238.59721
185.51675	237.58398
177.46501	264.78976
166.75076	224.0345
184.44858	251.63321
160.38351	251.2011
172.9365	230.78947
191.06863	257.81772
