637.9493	378.4823
629.3198	388.29526
647.00226	372.4485
635.22327	382.92566
627.75635	379.97992
646.3815	382.77682
639.6131	388.2658
628.37274	365.38974
651.42816	385.82297
629.76776	394.4848
636.68976	369.05884
636.5519	395.78735
621.71735	372.70093
652.04865	376.99786
618.95197	390.64075
632.3458	374.5424
645.6302	395.16547
621.2992	383.06476
642.31036	365.08844
178.67868	335.775
166.76054	331.7099
180.15836	329.8404
165.93047	339.3815
162.63483	327.3814
179.14102	343.48053
158.43932	335.09427
186.12735	323.42706
171.19165	351.3381
174.80449	322.36713
186.62703	333.65857
165.77103	345.8533
179.63708	324.58832
177.11038	349.1112
161.6874	320.18854
192.29607	335.96744
154.71646	341.3293
169.57896	318.43332
188.56729	341.66107
168.02559	478.5104
180.02904	473.53687
176.05531	481.58707
165.9722	465.25717
188.85902	479.05948
165.00113	485.01602
177.82275	465.06787
175.83954	488.35944
166.97285	471.84082
184.43704	473.75186
169.65756	489.41495
172.66266	471.0673
184.35191	483.2706
160.94093	480.47363
502.58334	85.713905
469.40244	88.82027
465.33945	64.67991
512.3225	67.65494
480.3098	74.33103
466.9847	70.763504
487.56485	95.91762
473.893	81.93071
490.43793	70.421616
465.9499	93.87937
480.3399	89.82884
484.5533	102.233025
461.00336	73.872375
490.06738	84.49135
457.78265	104.04469
454.2628	67.74673
495.69867	63.29466
473.6491	99.32083
485.89267	53.37861
499.05215	93.98588
457.09625	88.2218
477.04608	60.69137
497.53516	111.00297
467.89606	51.85485
512.48413	83.91182
470.8986	113.53609
494.44196	54.156227
478.35864	107.55939
450.71948	78.051285
491.3441	372.58926
471.77017	388.20358
479.29745	374.6383
495.13614	382.88995
476.59497	383.43134
490.53687	367.8105
479.6354	396.63794
471.90253	377.13516
503.71225	390.2176
490.6024	383.898
486.18353	378.9433
487.90533	390.80392
465.01602	380.50607
500.9397	369.1075
488.1793	400.5602
477.95102	365.7844
505.46964	381.23727
467.81372	391.11246
491.47617	360.7308
494.13434	394.00446
472.86835	370.7137
500.75262	376.2579
471.61774	396.43134
483.5316	360.50018
500.21564	397.472
783.5558	47.41672
794.0639	32.12423
786.72363	73.17189
769.34924	45.581364
788.8196	51.55237
775.85583	63.000286
796.88184	44.857494
790.1821	65.63472
769.50195	72.0034
799.5295	53.715588
777.8686	76.32393
778.87616	42.152504
782.7737	60.823647
765.41376	59.48097
787.16766	39.562798
799.1311	61.332054
772.8583	39.01179
798.6721	36.6499
758.91565	58.16443
776.474	31.91328
786.5362	80.0934
758.7024	50.316322
804.8857	49.001545
799.75665	71.00807
764.73724	51.268085
806.4481	68.6259
173.00067	536.79
173.297	522.53625
179.76987	540.5071
166.60326	528.8524
180.5304	530.3626
167.86229	542.58923
172.65375	530.5731
185.02286	535.91956
162.33847	536.03357
184.03526	525.3932
174.45386	542.8561
165.8493	521.07635
182.38058	256.94916
170.46625	249.28706
163.14722	240.96513
190.12766	255.91174
159.11003	249.99728
192.36325	244.02573
171.8671	272.29758
174.18637	245.25188
173.61044	255.92183
159.04399	260.541
181.8851	234.24744
181.63632	268.8166
169.15866	234.21219
178.68918	247.2031
163.78917	260.99188
178.72293	240.52158
184.82156	265.18283
153.61441	243.62834
186.1617	247.58847
170.059	261.0135
166.61421	406.23004
175.45242	411.17023
171.33035	421.28647
178.20612	395.6823
184.26534	422.5436
165.49777	413.6166
191.89584	407.22525
172.06091	426.60992
167.55571	396.3131
188.0274	416.8188
158.05643	416.86954
179.86012	404.2088
179.52464	418.45718
160.29094	403.9508
185.55821	410.25504
162.7678	420.2417
174.03526	404.18488
183.06668	158.60263
160.52408	161.05634
193.97823	158.7287
175.63286	164.88042
165.3028	145.90718
182.17563	170.15085
156.61295	168.86104
185.49847	149.75928
184.95335	181.24818
154.24992	156.81203
192.46982	172.08842
174.74673	169.67532
167.08615	156.1468
186.55336	172.22984
169.5318	163.04094
177.64497	143.41194
167.59123	179.39224
161.8484	153.24564
177.5884	153.46158
162.55647	171.49838
176.09586	138.10136
171.51584	186.02371
752.75574	383.3711
767.0357	375.5605
753.61456	393.18414
751.56726	368.9666
760.8519	380.06177
745.32965	385.82498
757.2886	371.80618
759.66223	385.70023
743.9475	373.0534
768.73785	386.3382
745.9858	391.534
752.58545	376.63962
761.3366	394.26215
743.39307	380.8474
763.5001	368.41388
181.53282	80.71995
170.06966	61.998352
185.88316	47.708534
147.74026	62.99343
171.93141	48.90937
183.72246	59.51289
166.74527	46.068947
167.27954	74.753914
166.01515	66.65486
184.6927	32.93637
187.57591	64.24144
153.6232	58.756603
174.92697	39.589195
167.06474	83.484215
146.60275	46.87009
197.26003	47.50819
160.32718	75.48732
171.28961	29.734867
182.62048	64.639725
160.54178	49.190594
190.41888	55.815044
177.27376	71.06204
155.14267	38.17359
192.09418	67.021164
159.96387	67.683784
193.16711	43.76248
192.99976	73.992355
838.9077	379.24808
855.91077	379.74243
843.8249	391.2326
844.32404	376.15488
854.6891	390.27954
833.18085	383.15854
852.44836	374.40012
848.8187	389.9124
837.18976	370.36258
850.2438	382.7699
839.4359	386.78598
847.97186	370.45413
890.98254	388.7492
877.7249	380.15274
892.6334	378.3022
879.0327	389.28473
881.21173	374.4842
889.069	382.3378
874.06854	386.1059
888.035	372.01236
883.911	387.2932
873.95886	373.8322
709.4042	377.49252
689.05396	384.29453
699.9751	365.76288
704.4066	389.65814
683.7974	382.56204
713.9237	372.03226
692.3046	395.7581
695.5002	372.84784
712.4159	385.2824
689.5465	392.03674
707.64197	368.24347
701.0065	396.3713
685.68066	373.58316
701.2874	380.09088
697.62244	385.6747
691.56555	366.9851
709.66394	393.3279
694.30273	378.28363
807.13446	373.8464
802.6105	392.69733
791.92395	374.59036
808.7433	381.58823
788.97644	383.50153
802.67566	368.6834
808.8218	387.8764
795.308	380.68256
814.2101	378.07355
796.97925	389.79083
800.4098	374.24252
815.4706	386.70135
801.6198	382.58365
391.3887	357.69528
389.32324	386.78964
402.3536	376.85822
395.53198	384.879
384.4821	377.77866
389.30978	369.24225
407.76404	398.15448
396.3522	376.05365
407.7309	373.815
405.1401	406.44537
379.2723	378.0616
401.68338	387.27048
373.39862	389.10345
405.08038	364.86285
397.33517	392.27814
369.03452	377.41333
414.52466	372.21613
386.9685	400.49628
388.75238	363.13654
413.5335	385.44263
379.8571	385.64203
415.4467	366.7706
395.20013	399.12448
374.1347	372.4194
414.6126	380.66516
383.47806	396.3596
399.31818	367.958
414.30753	393.78522
564.11096	387.0422
565.92737	376.9245
561.92175	398.58105
563.05176	365.17523
579.4381	386.84756
551.71594	390.35663
570.90607	370.72812
571.88873	399.6085
551.6001	368.20834
575.25726	374.91028
553.7468	395.15448
574.96155	364.0875
579.95233	393.55203
552.4125	380.65097
582.5716	369.34787
573.7289	382.67307
555.12866	374.03604
584.5902	379.54022
557.474	384.2852
561.0853	377.31094
568.86224	392.4304
546.3416	375.73203
