175.1642	64.751755
156.69223	57.73363
178.78091	52.65868
182.98149	58.19848
163.04874	52.67904
197.01443	62.850178
158.0861	64.03325
175.56125	42.612377
178.02184	71.39331
172.67307	55.03135
190.27914	46.7216
188.10275	66.4915
156.76431	42.987263
188.10837	39.34928
171.81058	70.81604
165.99396	37.927376
193.16739	71.59808
151.74863	63.496315
187.13297	33.802193
169.91925	77.36321
164.45737	44.262962
200.18253	52.195915
160.07254	73.57003
180.8935	36.85925
188.18214	74.64
153.58145	53.614067
190.86414	54.80813
168.26463	83.727615
172.48076	33.993927
840.6754	380.4377
827.26904	381.3963
839.8458	368.39365
837.67664	385.78665
833.0415	378.33823
847.85974	379.7088
828.27136	387.98785
836.0319	372.54175
846.1136	387.08746
824.8613	374.42865
844.66034	374.12466
835.9313	391.65384
829.2306	369.08893
481.46567	386.60373
471.59637	382.12494
502.1137	382.25165
490.768	386.15808
487.82178	379.36365
505.1288	370.64664
473.2291	387.89175
483.4838	373.8255
502.60922	391.58115
475.65216	371.34216
498.48505	374.05963
486.7172	393.7895
481.37256	364.5674
493.15143	380.2175
468.23184	396.02643
489.22662	365.4268
499.05884	397.02234
469.81552	377.8542
498.97867	362.66693
480.21957	399.8266
474.68936	359.49203
507.79892	385.0732
462.86688	381.4168
492.67343	359.00653
492.84985	396.92822
468.2431	368.5941
505.61905	376.71613
739.6226	389.9599
748.74036	374.57193
753.692	385.8914
735.2131	385.2349
757.6982	368.764
744.2418	380.69345
736.26886	370.48645
753.4542	380.3148
732.52344	377.1163
751.04944	368.5167
754.0653	392.52325
742.1195	374.44482
758.3793	374.54123
745.71704	392.8946
743.0453	367.09613
759.2863	385.9308
629.69543	376.44238
638.12683	373.83884
634.19244	386.42413
637.892	380.8991
647.03015	377.2008
626.8022	384.55295
634.1384	363.02444
649.0399	390.53708
624.27747	372.70938
644.7845	369.43137
634.91565	391.9719
629.85156	369.1839
646.0801	384.76825
620.1755	388.46408
640.3476	364.3584
640.27576	398.14563
617.7098	376.43668
650.73193	374.99268
626.80774	392.7321
623.5182	367.09467
485.00943	81.48556
462.03647	81.46854
498.8893	54.673134
475.3607	83.00356
499.8737	74.49181
495.97174	89.707016
486.5528	67.36955
498.92706	67.22772
503.10556	90.378525
463.09863	71.68468
475.70297	64.646164
454.7763	84.80674
458.31714	67.09898
482.2801	102.42025
455.56772	95.332016
506.46323	58.030823
478.3719	91.33662
450.47577	79.62633
483.83267	91.27687
466.7005	108.3188
458.08502	59.98516
500.32095	99.735115
448.92343	67.53536
507.7181	78.130394
474.95963	99.8603
476.27188	57.5617
497.05225	79.205185
461.35565	96.42425
483.20883	58.421307
489.54803	107.37142
872.40576	377.28546
887.89386	375.44247
873.3408	388.25858
872.3927	369.00116
887.11346	386.47174
864.3831	380.46173
882.24304	367.42593
878.76135	384.8952
865.8887	372.50568
882.9701	379.3758
867.99963	387.04407
879.2858	373.161
881.35156	390.75626
686.0539	372.30072
706.4186	374.69543
687.9596	394.7085
692.9306	379.23773
706.9825	387.7472
691.21564	387.3675
695.8186	364.61508
700.3834	394.7033
680.5988	376.60965
697.46985	373.19577
679.65936	386.31146
689.0568	368.38498
699.5349	381.3544
684.51355	381.7758
705.5786	367.35037
696.7904	388.4671
680.49164	368.66083
709.4554	382.24686
186.18512	258.5427
169.65356	252.62769
184.5848	277.34412
176.15521	260.03693
194.37863	247.5739
161.36969	260.29614
174.42088	236.95259
197.49075	265.02042
169.09277	263.34982
179.45985	253.10092
178.61603	272.519
163.62305	252.04868
192.38634	256.78415
164.3852	273.09195
166.70253	246.78696
183.06033	267.61432
154.08455	264.75595
177.31117	247.1563
170.7489	279.60614
158.04263	244.70566
189.72217	267.6283
158.05286	270.20282
187.19174	244.88724
795.98486	390.0995
792.0208	377.0423
806.36066	375.83636
791.36334	384.33762
788.91455	369.26724
803.1363	382.11273
782.0713	378.13373
801.91125	370.55658
787.473	391.3874
784.2323	372.60358
796.8556	378.49854
785.0509	385.64194
796.34155	367.55753
803.31036	390.25134
165.57793	165.0516
178.05151	158.16763
158.85239	172.26283
168.68999	157.68164
185.99814	156.84686
164.13785	180.39923
193.99632	155.9405
178.45523	183.66592
161.9463	158.0823
189.58385	174.94185
175.1996	166.50487
188.82199	143.68535
178.27583	174.88379
166.6975	144.64377
178.5214	144.84903
170.92284	180.37259
158.05174	149.46793
192.7797	165.42441
153.51286	170.01443
181.91724	152.91147
184.97507	182.13837
153.8935	161.94643
199.33789	164.94353
167.22646	173.37549
168.41344	151.81671
194.10304	176.12485
770.8519	59.903206
790.4794	66.66537
775.98987	61.420544
765.02905	45.070496
803.82776	51.40058
767.76514	73.04341
789.52014	42.647823
805.80585	60.73165
764.2703	58.813385
812.0648	53.39643
775.04504	48.32508
771.1881	39.43505
797.3254	67.37545
780.86664	70.362434
795.6646	48.607693
785.8046	69.8248
759.5426	47.01574
786.00946	49.091537
779.75476	83.49176
781.37067	41.309116
782.62225	58.52119
756.5524	59.97915
788.69617	35.009007
788.039	82.22078
778.0194	32.40662
795.1123	59.037
763.7492	66.052505
788.89307	31.74902
791.2689	77.45784
165.89883	406.18472
184.47816	411.5464
168.9401	419.4554
175.90845	408.28268
177.36818	417.32022
170.47086	411.8942
180.9197	400.87164
181.21149	426.2814
159.71825	403.54974
191.67259	412.393
162.78342	420.78143
179.83725	394.92758
184.60374	420.0312
163.6265	414.66245
188.24107	402.15695
173.0217	423.42706
170.32626	400.10373
387.34787	377.3443
400.20468	386.0571
396.27042	375.04523
399.5846	392.28983
379.58826	369.00317
403.97076	382.43927
389.86063	383.06317
392.78482	369.02142
411.20514	386.7965
379.43045	380.21518
411.15952	365.6338
394.5362	395.03424
389.25323	359.35236
417.30435	383.30203
383.1614	390.79272
403.8765	363.66605
413.12296	399.04565
374.85553	378.8892
401.99298	369.39856
389.49338	398.36948
396.89362	363.3939
419.29404	375.94675
378.11633	386.57074
418.94205	368.9987
406.3796	401.15164
376.42422	365.07626
409.3839	373.94244
376.6379	394.36002
404.4029	356.60785
419.96906	391.88727
165.39828	471.58554
186.06041	469.12286
182.6268	482.5328
165.58821	465.5035
184.142	477.78647
160.6587	479.80225
176.53297	466.3186
176.12518	477.18286
173.73558	470.8854
189.94974	474.35587
172.79524	486.95636
169.85042	460.3736
177.51273	488.36237
167.32234	480.32944
179.36078	461.26764
175.06113	535.3253
163.57016	523.8301
181.44681	526.0245
167.33781	536.48047
177.39926	528.86115
182.74968	536.85535
169.72835	528.14294
186.94981	525.3568
170.8906	543.12054
172.59984	520.8172
190.0252	533.30365
162.62082	531.22766
178.3139	518.85315
177.00049	542.2659
163.4853	335.88763
190.92856	341.5271
168.67032	358.20007
177.9276	329.0387
189.72087	348.58792
173.37677	340.51984
185.18343	333.06305
178.8204	352.47314
172.9298	325.7735
181.38797	343.71683
163.15382	352.33112
180.07086	337.38623
183.52913	356.81918
159.88315	331.18222
188.74391	328.0666
173.1035	353.39124
162.99751	326.30856
173.80058	346.51166
161.11551	345.30023
568.4158	372.08093
565.10535	390.44913
556.9988	374.40457
582.994	377.57397
555.4304	386.5903
566.21375	358.46582
584.90137	384.27655
571.9392	383.03165
563.7785	378.97452
574.5913	399.6491
557.1602	365.78424
576.92267	383.46027
553.6426	391.4743
576.24036	371.20325
571.4116	392.76294
545.0128	373.13116
581.7919	371.06708
561.1981	382.56018
561.95276	366.26312
579.3235	392.74197
548.7193	380.92923
574.9197	363.88458
561.47516	398.09366
551.329	371.73947
