703.98376	374.25394
697.72144	384.1688
699.39954	381.77686
689.0614	381.8956
688.17395	384.76602
702.89	377.97772
691.06494	377.51715
697.28955	377.62054
692.4581	385.1243
685.0906	380.72556
699.6042	369.10168
704.1537	386.04233
691.09827	369.28595
704.0798	381.51932
698.5561	374.17978
695.4453	388.51556
694.37866	372.80695
694.8505	381.06543
688.7537	374.29218
699.2748	389.00482
681.9894	371.30588
171.78813	40.365486
173.86366	62.152027
186.39671	44.154087
191.90074	61.677692
166.23697	46.510654
183.15048	65.313835
170.9226	51.06065
177.60649	60.053658
194.59972	59.4685
164.79462	65.442795
180.07788	41.766624
185.72968	52.729515
162.21013	62.23114
166.91846	57.945526
175.92224	43.40342
179.7005	35.189846
175.4076	53.97655
165.59802	52.436394
186.49739	56.585144
169.16978	70.32768
181.64862	47.989418
173.21806	68.566025
169.6448	45.426525
191.85316	47.186977
185.5093	70.922134
169.81892	64.20201
178.12631	48.243492
186.53934	62.287556
159.88042	48.39455
883.4748	381.24106
877.6201	375.78656
884.1295	376.8248
879.7866	381.2972
880.8118	375.1846
880.9308	378.63608
877.45056	378.97397
874.6204	378.48056
880.1222	384.46918
876.0531	382.735
634.2285	370.676
627.04736	388.86578
630.34827	383.08743
632.3754	381.49628
634.0857	385.63556
638.43146	372.43347
632.0148	388.21838
632.6565	365.40387
618.97015	389.63678
622.4137	382.13315
628.54846	373.61398
639.65295	378.85327
621.15533	379.8263
623.87634	374.16498
628.38477	377.0368
626.24915	379.9605
628.13666	384.80975
624.0865	385.47113
633.37335	377.08887
640.38885	383.39526
621.7943	376.20844
635.6834	374.33014
167.26584	167.92392
172.32167	154.74966
181.48666	174.31973
163.78343	167.54626
180.54453	156.88219
175.54568	152.30554
188.64755	162.15709
178.78851	164.77547
166.78061	153.15378
178.84781	149.40918
184.51434	153.00006
180.24466	168.26811
187.08185	156.31049
170.25284	164.0532
167.16603	147.4241
180.84177	153.19217
174.08076	164.15598
181.1019	145.63425
172.7022	168.70166
162.30716	157.12555
187.85686	148.45215
183.6337	162.80826
174.38287	144.29086
177.56119	172.33655
177.88031	141.18796
181.18768	342.9225
181.84415	338.5864
166.56552	330.8233
181.13095	332.62122
169.713	339.57916
175.32062	339.8083
177.94247	353.91086
178.47116	337.57202
176.46487	348.68732
184.72125	342.23773
171.75223	331.82343
172.60352	345.28397
163.5214	340.5519
172.63553	328.77472
178.32571	334.1966
170.88794	336.90472
188.80241	345.8197
178.0809	345.107
185.92763	330.02252
179.25197	329.10168
164.96973	336.85678
186.20619	335.26898
786.63403	54.983406
781.9791	46.458183
780.574	56.52959
775.1075	64.85152
795.3157	48.03733
787.54974	67.40202
792.0515	47.549957
779.57465	62.362537
764.1902	59.5018
779.7958	65.78796
776.0614	70.14955
787.64026	46.892895
793.4644	70.904724
790.71826	56.36858
764.1896	48.64293
796.6706	43.403114
772.779	48.908504
769.8118	47.31891
793.81055	65.76512
773.4412	54.93706
783.5206	58.47628
772.6254	61.47901
785.4834	38.824966
779.8019	53.29552
791.9405	51.372536
777.2744	58.36376
802.0419	58.368763
791.9144	61.33413
787.7497	34.067513
174.07364	425.82593
175.40028	408.05298
181.92407	409.74765
172.40054	409.40607
176.52377	415.55975
167.66866	426.20352
178.5555	417.5296
177.41727	427.9046
170.61038	415.03702
167.71323	419.17447
183.01575	420.1227
177.8671	411.38028
178.218	420.80756
171.62537	423.80933
175.07297	419.39166
184.12173	405.8705
173.9448	415.54697
180.63445	413.86298
185.13867	414.1468
390.013	381.38663
412.31802	367.6894
395.9548	375.06625
413.58926	375.36362
402.21286	389.5757
405.99506	391.62982
420.25018	379.76593
407.95517	389.59378
400.5828	367.3233
393.00854	380.15045
408.4735	382.49152
398.5562	378.0027
405.10504	385.83762
382.3251	375.04593
389.70413	369.0551
403.09653	381.85205
392.6189	361.7806
398.02106	385.78033
390.9534	374.72052
403.92828	362.53937
389.721	385.96075
386.0091	387.179
413.20502	384.48477
395.15317	387.84753
405.98135	368.09088
402.70612	374.10962
384.8405	378.45032
396.76166	370.32312
398.31525	392.75055
386.0063	384.6037
765.62274	373.95206
747.1496	377.275
758.42346	376.22067
747.6182	384.06665
750.3417	380.1989
761.3749	375.32135
764.0475	384.03818
755.4276	370.55377
760.74475	383.55252
752.9354	385.36026
761.2245	372.24274
761.1113	379.09262
748.68036	375.85098
757.9364	381.73065
757.1858	386.44962
753.23004	374.52716
749.7894	386.84564
756.168	378.90765
763.8536	380.4299
173.53076	545.28186
175.33034	534.3101
182.82376	546.11334
170.96246	543.3768
178.71378	533.99426
175.76085	541.8516
174.51059	537.84424
182.17915	539.20514
171.84055	539.4009
179.13431	536.70935
177.80873	539.77454
170.18488	536.20233
181.23099	543.3804
178.33878	545.80524
564.3037	386.218
568.8906	367.2344
552.0237	391.9041
558.05554	378.6433
554.3222	387.12604
559.8554	388.45676
568.8202	384.47476
551.64734	379.36954
561.6829	381.59674
563.9343	378.20834
561.45996	367.4675
569.69775	375.74252
567.5189	388.14883
552.8308	375.3503
568.845	380.11737
561.2617	385.32974
552.6644	382.14203
560.2825	371.33533
559.89374	375.71094
554.69293	369.4663
547.3237	376.68207
565.15247	368.81696
557.9687	390.8716
551.8262	371.8237
806.1835	376.36896
802.1532	384.62747
803.06274	374.75336
806.8428	383.22058
810.1784	386.87723
806.682	373.4001
809.3605	381.39624
807.3962	378.89072
814.7547	380.6438
802.0323	381.61603
812.09644	372.3145
814.08923	376.20886
802.4036	378.07437
810.83636	375.6898
813.4644	384.33588
465.16977	75.652336
484.2064	81.82307
476.39746	66.90918
463.1772	70.68245
478.18027	100.78514
484.07245	75.89208
492.57846	66.88227
483.5703	110.44466
476.7596	82.2741
499.3606	74.89503
478.58008	84.34752
489.29834	64.24207
478.10425	88.90689
474.4829	64.76336
486.28442	65.47145
503.05243	82.49901
466.02222	84.20812
476.76837	78.39352
467.6193	91.25973
468.40308	80.05805
484.24896	97.15532
480.99042	60.76246
467.58374	60.60431
492.5768	94.063995
498.18448	59.729515
473.3457	105.7263
462.211	89.639915
488.53058	71.62169
482.98373	91.109955
474.35846	72.1278
494.58774	378.54474
482.57892	369.34372
473.07803	381.31638
473.89175	377.18073
490.46753	379.50275
494.69067	370.99423
484.42474	391.31805
488.27875	368.41547
493.78476	383.782
471.09497	386.23892
484.33804	363.959
478.8397	384.679
487.36215	371.34595
492.72638	387.74606
483.31348	385.69635
478.25983	379.6422
487.72412	375.83487
482.60797	380.31625
487.06122	381.96436
490.65927	390.3572
474.10425	372.82843
478.08774	387.7204
478.1142	370.6786
490.476	372.76724
488.43442	384.54703
468.93726	382.76843
178.77846	258.551
165.81718	247.59148
167.6411	243.82092
166.8392	255.56978
180.58733	249.58513
177.6755	244.4208
180.0764	253.23804
171.9088	243.5019
191.65005	252.23665
170.77441	257.79944
183.0587	255.23596
183.46329	246.88521
170.6632	264.8956
188.42764	258.64404
165.70192	252.9017
177.62492	235.23727
180.929	264.92084
167.43358	262.3251
183.61197	241.95901
176.6126	247.85803
167.29274	250.33084
189.1671	244.225
173.12439	251.25925
175.15498	242.37627
851.2406	381.26242
842.8135	378.77362
848.5002	378.59152
846.6787	383.19623
847.09607	374.90552
853.51843	377.96896
842.00354	382.11047
846.3624	379.98743
850.28986	384.3177
850.81116	376.0351
843.23206	375.7309
178.99324	490.20792
178.34097	474.87787
181.23029	487.25992
172.84875	487.46274
171.75455	480.47202
178.08722	482.09628
170.4587	485.9401
176.56258	487.49527
174.5573	484.3539
182.52321	476.9518
173.46571	490.78555
174.54987	476.8663
182.88089	480.28677
168.52136	481.98926
177.62546	479.37436
182.21498	483.91367
