843.9157	383.21597
840.08936	388.98413
848.0209	375.9499
848.13635	393.03784
835.08575	380.06442
852.7604	380.30927
841.14636	394.52835
840.94257	375.35406
851.75195	387.11072
833.7621	389.0703
471.18692	54.728497
493.1525	100.30888
451.97372	67.230835
474.02612	94.176544
490.6483	92.133286
453.52448	87.01143
495.0135	74.99236
467.64355	66.68016
494.0788	84.37622
471.2313	117.51012
472.00757	76.90048
500.32104	88.40857
480.28156	106.871994
498.24854	64.19889
478.52167	116.16587
456.6893	79.8923
508.04694	87.19532
458.6513	98.45903
465.1141	63.497276
491.0595	114.35823
448.49716	97.56218
508.53647	65.79045
490.028	107.67544
465.28232	82.91357
503.53925	73.288025
466.92792	113.311745
486.40723	63.067364
498.89008	100.31096
449.4291	81.80586
475.3514	50.321056
472.75797	397.96957
472.90338	388.02866
487.9022	388.56314
462.6584	392.2049
484.46786	366.29938
483.61368	394.42438
478.59497	365.87924
480.4249	374.6313
467.98895	395.55316
469.54434	381.58865
495.00937	389.05814
463.73544	377.4647
490.65228	371.07953
479.671	402.78122
472.01202	370.06705
494.0913	382.1652
461.98627	385.903
476.8243	381.11563
486.95615	398.21442
456.4494	381.49966
485.96597	378.34924
463.93195	400.51718
623.38226	377.72098
636.4452	388.26114
620.01685	388.99277
628.9665	389.2842
624.59485	382.79953
609.75433	379.33087
635.36804	378.9245
620.7189	395.48007
624.29675	370.68124
636.56665	398.6116
610.26965	386.56552
635.7778	372.97733
625.37415	397.526
618.14294	373.70886
641.63007	382.4641
609.6686	392.2815
629.39435	371.39545
630.1681	397.9964
168.23442	335.86426
184.58365	330.78717
173.97026	343.1684
168.59146	328.99048
177.99324	336.35437
160.67384	335.64093
174.58058	331.3587
167.48306	350.3237
164.74593	324.2621
185.22406	343.77496
160.1349	347.99216
174.05836	323.00027
177.1758	346.25836
154.42575	330.51895
182.2082	324.4533
166.25449	341.7244
159.09756	49.84479
189.79614	56.60369
163.05103	55.22093
178.01678	43.470543
166.43977	76.92421
176.19179	37.796864
170.04831	47.744133
161.33055	75.08993
165.92514	45.13251
175.87132	75.96956
150.79752	45.942375
184.93045	38.75921
174.11389	54.888844
155.5601	36.98916
194.34543	62.85689
156.41133	63.25486
175.8355	32.115257
180.02612	65.52231
149.34018	59.180523
192.12811	50.689266
169.82272	59.031334
168.76657	33.904793
186.32382	60.081276
157.72366	75.94282
879.04785	379.55722
881.48975	389.15625
870.95544	379.57343
887.9082	385.06332
871.28674	389.9744
879.5005	373.69623
887.5796	391.87723
875.8511	384.5896
888.3744	376.82373
877.6669	394.29486
690.2914	388.09796
696.421	387.09674
685.4295	382.97296
686.7937	369.76108
695.11316	401.3199
673.5146	380.40863
691.2724	377.80774
680.24316	390.02304
680.17145	378.8499
699.5522	391.13388
672.89056	387.90295
697.2998	374.76117
687.7733	396.44928
679.25195	370.54126
699.56335	380.97107
680.96387	398.56537
166.77286	393.19553
170.40634	409.55255
164.07481	408.8788
186.62613	404.1935
172.35277	416.8465
158.93169	404.05035
180.14847	413.46783
161.6539	415.50464
178.11038	400.28818
176.41928	420.59766
167.96532	398.70468
180.12251	406.4457
167.59901	420.46368
172.11717	403.25555
186.26134	414.37167
154.35814	408.37637
181.05525	529.16345
171.79999	551.2984
163.77652	526.51385
184.28145	538.06604
161.92236	549.8059
173.7858	525.59796
182.22778	545.3341
163.7485	538.222
177.57275	536.1167
167.40842	545.5348
168.53903	532.3176
171.2849	541.7589
156.89212	538.0151
183.42966	155.74188
173.36969	162.27579
160.47171	140.8231
174.32872	171.01096
166.91612	157.07764
169.15541	141.09245
184.40282	170.33336
168.20267	149.94249
173.2904	137.1917
166.92319	177.24356
159.78914	151.35336
183.06519	163.10487
160.64902	159.19302
179.71214	151.37091
165.64299	170.22859
152.61832	149.59866
188.7816	149.92482
161.55705	165.90228
176.33867	147.20462
191.5223	155.97336
147.80824	156.17484
561.9707	382.27945
557.7174	392.87805
547.0088	378.84314
573.0929	380.8293
554.079	383.7741
557.20953	375.79556
565.8853	385.3711
542.6886	389.52533
564.7993	374.06763
550.5679	399.15945
546.7069	364.52536
569.24725	391.573
538.11005	396.58835
555.1487	369.81967
555.9495	402.5301
542.30237	379.89447
571.412	374.9511
544.4818	400.18176
548.3207	372.2005
565.88403	399.8343
536.58997	385.01175
183.8875	468.52188
174.0297	479.19678
160.05112	465.8605
176.98416	488.1411
162.91464	481.43408
167.37233	463.33463
170.95355	490.17392
165.1395	475.71655
180.22095	474.61212
165.90886	487.1369
171.49742	475.10684
184.5107	480.98224
157.73434	478.0655
174.16794	466.2342
802.22546	391.46765
788.2079	377.40408
805.6838	383.13403
794.05554	388.34894
803.1649	372.12048
809.3148	390.41412
791.47266	382.38147
811.0794	377.49554
792.08325	396.1636
796.4462	373.0821
813.01886	385.60272
786.33575	388.44867
799.1301	382.02618
805.605	397.11633
766.87177	39.632538
805.22034	48.124584
774.67944	57.820263
784.9391	32.991283
787.8542	65.38116
762.1979	56.315643
792.8191	41.309013
790.7145	73.7321
769.77167	51.438057
799.786	54.471813
775.2677	68.537384
785.7063	46.720757
787.2247	55.191204
794.64764	52.772083
796.83325	47.92355
781.7856	72.374466
780.2066	47.94014
807.1811	64.66533
766.3327	66.32228
797.61096	31.445292
795.3234	70.6125
775.4702	36.662285
812.27234	57.1388
786.0003	59.956566
393.13385	361.29715
395.4344	388.95044
374.62982	379.52356
402.25223	365.4132
396.57074	395.7779
390.2929	367.74527
408.8072	391.93903
378.82022	389.97977
392.20844	381.8324
394.98492	406.72144
367.02692	370.54047
399.71368	379.15546
378.20142	396.8374
383.8172	380.4745
404.06598	396.47064
369.45395	391.36597
394.60056	373.27396
388.87698	398.39825
376.695	371.6103
406.80328	383.2397
386.9459	393.3632
388.96866	375.1748
400.81433	401.5545
368.12512	382.10873
409.30618	374.99725
379.78644	406.8696
175.14108	242.08691
176.12357	255.1281
163.55379	247.23235
173.92091	248.49007
177.14357	268.9699
164.63884	234.09024
181.04799	242.11288
158.9032	265.4765
167.64609	254.63254
171.91745	264.89722
150.57907	256.58768
180.82716	234.3154
172.564	258.05038
150.7398	245.06084
195.24867	261.1403
160.60709	257.4389
173.58919	235.49387
186.25755	260.89874
159.78583	242.45198
187.89238	248.2268
163.83066	271.06226
744.536	384.49704
753.39417	386.4246
732.03217	389.97253
753.3256	373.60944
742.2259	399.55713
732.23315	378.5018
762.5281	377.8282
736.60895	394.41467
746.02313	372.34204
752.3689	394.91647
738.95496	379.60968
752.50745	381.06418
744.5467	391.37207
739.42004	372.50323
761.53796	390.72943
737.5814	387.07693
