383.0227	369.75406
366.12335	377.43057
371.2148	382.8224
376.55585	384.58118
364.03494	372.00516
377.9959	363.40887
369.86026	390.55426
377.60632	370.38562
383.67773	378.60522
354.50433	380.43533
367.1953	366.42255
377.6463	395.1387
354.8875	367.30615
389.43356	377.2045
361.0833	382.73853
371.4933	358.66797
388.87308	390.6635
354.78775	374.08038
389.6076	362.04706
371.84192	396.0665
357.9982	361.15228
395.6876	377.1741
358.00043	390.6668
378.23013	357.42358
383.8727	386.74802
345.40265	374.6563
387.99878	369.76556
364.86478	392.8995
365.4682	356.74524
701.1982	378.1171
694.22797	377.779
699.43665	370.21902
700.22125	385.0903
691.67255	371.2137
708.4496	372.43002
690.83673	384.6301
695.92114	363.2237
707.4658	383.17908
685.1947	373.72748
710.27185	366.50552
692.6862	389.79962
687.2292	364.5295
711.9794	378.1206
685.00385	380.49582
703.3155	363.76056
703.2365	389.66864
160.12663	537.75616
176.79199	536.77997
169.44223	548.2449
166.1368	539.1524
172.61073	542.24457
161.5375	545.4725
173.61206	532.20306
164.92905	553.4761
161.56105	530.4367
179.63269	543.7445
154.44789	547.10767
167.72586	528.7728
174.13522	550.7309
153.99472	535.79724
590.9476	362.29993
578.54224	388.77618
577.2099	374.2526
592.9825	384.66785
566.3595	379.80304
584.01965	358.35114
584.1509	379.3947
572.38763	361.5936
594.37286	376.4624
575.53723	381.6001
584.5665	372.97333
593.03485	393.17114
571.9442	370.9051
595.9439	367.49872
584.36127	390.60333
566.3992	365.0811
599.05225	384.46564
569.5598	387.89316
594.02905	357.78876
588.8149	386.44714
566.5344	373.39957
599.9633	371.044
578.1037	394.14938
581.827	364.2298
527.16724	383.3863
508.5522	379.89133
511.7504	376.83347
522.67474	376.9665
516.4155	366.8758
525.32605	373.49442
518.47577	381.4699
523.26917	365.8829
528.63245	390.00076
504.54526	374.79874
536.12714	369.00208
509.36432	387.27432
509.4367	362.28625
537.2804	379.0665
503.93146	382.32025
519.7338	356.2901
520.7738	389.17007
502.0511	367.6934
532.0406	374.22812
506.04926	391.6562
514.14984	357.49585
533.108	384.3343
498.1435	376.8453
530.42175	363.03088
515.7477	394.44034
641.958	368.90552
645.03613	376.89124
637.93896	376.68243
651.56067	370.77493
648.83093	389.27545
636.7689	370.3493
656.8959	378.62946
638.97504	385.24377
646.4816	363.48526
656.63306	384.78488
631.7015	381.98016
652.78436	360.54593
647.6207	382.2156
630.52246	368.91846
662.7207	367.02145
635.9259	391.44827
640.3304	359.72012
654.53156	392.526
626.1605	381.32816
656.0237	366.19968
643.3898	388.77664
633.8585	363.62408
663.43164	379.4829
160.55789	486.46674
174.16023	481.6678
169.64227	501.40387
158.65968	480.7627
178.01303	492.65634
165.05081	494.87695
163.80688	476.83847
171.48325	488.28012
152.83017	497.36905
175.9132	474.0276
166.36972	486.5633
159.962	472.3126
181.98508	483.8736
158.96318	494.9394
168.55888	473.2556
175.86552	497.44696
152.51814	482.06802
173.57274	238.06772
168.84775	255.45467
152.3402	244.46121
165.58556	245.37874
155.13083	251.76941
171.80359	225.03479
175.61472	253.71033
157.47906	231.61922
182.71922	242.91077
159.29787	242.40108
168.32193	236.32626
176.55504	247.37448
148.57968	255.10324
182.22148	235.59903
166.18687	260.41315
151.44571	232.44897
182.55836	253.603
154.14388	257.57367
163.8067	232.30867
175.15189	267.21442
147.94417	235.82822
189.18065	246.16338
160.18242	262.5269
161.53311	225.40129
177.71864	259.81903
150.39143	320.9273
176.77048	319.76868
165.00583	336.9428
160.71486	319.40945
167.87537	344.5829
155.09984	328.8309
170.49294	329.87518
175.4097	352.51328
148.15364	330.53854
177.2338	326.93463
169.85164	350.94177
156.62427	313.31244
180.6722	336.18127
158.91167	339.49625
170.66992	316.8922
175.88042	340.4715
162.55296	330.005
184.13982	328.22995
153.48038	347.69592
165.19505	315.75238
187.74788	332.56598
148.7875	338.07452
183.17117	321.45633
160.08977	347.16495
144.75815	58.56416
172.68498	55.72646
154.27751	70.75894
166.7248	45.3155
179.04544	69.38341
162.90977	57.1746
173.71925	41.10094
168.4047	50.628788
172.76358	35.550755
157.00296	62.287476
152.05768	42.234512
185.74948	34.749218
155.8894	51.81553
161.66124	38.946514
180.51761	59.093323
168.77481	71.3258
162.70987	26.299377
187.23996	63.98814
146.01747	50.001427
183.6035	43.83658
172.54387	74.21332
155.22304	38.665497
188.69168	53.122295
149.32823	64.6704
169.71603	29.6928
166.67221	62.543854
151.10873	33.40153
187.90338	46.365982
161.46066	71.821106
744.12476	362.26474
754.23425	387.01544
733.5221	377.2084
750.21436	371.035
741.92957	379.2972
729.4508	373.22415
748.5687	379.7155
737.3765	384.67804
743.619	371.86908
745.9936	387.0283
737.7561	370.0811
756.66943	370.5333
739.39	390.24115
735.6144	364.3076
756.5023	377.50836
730.0299	382.1208
750.3788	364.51398
176.05795	419.46246
156.16368	399.43927
178.11252	411.96198
161.26117	428.70615
165.42036	400.15973
177.43037	426.6664
158.85727	415.40054
174.87315	405.8697
163.10068	419.76703
166.87576	412.40918
168.36545	419.92285
148.92781	419.8719
168.94981	405.0718
178.07411	432.25723
150.56558	412.39093
182.33853	408.76608
165.68481	432.96713
158.93816	406.42395
184.98962	418.03574
155.33737	426.53754
179.83914	398.55905
170.96182	427.35834
148.25	405.46698
455.3001	71.72297
438.67953	75.32414
438.64706	63.826714
441.22134	84.52693
425.46246	87.54703
464.86295	52.137245
455.99152	85.667465
462.6898	57.738525
456.9313	79.547714
435.5211	102.17192
448.579	65.26994
454.54727	104.06942
431.56708	52.951958
470.8339	56.014427
446.0207	92.541306
446.8838	56.24301
469.15887	90.132034
431.54654	66.796684
456.6985	48.500893
450.88467	99.39391
432.33838	75.95258
474.4035	76.418976
418.50464	90.91623
462.4881	73.339355
468.35126	96.23038
416.24097	78.89659
470.7248	71.199455
431.98676	84.75868
432.33966	60.93078
477.111	83.13378
776.79913	379.57904
786.80646	372.7618
787.7952	388.1456
780.31134	370.275
797.6605	372.78754
782.0465	387.46307
785.67334	365.1502
795.4418	382.907
773.9115	373.3974
792.04376	367.08258
783.71466	379.59265
775.9728	365.26166
791.44336	377.57813
773.84625	384.13226
441.92767	379.68045
449.52426	383.7807
433.54117	365.752
449.65103	373.53455
442.05414	386.71793
446.61157	368.4484
468.04938	380.18713
428.7758	381.20068
461.71783	359.2475
454.59946	388.87305
440.86188	369.8011
462.7749	376.83728
434.41187	379.39215
448.38843	361.61774
459.22614	384.63547
434.63055	372.77582
462.614	365.67545
446.61395	393.58328
435.49243	359.92416
455.68375	372.99384
433.34586	390.35794
452.22357	357.05365
453.41156	396.84354
427.60938	368.96844
468.07382	372.20367
440.36652	392.89948
442.9571	358.05133
459.80536	392.8966
723.1141	52.60359
751.23346	34.37698
737.8264	57.17884
726.4526	45.63219
744.3646	53.513588
711.63666	60.81944
729.69086	28.976868
727.1767	59.508537
704.93805	46.302273
755.0077	45.723866
743.55524	68.0664
720.16644	33.760876
750.3741	48.32686
714.43274	54.434063
733.8875	41.935326
735.39166	73.307175
712.3154	43.76786
736.54626	47.896427
719.9753	61.08039
725.91864	38.409317
749.6229	62.79547
718.407	46.00413
742.9523	46.10891
726.6345	72.76378
723.74426	22.317142
744.26184	59.64559
718.0712	73.01213
745.4202	38.66897
730.02045	68.54213
816.62445	371.28632
830.58044	371.5475
819.6304	388.26285
820.56946	363.2989
828.76575	380.46802
816.7144	377.5152
828.6703	366.20438
822.62354	380.77515
812.54895	367.695
834.2345	377.05014
812.0623	383.9999
822.495	370.62677
827.158	387.11768
809.80975	376.56763
175.6526	143.80264
173.2697	158.81958
161.17754	146.811
180.70938	161.97519
160.47067	152.71172
172.63576	129.59546
160.96823	168.89609
148.24643	145.81503
170.9108	167.03188
170.10324	154.88364
169.27304	126.35663
190.22296	154.29398
169.72557	144.91635
171.25476	137.61362
152.8426	169.35558
151.96912	141.0372
181.18881	149.69168
147.29875	160.73082
157.99567	139.48178
175.74663	175.68472
148.1901	153.89113
188.7101	141.43715
156.48088	161.91699
153.18852	136.73344
180.08685	169.29727
153.68071	155.36163
182.62767	140.24692
169.37422	172.9649
