485.89728	384.39035
479.34723	380.28888
478.3441	372.17706
494.34283	385.17194
472.5017	384.54166
490.66846	365.57632
471.14096	390.6176
480.27496	367.6479
488.78192	378.08798
463.72955	375.62292
493.42935	362.37576
485.88348	389.53845
469.47217	371.56546
486.4611	371.5583
478.42905	393.6918
470.59018	358.05203
499.5643	389.25253
459.23657	380.0157
498.6587	370.83038
485.6209	396.36005
473.9418	363.4419
500.40747	381.03067
465.09653	385.8677
483.649	359.72595
490.9681	396.44214
691.74054	374.9732
703.39246	378.65735
713.5496	379.5036
702.16724	371.9599
716.3214	394.66742
693.5564	385.53534
708.6571	373.52826
703.7877	393.87186
691.27704	367.718
718.0587	372.54254
694.93494	391.4723
697.6648	368.90692
709.1093	388.7534
685.4016	377.13007
713.76605	366.63687
701.1018	387.513
693.9504	363.0993
715.92773	385.02402
687.50824	383.19556
706.1095	362.803
811.3866	382.2485
803.8083	374.78287
814.1418	376.6315
806.6422	390.0301
808.72906	372.16617
824.0164	382.52975
800.46716	382.66315
818.718	365.5002
813.65454	391.06525
804.2221	366.7565
824.31903	377.54965
802.4562	387.04745
812.1748	365.08176
820.29285	388.80402
796.6319	377.56854
821.5618	372.40005
170.76553	174.74338
168.56413	143.93062
173.8171	146.72185
169.92892	161.92548
193.87955	138.54424
179.7368	165.29459
168.6395	157.42133
197.49928	158.69693
171.35289	167.0109
164.14407	138.26923
181.57307	154.36514
159.04523	141.95142
183.77527	147.27737
176.5031	172.06291
171.52695	132.49307
196.40858	151.99931
154.91238	152.79262
182.92017	131.53
188.66643	163.80533
161.13797	152.80159
194.2626	145.45575
164.10764	174.40276
178.69656	135.30972
191.69836	170.3659
161.71596	162.96344
464.98007	71.87692
475.5958	80.40659
458.11646	45.648766
487.21893	105.44139
484.67603	88.83818
479.7597	63.81245
500.2978	92.171135
491.57593	70.31926
497.3037	76.13878
469.1897	82.05411
474.19815	70.67781
488.89218	61.62099
449.36823	96.15333
496.38525	65.98631
489.53558	84.11135
454.333	75.09887
509.36108	80.48006
470.69257	103.02844
475.83978	51.60686
495.3249	83.49741
456.43173	96.835434
506.6149	75.04493
483.36865	106.05758
466.40445	59.676567
481.5768	78.19166
465.83414	96.56977
480.13736	57.90841
478.44693	94.522354
465.00122	76.41962
182.14497	542.0016
176.10693	555.73486
173.99435	539.8236
183.06563	553.01984
171.43274	546.41174
181.7435	535.86896
178.27141	547.6563
165.70874	540.39453
187.65001	545.69226
165.84764	549.4111
174.26414	533.4045
182.37082	429.08356
177.44371	422.75836
188.19955	408.78864
171.18283	421.7732
168.4729	407.68732
181.7521	420.0476
164.82428	432.34805
184.97429	413.74823
178.87112	439.45206
157.46964	421.1963
192.5261	421.47168
170.01334	428.8855
178.09932	416.03998
190.14105	429.96136
164.04411	420.51605
176.30852	407.09796
175.37955	434.57318
169.13521	413.54364
783.3651	53.8786
758.5342	57.130047
774.01807	37.780525
799.791	61.898476
770.5785	58.487232
796.2378	34.578495
781.5099	72.09342
766.91943	36.41442
797.74286	56.260296
761.67175	50.925167
786.04193	47.281944
793.54913	49.793343
780.98425	47.05576
793.90576	44.89544
766.263	71.24019
780.477	37.43163
795.0199	69.28463
771.9281	50.88519
786.2682	38.2387
790.5854	67.15042
779.46436	25.831501
801.48346	46.119133
769.75085	63.515003
791.0582	29.518341
786.29114	60.736134
763.40515	43.279804
857.098	373.77563
849.2581	385.9328
849.2391	369.42776
860.2251	383.55832
846.76965	377.65546
855.8711	368.34872
855.2371	386.50824
842.8317	373.46225
859.91797	377.94656
842.55695	383.4514
630.2262	369.09195
646.8162	389.54587
629.8618	375.66577
644.4407	360.58777
631.69794	385.63943
623.7483	363.4062
638.6686	379.32843
623.7164	387.80475
646.4336	375.86923
638.5189	390.4666
615.8845	377.66092
650.5273	372.3131
626.4485	392.55356
630.3642	358.48465
650.71075	383.8143
624.10895	379.23026
641.5244	371.8062
632.00323	396.64868
621.5156	369.3593
655.36884	373.465
617.40063	385.42334
636.6293	363.64853
643.9427	394.76764
391.36697	377.91132
401.8699	392.8736
386.40775	382.9335
395.45453	363.7447
411.54736	389.21323
376.2925	389.8786
411.4769	369.77173
399.7591	381.58493
400.96695	369.2803
403.93665	375.6538
388.93317	392.57745
406.84344	357.6432
415.16324	396.38165
387.71295	370.45822
417.2509	361.0878
393.64392	389.74594
381.84003	362.4853
407.71478	381.08438
383.00784	390.46274
397.91995	356.9815
406.0069	395.40698
378.47272	372.90085
417.18057	376.91287
392.80856	401.74487
388.44244	358.1524
417.94684	383.322
374.98575	378.258
409.22195	364.0729
396.28595	395.41187
152.7978	41.10538
194.92194	52.600464
176.46063	53.191467
186.54639	38.44184
186.41531	63.34666
178.37363	73.969765
176.52988	41.062798
164.00368	58.461987
161.13345	43.521492
181.27914	50.228397
157.02168	49.130615
188.4079	33.440487
179.11447	64.79146
173.81062	45.034103
200.95213	50.401222
168.2319	74.168846
166.33415	47.470177
187.8913	54.517437
155.37778	58.60932
191.99423	44.12702
169.07736	64.30849
165.81934	32.114655
196.34686	66.09764
159.71828	68.39424
176.12381	33.629833
188.86093	71.03199
171.5543	53.443306
189.98907	235.47522
174.47246	271.42264
177.33418	235.08687
183.4133	259.9721
171.73172	245.87163
180.61414	241.60452
181.71487	254.72629
167.267	234.58444
192.18314	250.86157
162.7353	261.67844
177.03223	247.34866
179.81447	267.09024
160.21907	252.23894
183.11542	248.4019
164.82468	244.1606
161.01306	238.57564
193.98383	257.37726
158.21336	257.52402
188.3786	228.37569
190.3766	267.5526
156.27277	242.29202
193.8795	241.27397
169.5155	264.42978
174.17093	227.83842
762.69574	382.07947
749.87067	386.31046
762.77527	370.4371
758.7269	391.03696
751.2228	368.59207
767.54517	374.3848
754.0996	378.2877
757.0372	364.327
770.67865	386.91327
746.8861	373.43744
774.04865	372.8576
754.1791	390.36087
757.94794	375.23065
772.652	379.99857
744.92847	380.32776
766.6474	364.49564
766.0746	390.88116
158.88795	340.55295
167.73965	342.875
165.54109	356.78824
178.9217	331.10156
181.2178	347.09155
158.36226	351.66977
188.53557	326.41748
175.6921	348.58798
170.44086	330.47452
183.12784	341.42188
162.8378	343.8692
191.80893	345.071
170.65955	353.82828
172.99808	336.2171
191.28558	335.514
175.43199	360.6079
177.19345	321.67184
190.91379	350.8548
166.94675	324.93253
181.82236	328.14807
186.23434	360.7175
159.96552	332.0904
194.79909	338.37122
555.4911	385.6867
557.2021	365.40112
568.86346	387.5471
561.1828	383.06223
576.23175	370.21146
561.25354	391.06097
548.87244	366.0169
580.6554	376.54303
539.9725	379.08112
565.69165	373.09644
567.6737	395.83615
542.5323	367.39938
557.3443	373.25122
547.341	392.37344
562.7377	361.7177
576.0355	386.50797
547.3523	380.2014
567.35956	366.17847
554.086	394.5157
555.71185	357.92014
571.2932	379.85077
546.6971	385.94867
573.15405	362.61417
573.9502	393.81927
548.6214	374.7833
889.66376	370.80933
882.0251	383.50873
879.3685	369.95743
888.6211	381.02142
876.46643	379.34433
883.9686	372.3744
887.35724	388.0444
874.1574	374.0159
893.3942	377.3227
876.141	386.32468
174.2554	475.9781
185.44473	502.26782
170.63622	486.3436
186.82251	481.0219
173.44843	503.3024
162.81259	478.91006
183.88712	493.58243
166.88756	502.74847
182.19936	476.35
178.4014	503.66592
163.17706	485.58887
188.66632	488.12466
171.14525	495.10922
176.30655	484.13788
194.00687	488.5358
161.82771	493.56195
179.34705	489.35138
