381.5119	370.28607
368.94153	374.22583
366.7359	368.98773
375.87067	382.29193
357.73407	377.21683
381.2486	360.0339
372.63358	377.40314
368.30862	363.46185
384.7682	375.51505
357.19254	384.74136
375.06375	368.69623
376.50803	388.46774
361.73126	371.3115
390.29877	376.91693
367.3432	383.9053
370.42606	359.04938
385.32367	385.4782
351.4794	377.58038
387.7593	359.45502
374.096	393.88123
358.1258	360.90167
393.33185	379.08612
359.42413	391.07178
374.88736	354.20303
384.14212	392.65466
352.7144	367.51315
392.06476	368.9428
366.03842	395.27118
363.93683	356.19003
444.62885	380.4152
434.17783	367.1325
450.37335	374.23782
441.05533	384.41965
442.89615	371.55023
458.48114	365.62213
429.3517	380.11057
447.80902	367.247
453.55786	382.80072
436.4354	361.66132
453.1957	361.5086
444.07333	393.41608
438.05582	355.2973
456.54337	377.79117
426.04752	387.16864
451.39996	354.69904
454.91617	392.53714
430.3487	371.31497
461.71124	369.72577
436.56232	393.66656
445.0035	359.0191
462.81146	388.5868
424.51874	372.17203
462.05963	360.01007
450.08585	388.98322
426.5336	361.09763
465.28912	379.9729
434.48917	385.36517
158.94789	399.52045
177.72685	408.81448
167.72034	402.80856
172.09671	398.94135
167.11476	414.3185
168.06656	393.41803
184.48866	412.6569
161.17094	407.51312
176.58144	390.7881
172.21988	416.21948
151.47346	399.65314
171.43637	407.85815
160.1899	418.31445
164.39218	386.88547
178.71127	417.07513
153.34808	406.89935
180.39304	399.24753
165.11497	421.2145
156.6058	391.63153
187.2148	398.84174
153.07834	413.62656
162.27759	229.87593
179.52255	244.91129
156.06668	243.00948
169.0846	234.34502
170.79768	243.23532
166.88191	218.08797
170.0543	250.77026
148.78032	241.51382
182.03194	227.02771
169.06435	256.32202
162.58983	238.30298
185.62648	246.2732
162.05162	246.39583
171.19888	223.6373
186.50674	252.49405
153.9533	234.28362
185.76248	232.98877
162.9603	260.16827
153.02852	218.50154
183.23622	238.17314
152.55402	253.47763
187.44649	222.92195
176.6136	255.75432
148.80426	230.8887
175.12143	231.4226
157.56555	257.36237
157.78568	223.87924
590.37195	382.86133
580.1165	375.15802
588.5887	375.61505
583.8419	381.31586
569.29193	362.06085
595.19574	376.08774
570.80634	379.3783
589.89215	364.0981
591.1124	391.08734
583.57684	367.4383
594.2274	368.97552
575.4391	383.1303
575.3617	361.0628
601.2435	379.9514
563.7901	376.36725
586.2526	355.5639
581.59534	395.24722
576.18555	371.8553
601.11285	369.47348
570.8558	388.45346
580.77875	357.6079
598.29803	384.86633
568.70966	370.51926
593.50934	358.9467
580.768	387.73593
166.95528	42.419777
164.76884	46.5524
152.32732	66.467445
171.32307	39.032696
182.69896	62.09011
156.19772	51.168503
179.49792	51.969868
165.95193	52.246166
168.78421	32.92106
172.89171	54.74701
152.75095	42.899467
177.2588	28.727167
174.19354	61.94875
162.42674	25.378208
185.61916	52.253365
148.52393	62.456512
169.02457	23.466434
176.64688	66.08562
145.02893	44.615093
186.59322	37.487648
160.91017	73.00496
162.3718	37.334785
187.81721	61.83446
147.88264	54.79132
179.07324	40.270226
171.25766	69.20659
153.42476	32.614372
186.2269	46.016987
159.06937	64.15563
156.19833	136.15424
171.63351	149.36458
159.9979	149.71463
183.1498	139.1102
158.96548	161.46884
164.74141	145.54434
173.6966	138.97293
150.64594	149.50331
176.50192	130.32718
188.35764	158.79788
155.01454	156.47363
188.88872	143.31253
167.95494	157.03154
165.6717	136.25243
177.40744	143.44444
146.23512	144.76764
167.89795	130.36497
173.69772	169.73431
151.03587	133.81192
187.84023	150.6575
159.64719	166.55199
160.68541	122.26819
177.54097	149.77051
144.78569	138.26785
187.52637	134.49922
167.89355	167.76253
160.01132	128.24701
179.94196	157.33937
646.2425	377.0228
643.4253	367.68033
649.14435	385.57874
638.2215	371.72656
653.4988	378.53094
636.5471	379.37146
645.69867	360.98166
657.74146	382.52866
632.5423	374.08862
660.59106	366.56573
641.13104	384.87384
636.50555	365.05862
651.1603	369.16916
633.6693	389.42975
648.0941	356.74384
657.4208	389.03217
631.2165	363.15042
659.9312	371.43137
641.1082	390.62915
638.2342	357.02966
662.7485	378.47552
627.1633	380.56012
656.31366	360.5918
649.25507	393.03723
441.58496	50.48873
456.15143	83.59412
432.6314	71.5214
445.6596	58.775696
465.78534	84.886856
449.10565	82.49669
470.02264	59.61377
435.44562	87.302704
437.6905	58.459404
469.4637	71.506386
441.2442	99.263405
436.36288	77.08369
459.79083	89.48194
422.829	67.32876
446.48477	63.459656
437.4165	105.87046
462.60223	53.900158
471.25665	79.825516
442.72348	85.22351
437.18097	47.740868
454.38745	70.51539
427.03842	60.216713
462.97226	81.005066
428.72614	86.74175
463.1149	67.22718
460.86084	102.21003
419.5669	84.93312
478.7758	75.25551
453.14224	102.106026
450.51376	53.55821
527.64435	379.98288
513.0492	386.08737
520.967	360.77518
520.70886	397.61053
509.3606	366.79004
517.44934	368.27847
507.83282	391.18805
512.8376	377.46295
532.1944	386.5177
503.0899	374.7134
527.6985	363.87057
520.4049	376.0429
503.59882	363.16763
524.2252	370.80783
505.25708	378.29352
514.9895	360.67633
524.1212	389.68848
496.74292	367.9599
534.22845	364.752
511.8897	395.63654
510.8518	356.20908
536.1036	378.76297
495.12192	378.9246
527.2612	357.75153
519.5184	385.03717
502.22543	357.37378
533.6435	372.7038
500.96582	384.69897
699.85114	366.46634
712.74695	388.76236
698.69183	374.02847
711.31866	370.69598
701.5655	391.97092
691.7018	361.86005
703.8076	373.21664
694.71716	382.74603
706.34155	363.63715
709.8609	383.825
688.1973	371.80472
717.73773	366.18973
706.4082	378.45877
700.53455	359.039
717.036	380.81293
688.6994	378.10175
712.90173	360.6253
701.7627	385.30637
692.45233	367.98718
719.0233	374.2186
692.42706	387.1414
170.74529	521.72076
176.1321	544.71594
163.76697	530.24664
170.50053	529.537
168.17749	544.5379
159.70529	523.4438
180.46283	533.75726
159.31418	536.00745
178.86327	520.9425
168.45613	536.5521
154.2948	527.6464
178.00307	528.78015
158.5242	543.1244
165.8292	520.0654
178.81422	539.4176
154.4815	534.63873
738.164	36.922497
742.56445	57.046303
724.63806	41.431892
740.9787	43.244755
709.82477	58.359814
724.92615	34.92587
723.4481	60.20521
730.80066	46.596058
747.29456	47.853832
725.8661	66.80086
711.997	33.881546
749.9457	55.538677
719.4864	55.089275
741.5167	29.117962
733.734	61.67793
720.9249	43.540783
754.21106	48.68037
713.359	64.27419
732.1666	28.01565
744.7317	64.15601
703.77136	46.655354
746.5377	42.4946
731.68494	71.55736
720.5592	27.422146
732.5848	52.846924
709.56573	50.31798
729.9368	39.78166
738.67926	69.28937
714.32825	41.563
803.5237	372.25275
788.24384	379.30408
790.95685	364.70508
803.28613	379.5164
789.56683	372.9532
799.7062	365.3342
790.4217	386.5733
783.9972	367.93158
796.45123	376.6058
782.3353	377.50385
795.0946	369.75986
797.0254	383.88684
157.08963	473.88776
171.17152	462.24408
160.27216	488.4328
164.0499	465.3043
184.63998	478.45444
165.24461	473.61548
173.92474	458.0844
170.30162	480.08917
158.20555	463.1867
180.32767	472.9838
164.32048	479.93677
169.89487	469.7417
178.9008	484.831
151.60971	470.22174
182.49182	467.2688
168.82344	486.94653
163.4053	454.68204
174.37744	472.69513
152.88274	481.70834
171.50633	324.85577
182.52972	343.54224
156.1518	319.0679
174.00572	314.49875
153.98459	335.43546
164.48196	317.7453
168.23445	331.59726
164.54626	337.05054
180.24223	311.1916
170.76237	338.88712
164.1316	323.49597
176.54048	338.2995
152.69148	343.10446
163.83286	309.25104
181.5182	333.02
157.19162	330.92258
186.90677	318.83044
170.88045	346.8804
155.74045	311.04437
186.43616	329.77652
149.81088	326.8928
168.28519	304.64035
162.06035	343.3123
150.04306	321.9325
180.83112	324.24115
728.4632	132.67952
727.1845	116.53981
741.85455	131.19977
725.1016	125.09147
739.19104	112.8502
732.2296	127.85298
717.681	116.103226
741.4894	125.10142
717.7786	128.83354
733.35913	115.353615
736.1832	133.41803
720.2439	123.652626
737.7169	120.82408
723.20447	137.54184
729.80005	109.542496
766.4183	384.50827
746.2231	379.4433
761.56177	360.48495
756.9011	379.40112
748.0895	371.06686
757.87103	372.3716
744.9994	387.96155
750.87537	362.12897
760.8026	385.72208
740.29236	373.7167
763.9756	367.9491
751.3087	382.99167
746.36066	360.11142
766.00543	377.4555
740.08215	380.3709
757.98376	364.9549
755.1716	389.7094
741.5299	367.24738
769.234	372.0666
