758.3356	386.60202
750.61273	388.4104
753.4103	380.9572
758.6691	393.99905
743.8102	385.94272
764.02	381.79196
748.3711	397.8366
749.1165	376.20145
764.0119	391.0057
742.90454	391.97952
758.21985	375.90027
754.18805	397.23724
743.3261	380.23926
162.14163	559.62683
155.73378	565.7587
157.51823	555.79724
164.68977	565.7162
150.11275	560.6081
169.50168	555.1408
156.3125	573.29987
154.37018	550.2612
171.09308	563.63293
147.78989	567.14435
163.69315	551.1957
164.07315	572.2648
148.31186	555.0426
165.42493	403.80786
158.10123	406.24078
154.41957	397.68243
169.91196	409.7425
148.75333	404.66788
160.79648	396.07962
161.15018	411.7077
144.49174	392.44052
171.92436	398.40146
150.62173	413.22284
157.20483	386.26932
166.96857	417.0184
145.79713	400.05893
172.02509	391.13593
157.55336	418.73984
152.12077	391.65973
174.30884	405.73932
143.4683	409.6878
163.47134	389.7689
703.09906	394.6485
692.813	383.8515
702.30164	386.694
695.2693	389.90186
695.16077	376.25558
709.2892	389.2652
686.27527	390.04254
704.08405	379.23495
701.18274	401.28638
690.1152	375.43088
712.98834	384.9015
687.68	395.73483
700.38806	373.7845
709.31714	396.2014
685.86395	382.57892
709.1769	376.3239
694.53424	397.41406
372.10764	379.31464
383.09262	394.04544
363.47772	388.10345
373.26218	372.73172
372.8654	392.31354
365.63538	382.17694
375.1174	388.408
363.44156	394.25934
365.9381	373.51544
377.8409	402.69904
353.3311	390.00555
378.32147	380.30276
371.94586	400.30063
358.63986	372.72626
383.49918	384.79517
352.20392	396.97488
374.92007	366.57886
383.5948	403.69135
357.95624	381.89642
386.35782	376.75867
363.0602	407.30545
366.3202	365.53986
391.55127	393.35468
348.28265	384.15833
384.1077	371.49542
369.26093	407.784
351.18167	378.48193
388.43707	386.15106
358.48245	399.5401
735.5776	53.78773
742.0197	71.53388
741.8918	57.14939
739.4547	46.592857
736.21765	69.30568
730.9455	52.49275
756.027	67.92581
729.0399	65.30232
754.6633	52.910522
736.86554	78.84917
725.16736	57.429333
745.9414	64.93029
729.3324	74.935165
732.5705	42.766644
753.7711	74.731544
718.48553	60.546898
750.55426	49.118572
739.17346	64.449554
726.91046	46.181217
754.1589	61.789948
723.8065	70.85334
743.78955	40.675247
745.6035	78.0716
722.37317	49.02137
758.6737	55.124256
462.14624	390.33844
462.68164	376.5656
470.53986	389.0595
458.51434	395.22345
475.3911	369.04852
465.6837	400.55057
453.92667	379.11145
474.4716	382.31784
451.18115	399.18176
464.67255	385.70746
473.83496	398.36395
454.04428	386.8806
476.7413	375.93036
470.23267	405.34296
454.1482	371.38803
480.2164	386.32935
449.03937	391.66888
469.05713	370.83536
480.9799	398.8266
447.44318	380.0478
482.97968	379.58035
458.61563	403.00424
460.91937	371.30197
479.41187	392.2993
788.66846	388.10773
800.5665	376.77878
798.81354	390.62433
791.3949	376.84186
806.4435	387.85532
788.42126	394.42984
796.2394	381.77524
803.9076	395.5017
787.7483	382.47925
803.86316	382.16998
795.4061	396.1925
429.2727	80.13372
460.17584	72.72841
438.02264	89.77912
455.24503	72.49162
458.83096	113.67568
448.6106	92.497375
453.50302	85.08087
438.92096	101.906296
445.65	82.921295
455.8169	91.21019
422.07925	92.512856
463.6971	68.975815
454.05084	100.9878
445.19122	63.039898
462.20694	93.87257
434.5437	95.552505
443.76334	72.53084
466.2126	100.31278
424.60834	74.01342
462.9231	84.78414
446.79785	111.22792
454.62653	62.72881
473.13925	91.828766
429.67657	98.20767
472.226	74.783554
452.93402	109.02269
433.97232	68.5468
472.48358	84.24496
437.84448	110.57451
435.26505	79.12642
158.06578	309.81128
151.93463	296.7298
176.16234	289.50378
148.91922	307.83148
154.70415	286.84113
165.51006	296.5526
153.017	302.21957
160.10843	304.36774
163.60452	320.1562
143.89386	287.2994
173.06895	296.05243
152.65935	319.07468
161.14845	290.1442
176.15582	304.8609
139.97946	302.95236
169.25847	284.33517
158.79741	315.67728
149.16675	291.08463
167.93576	306.96515
147.00024	313.05243
161.15945	283.55127
173.58035	314.45377
145.2149	301.18262
153.61946	49.89669
161.57292	74.0341
160.62845	56.53031
156.85352	67.551155
164.66096	60.959053
171.20732	55.427727
159.61487	87.21041
139.88492	57.394844
166.48375	71.05989
146.4653	65.672264
163.45065	49.727844
164.05739	81.59412
151.2587	59.789196
180.22937	56.729633
152.93987	84.14654
146.31445	54.83721
177.62625	69.00667
142.82909	80.197845
155.33293	43.807064
172.26445	81.237015
139.44098	64.65725
174.74957	62.86736
153.26172	75.20499
147.81915	48.11486
175.30064	74.77181
141.95119	74.015205
171.78896	49.960697
161.43661	190.4235
152.34027	177.86873
167.43137	185.33488
154.33284	183.7774
162.51254	178.88994
166.51808	203.27356
140.50327	187.98714
169.54327	179.26546
156.28276	195.93889
149.26656	171.32748
166.24496	197.2237
142.29239	198.10135
165.3307	172.65903
162.73972	209.07687
140.15977	180.7404
178.66306	186.98395
147.66188	203.64197
158.02817	167.71619
174.8909	197.42032
149.13728	193.27965
175.71048	175.3187
156.05328	204.22781
146.93498	180.9354
170.88847	191.4956
156.66013	493.03204
163.81659	473.99127
163.26607	493.28842
154.92136	486.3676
166.17105	487.30695
156.8552	500.2226
150.82004	474.95346
171.66176	493.29437
147.42227	494.2252
164.26517	481.14508
163.5409	502.35138
148.94926	483.6966
173.04721	484.47656
149.5973	501.3292
157.24164	478.581
168.08414	498.1848
142.68105	487.06104
559.52203	378.7027
553.127	392.5504
547.1918	375.44284
557.0575	386.47314
535.1598	392.5083
557.67395	369.52707
554.8832	397.87045
539.8685	381.42886
564.00085	385.8873
547.85333	398.07202
549.5136	386.91904
564.6832	393.33295
543.5066	388.4693
566.5499	374.9395
556.75256	405.73907
541.06116	374.00867
570.28406	389.17947
539.7054	396.88727
553.431	377.85657
562.21594	399.91675
533.6646	384.9412
571.4728	381.15012
543.8933	402.982
548.9955	369.22147
646.2037	390.03436
617.1152	391.90155
630.7496	381.50906
636.09985	396.91022
620.0719	376.51352
635.50476	386.17706
629.1925	387.7876
631.14026	372.75983
643.2812	396.07544
622.7945	387.15833
642.8346	376.03494
629.3296	393.9188
625.22986	373.27374
640.70526	384.8762
620.7825	398.62613
636.5715	372.5432
638.8595	402.57437
616.07654	382.36346
648.4608	381.95502
628.5365	401.8069
