690.5801	390.98724
685.2497	394.30048
688.9254	383.89056
694.12726	398.66925
678.6154	392.0522
696.1034	387.12372
684.21545	404.4566
683.57385	382.07962
700.7681	396.7387
678.7346	399.33118
694.4489	379.81937
691.4518	404.26752
676.9979	384.11664
701.2592	390.24493
472.19366	393.34146
473.66666	386.15018
484.63068	397.04193
471.11377	401.815
479.50653	389.82343
478.03864	402.24506
468.52386	378.16315
488.39673	391.60025
460.38458	398.50558
478.49277	378.67865
488.68744	404.29324
466.12408	388.74152
486.99985	386.12134
471.458	410.4498
475.23428	374.34323
493.17407	398.57715
460.63446	390.04263
483.84073	380.18707
480.02573	407.6918
461.51776	383.09894
495.47803	387.26874
465.66202	402.65216
154.29755	469.4898
166.18396	487.22623
146.80841	480.128
157.23653	475.06192
158.23203	483.42896
150.5385	475.52216
162.59766	477.29507
143.37057	485.12973
161.4369	467.02472
157.70639	490.25714
142.17581	474.2874
169.97073	475.33438
149.57848	487.8919
149.32846	464.20053
165.89209	553.8952
147.5362	551.2432
158.96855	539.2401
155.03511	553.59924
150.01204	545.2892
159.26773	548.1081
146.75168	558.90466
153.12753	540.76324
159.97247	559.4199
142.8475	545.2111
165.25018	544.8981
153.72874	560.6805
554.8625	384.7745
564.9833	391.53238
555.6595	396.67352
558.5584	390.61334
564.0373	400.40482
544.992	388.05405
569.7943	388.16425
549.9361	404.69257
554.65027	379.65933
564.3642	405.94696
545.3402	393.58487
568.95764	381.9407
557.07544	401.96405
546.55676	382.05457
570.4172	397.2281
546.86096	399.06943
562.3756	378.7079
158.26645	321.498
146.0672	312.09427
165.2095	305.2632
151.90665	317.1435
153.5365	308.33292
169.33633	312.75293
141.89774	316.00574
158.20868	301.02896
156.20068	326.8
146.06746	300.51883
161.22554	311.23285
146.13828	323.02484
152.10406	297.33923
163.19044	318.69702
141.94684	306.23782
165.22519	299.18372
368.33435	402.9138
365.88605	382.30252
380.9714	401.2907
363.82367	395.09372
378.78668	372.53937
373.1746	396.53467
362.98425	389.20828
370.76813	387.15454
359.26886	406.90024
375.142	378.26273
381.6042	410.3658
349.8133	387.55453
379.6725	387.33023
375.63324	407.2622
357.23383	379.0552
387.002	390.0223
351.15897	405.56793
364.84628	374.69556
389.39047	402.93213
349.97888	397.3639
385.73007	379.7016
362.78162	415.43472
362.23956	369.57617
381.62497	393.99097
355.9199	398.09036
383.63385	372.8173
371.8502	413.35498
352.16837	380.41135
391.73904	390.93045
153.58012	401.74948
155.16602	390.10873
166.72177	406.9508
149.33308	398.38153
166.02449	391.9663
155.97723	409.63672
144.6189	388.38428
167.21869	397.18213
141.2022	402.9729
161.3047	385.44595
160.99979	403.7682
144.58395	395.00308
158.11177	396.32404
147.74763	407.9029
152.69717	383.66055
163.02663	79.07143
146.79811	88.0361
161.33583	64.96916
167.60025	88.42076
147.4501	72.42522
168.53894	69.78621
140.19846	90.5504
154.68166	75.29669
163.2279	97.03309
131.27937	70.845505
167.49437	61.446312
159.68967	89.56191
146.10892	61.934883
173.83655	85.456116
140.73709	74.77805
158.36075	55.721333
153.9021	102.28685
142.0844	68.305145
179.41257	77.91935
141.58664	98.71647
154.00931	60.348198
169.62173	93.07984
130.09663	80.65715
174.68277	66.44591
150.63266	96.91084
144.36984	56.126514
171.46133	75.56072
139.97871	83.94953
796.8517	385.10803
803.9474	400.24493
789.9765	391.39792
804.35626	390.75873
790.8932	398.4897
791.55096	382.64972
798.5519	394.34393
785.0237	397.11774
803.5053	383.6358
796.5643	402.1605
784.90155	387.41653
631.88525	392.78708
613.52216	397.03156
623.9659	383.9924
633.4933	398.6227
613.1374	390.27924
635.4215	381.06708
625.24945	401.00482
616.9458	381.51437
640.15106	396.72205
620.3395	395.83093
630.3506	384.8727
631.10754	405.84293
624.121	391.71655
639.0845	389.19315
619.5392	404.10236
625.2481	377.69632
168.40494	222.85806
136.73344	207.23466
169.4404	202.17628
153.03014	229.35632
149.9559	195.7123
156.11697	210.79514
143.61948	213.40828
157.89589	192.95807
161.38957	227.94333
148.80688	209.03525
163.38306	204.8995
152.5671	216.16928
150.50163	203.02997
162.35617	212.56741
139.62473	219.298
160.1607	199.93774
161.18239	218.29153
143.01697	201.84486
172.38693	211.75882
147.08604	224.17574
730.48926	59.54383
754.44324	83.017586
746.4281	67.80896
760.6984	57.83956
742.108	73.73636
738.31433	48.1652
754.75507	68.170296
734.72876	76.78493
746.36896	56.329247
748.2159	76.87194
722.6251	65.4351
763.79626	66.2548
733.1376	83.28088
738.6676	57.255592
759.61444	71.12751
728.8045	70.09416
751.30383	49.352886
739.78705	82.27375
730.6997	52.770794
749.4538	61.99179
724.04407	75.92106
747.40875	44.50182
747.7125	86.11544
736.1374	66.14074
444.14883	90.226456
464.118	96.48383
438.2807	76.1304
459.96338	87.60769
447.92358	101.912415
453.70135	76.358505
453.67593	109.816605
430.27914	81.5645
472.29376	93.99356
435.43732	109.82332
455.23926	100.658844
460.8977	108.28865
435.9816	91.627884
466.65176	68.89705
448.08624	111.406944
430.87125	74.400185
469.5949	110.7924
428.16888	99.80095
446.92	72.72664
455.4813	118.67503
428.64594	88.65973
467.7708	77.81427
438.14536	116.3652
444.4427	81.275116
468.73325	102.5024
421.30756	99.77602
456.71304	73.051315
442.06268	113.18767
434.39664	66.00191
465.46436	84.676025
736.75726	400.61823
744.2099	379.15137
754.9479	400.23895
738.88684	390.0927
754.7086	385.18878
743.23267	403.22498
742.94073	385.82938
748.2809	393.25604
738.6071	395.05563
749.3594	385.64093
747.8171	399.34827
733.7722	386.06464
757.2116	392.3136
