456.4789	378.59027
455.53937	387.30948
461.09735	372.85577
463.41608	387.9655
444.6727	381.0544
462.55435	382.24936
448.9567	393.73856
448.826	373.68317
473.47968	390.2892
448.367	386.3852
467.98495	363.99722
460.9957	393.1492
440.9853	372.8072
467.62735	377.2015
444.87534	398.88425
454.70135	369.66766
469.0445	396.72992
439.59024	384.17194
468.3404	369.8795
454.7315	399.12158
450.30746	364.44012
470.83115	383.96765
440.97397	389.95667
460.1346	363.40216
462.899	402.0974
437.43994	378.31204
474.82806	376.24026
161.47372	291.12006
157.85419	277.475
174.77031	294.45972
152.05862	288.36053
162.72412	279.41776
163.52823	300.3363
153.60081	283.42218
165.3442	286.57703
158.82047	297.84753
171.77777	282.08075
171.68282	302.04797
149.08737	294.73944
177.77747	277.7798
158.27455	306.96967
150.79477	274.11127
176.5469	289.54858
146.60732	301.74832
164.18486	269.80426
168.69408	307.47507
146.0651	281.58673
182.34415	285.89987
152.38878	304.36853
156.75537	268.75858
180.1843	298.80814
142.84451	289.8548
172.02599	273.88913
162.73956	554.7436
152.57559	543.85706
166.6881	550.1762
153.45914	557.2665
163.89363	543.79846
167.23834	560.807
157.92117	548.34485
172.54099	546.5849
160.00603	560.4263
158.60306	538.7868
173.6263	554.5227
150.8343	550.6057
168.81042	539.60803
159.6691	179.93553
152.90996	169.4783
165.87357	174.93227
154.85681	186.8456
160.87376	169.39856
170.3954	177.92702
144.17502	168.1858
177.90076	169.66145
162.31895	188.34427
153.0552	157.61977
174.89024	186.2246
151.6796	178.68695
166.66237	167.06068
168.30698	189.94286
142.6326	175.65536
180.7582	164.34521
154.71767	198.7265
161.285	163.06566
180.83846	182.0534
142.41327	181.92021
172.19247	160.24774
159.71489	194.12483
149.28365	162.52162
181.54924	174.14258
148.6884	189.69955
165.85136	156.3033
175.28171	193.63428
362.54752	382.73624
377.5951	369.77045
365.08832	394.84753
367.2521	378.30194
378.57547	383.3261
371.46915	385.20816
373.0474	375.85156
373.18585	395.2708
356.72418	379.7742
379.28293	377.44568
360.48517	388.24554
361.12396	369.21902
380.99557	389.14777
351.05472	384.5457
384.39008	369.92267
369.49716	401.87442
356.022	371.2353
386.884	383.5022
357.01123	394.8756
367.68353	369.93115
380.27338	397.4779
349.7322	375.1407
388.53232	376.27582
361.65604	402.10028
364.85294	361.77548
386.57184	392.94507
350.9991	390.24792
373.51593	363.0158
454.62076	92.665085
434.43848	77.92392
454.59406	72.59505
435.7372	91.86961
446.1194	88.984375
462.54028	83.48739
438.6543	86.274826
464.931	73.39669
445.7741	96.1398
444.00693	67.70898
459.92343	78.603676
430.24277	83.990555
447.04224	77.0843
457.79004	96.85761
433.71283	68.590744
469.7329	80.10509
434.1513	103.09501
453.66245	66.182556
462.90314	92.692154
427.11588	91.274
458.3211	61.500256
454.81616	109.528175
437.4665	62.398792
470.5751	89.104416
429.37274	98.07837
449.0397	57.920002
462.05933	100.88765
429.4488	75.60906
469.06992	68.46453
442.2525	102.89805
757.4198	370.17215
765.90906	387.58978
754.39343	384.99216
766.77954	373.21054
762.1119	395.46503
755.30896	378.48334
769.5951	380.61014
755.4862	394.3083
761.87317	373.08344
770.05676	391.7614
747.6212	380.22098
772.89996	374.79376
760.7005	384.7935
751.6242	372.66068
773.8696	385.14276
748.9059	388.77298
167.8692	51.942608
163.8612	67.064445
140.71007	61.38392
174.0292	51.66085
164.67055	57.707886
157.90646	53.3467
171.29337	63.697765
158.41476	60.617226
172.04611	40.766068
157.94727	73.594765
150.859	57.233112
182.98055	62.691856
152.53873	69.48204
162.36768	45.93363
168.39122	75.77695
141.01192	52.975136
179.35173	46.175545
157.91266	79.695816
152.74484	44.773373
179.81987	69.41758
146.67871	64.339
164.1405	40.416683
164.92276	81.166
145.92905	48.516285
181.92789	55.52246
146.12769	72.90669
156.28459	38.55465
175.08263	74.41429
152.45883	479.7142
172.18607	469.4188
161.1104	482.07935
157.60376	474.37738
167.69427	484.0166
154.97223	487.6622
167.38487	474.3007
173.96384	492.8996
146.68228	476.2127
176.63852	475.3418
159.58743	493.37906
155.82233	466.26978
176.10977	486.46518
147.5082	485.08017
168.24875	463.86728
166.23328	493.76822
149.25392	469.66666
177.22852	480.68134
153.40152	494.91138
162.32323	468.78848
815.73596	387.52008
800.0401	380.9704
813.20807	374.08795
803.79553	387.2101
802.12415	372.01453
808.7738	382.95523
794.8246	385.37207
807.4169	375.25568
808.5714	392.53793
795.9413	376.06448
815.51666	380.89832
799.4985	392.31805
621.5973	369.7392
641.5912	391.12433
627.01636	382.152
634.0946	368.93036
632.6536	387.5069
620.8981	381.16666
639.29767	382.27698
616.18933	389.60745
628.97565	376.02188
629.4772	394.7801
613.9141	378.28656
643.42145	376.84482
625.18414	390.63986
615.7712	367.18655
646.7046	385.6894
609.58264	391.3885
628.9409	367.33325
629.48706	401.1831
614.4074	372.79105
636.15173	376.24152
615.5347	397.35895
624.06714	362.84116
637.4188	397.74582
608.6242	383.65738
640.65	370.10068
622.2694	396.4344
689.5559	372.22522
704.54266	380.80658
691.3569	390.82678
703.88745	373.43387
706.38635	387.64215
698.5248	380.4895
710.70447	377.70407
698.82544	390.32675
695.67596	373.8283
717.39825	387.20297
686.6414	386.26465
705.8422	367.79794
709.16223	396.95227
687.455	378.72247
717.9554	379.72778
694.3901	396.74158
699.024	365.815
712.8942	392.53586
694.39734	383.39526
714.1807	371.3836
702.5713	395.4522
537.81354	367.90396
546.47107	382.69867
539.4691	387.2369
544.58356	371.1928
550.9144	390.8297
531.51465	378.95804
554.0631	377.75534
534.5474	392.86716
540.6496	379.96155
560.8148	393.83868
526.0221	383.91486
551.3596	372.72833
544.45935	391.9917
534.77686	374.45758
560.6571	386.94348
529.7655	396.08755
545.42816	365.07428
553.14514	397.1524
522.61664	378.65244
561.79755	377.2723
538.1813	400.52026
537.1513	362.6053
552.3551	384.06958
525.7649	390.27826
555.9459	367.0506
547.0523	398.224
526.6465	369.96118
735.15375	59.656494
725.1128	72.233696
732.0509	45.973213
751.0903	68.720726
729.84106	61.244293
742.7626	50.0338
743.63446	66.584915
724.22156	53.142956
751.14124	57.653217
715.30176	61.665672
736.6112	50.212082
737.1107	75.28295
720.87195	60.604664
742.9938	58.444176
730.62067	78.281784
729.4424	40.40395
755.1158	64.22883
720.4836	67.695114
745.53674	41.845833
746.7263	79.76065
723.0419	44.262535
755.7688	54.520844
719.4011	74.44517
740.3568	38.56559
744.2685	72.79554
717.2734	51.663948
749.3673	47.612553
730.7401	67.67556
158.77312	382.60358
167.63152	395.8685
155.91776	390.26724
175.40195	378.3866
163.59007	400.28424
151.02232	387.33606
162.2911	390.69577
158.53468	396.9642
166.37833	379.8216
178.31537	399.39517
145.45474	396.91888
177.21184	384.94025
165.15215	408.6441
149.37784	379.9626
177.56613	392.48117
150.37648	401.26996
165.88216	372.97427
172.19908	402.56262
145.17944	386.58002
170.86905	388.9892
155.81772	406.2727
156.68875	374.06543
