466.64813	391.6655
457.43195	392.9515
464.7146	385.8189
465.49945	397.27225
456.64355	385.8651
473.68268	390.22278
462.1039	406.00916
455.75912	380.4496
478.61957	393.81793
450.03824	398.98126
466.76962	377.80472
468.75714	404.6756
449.5516	383.98056
477.94043	383.0429
454.90738	404.23773
460.9544	374.79465
474.99088	400.95984
449.1015	391.06653
473.37085	378.83807
453.72104	90.55165
443.81616	90.56333
452.44556	100.16548
445.2505	105.630394
456.79785	82.247375
463.42426	91.29778
436.84506	88.66481
447.93643	69.42299
432.79752	111.62594
439.82715	84.56737
461.1289	106.05009
434.09808	93.39413
471.2458	73.06126
455.52475	103.97954
429.163	77.089096
471.87653	95.35206
428.2627	102.18033
444.15985	66.72479
450.1686	113.44198
425.65927	93.679634
460.40894	65.59708
443.07904	113.71836
442.3227	77.0746
477.77774	95.963615
424.0499	104.75366
459.91803	72.00586
467.26422	109.026955
428.7911	83.43057
470.49844	86.007
153.68893	554.4912
153.17198	540.5481
163.70224	550.1495
143.49919	547.27234
162.48004	536.9354
156.56927	547.67084
148.05064	534.29315
169.70345	550.4176
147.02467	555.3608
158.54562	532.07245
159.0561	556.83386
147.97385	542.5819
163.7457	542.4515
147.56593	70.29088
155.85683	69.86275
160.57956	63.101532
151.21642	63.850883
165.63278	53.627953
155.05612	82.528465
141.97981	61.446796
166.68391	69.05175
146.51888	75.50483
154.59732	52.27349
158.92761	73.9716
138.61823	75.23947
168.06302	61.965218
161.69888	83.87739
147.90796	54.74584
174.45271	69.50716
132.03226	70.90444
159.29562	45.320232
168.11809	80.35288
141.22084	53.920704
172.7089	56.18272
148.35823	84.47655
150.47716	45.609894
172.5445	75.386154
539.0695	391.28836
543.63306	383.19394
541.7533	400.2185
530.2437	389.18524
545.10864	389.85202
535.7374	395.92194
537.28235	381.71536
550.9099	398.58087
524.7291	394.16876
549.7471	383.1479
535.2504	406.00427
534.09875	376.0053
555.6146	395.38855
529.94336	398.51724
546.5211	375.31012
545.43134	404.02655
527.92316	382.578
554.6471	385.48053
798.5677	399.54727
800.1418	386.927
807.40735	392.21857
795.5352	391.44412
810.02563	382.742
804.2165	400.75668
796.5819	380.4995
812.8548	388.6961
792.2581	398.34937
804.0942	381.52463
810.64	398.60504
791.1525	387.25775
171.56349	378.0531
148.07808	399.2031
148.54898	380.9986
160.59695	387.99152
153.78256	384.8335
158.76134	376.9471
155.9127	391.5693
142.60085	379.0494
166.82594	382.45676
147.19902	392.58627
153.50673	372.23666
164.77563	398.02646
140.5885	388.8778
165.64006	373.23145
158.46051	397.81097
146.30214	371.39618
169.15433	390.3499
368.79837	390.2392
362.73972	374.59378
371.49365	394.55002
354.6318	384.23242
375.05966	387.61084
365.02972	407.79227
366.72226	368.768
375.8813	398.01523
348.71652	395.83932
369.9433	380.0799
362.07928	398.92938
363.55606	387.68756
380.54233	387.26358
358.03342	395.10678
374.17728	369.42474
383.20227	405.12488
351.14352	388.86816
386.98187	385.07864
369.1406	414.02426
361.5752	381.11566
382.91333	398.67633
347.69446	402.32672
379.726	374.869
374.14987	405.44098
351.2619	377.786
389.86877	391.7654
359.39603	405.28174
744.87366	56.683014
753.317	72.23039
744.6921	66.20852
750.9663	53.481865
737.56323	71.78948
735.1685	55.543755
748.7218	60.963478
725.80444	67.93139
746.8802	38.956467
749.6735	80.009865
723.9213	58.58838
758.09717	53.244892
736.9452	63.326923
734.0553	46.30784
756.3147	63.64684
729.19006	61.109642
748.70233	48.49621
738.57336	79.53771
727.4017	51.51354
760.70514	69.7829
729.82605	76.87807
741.04944	44.2855
163.47662	477.941
145.17561	466.99536
163.15237	458.3791
153.48396	476.02344
146.81973	461.29736
158.33	472.66553
144.47	473.50482
161.32124	464.98785
156.41328	483.99957
152.91391	468.5738
167.22336	469.9309
146.5776	480.84897
154.23792	458.80728
169.24411	477.0753
147.27084	283.67593
158.18306	286.15067
155.57515	291.08365
145.17593	275.4251
162.96213	291.2956
145.66196	300.3943
159.37625	275.63596
164.32199	301.55325
153.25015	283.39053
171.12108	284.2
153.01247	296.5627
153.0068	273.68515
165.88002	296.46384
141.42624	292.6122
165.47879	273.64923
153.73401	303.74762
141.5405	284.93423
170.82594	291.53735
610.4449	397.82004
611.2692	386.65005
626.0661	401.5815
608.8562	391.48395
620.1981	385.2668
617.33875	395.93362
605.91046	377.59406
622.0089	392.40836
603.1745	398.70087
619.4383	377.2083
619.708	403.748
600.7475	384.79132
627.60034	387.84174
610.55566	405.64923
612.07904	377.7072
629.19385	394.63916
601.10803	393.07172
625.89954	379.70627
747.9032	395.05597
738.5366	381.01215
761.49664	388.46817
736.08386	397.16412
748.6478	388.5286
756.591	397.77606
736.91907	387.50565
757.1508	381.54016
744.47345	401.84586
744.578	382.29547
754.5301	390.7603
741.8658	394.0292
750.5071	379.59406
752.04535	403.25497
141.31487	176.73137
166.97195	179.49385
152.30092	188.69508
157.31516	167.60715
167.85341	198.068
145.42998	182.01155
167.24619	173.5897
158.3188	191.30374
149.70949	177.7777
164.76355	188.41849
147.3743	191.99008
158.42657	180.60738
158.43266	200.89206
137.65042	186.5412
172.42805	183.77277
152.61943	198.91817
153.72377	172.002
169.12332	191.92844
142.78455	197.80972
693.4794	382.8169
687.1898	399.19244
678.8857	383.56152
687.4708	390.8895
680.07404	396.75317
686.4496	385.19626
693.6742	396.90714
677.39734	389.24515
698.8574	386.55206
681.6547	404.62628
681.7179	377.9965
697.72986	393.18494
673.7488	395.4746
689.4994	376.81406
693.4576	403.66693
671.01013	388.25916
