157.60619	183.53964
150.64026	187.01938
164.86061	174.57446
159.32715	193.30048
143.39536	188.37619
166.18784	180.56516
151.62906	194.34424
140.47353	176.51186
170.20895	193.78178
144.81601	195.88443
159.2275	170.26305
162.27652	206.54951
148.84903	179.95375
175.73384	181.37125
145.01329	202.61786
152.81621	167.4535
169.10158	200.71866
138.4781	190.03233
170.06137	173.80962
157.63907	199.67012
149.19168	172.39577
173.52682	187.81218
156.47995	477.67627
154.71074	468.5917
163.5582	478.9673
148.77151	473.67285
169.89145	468.55225
153.93735	487.2789
154.64102	461.13998
169.6909	478.62216
143.91086	477.35126
161.80421	463.82867
162.12265	484.91837
147.62622	465.26752
163.3651	471.90576
148.16641	482.22772
628.4938	387.32208
632.1479	393.85773
621.1495	386.68475
634.8061	385.11484
622.65216	392.9638
623.12463	379.1245
639.47754	391.37726
619.2151	399.13617
633.7377	374.83493
638.00946	399.0135
615.58136	383.98697
644.3072	385.3747
625.1286	401.25314
625.3587	373.83478
644.25085	397.30722
615.7833	392.11703
639.57733	380.15417
632.4119	402.29697
750.2936	383.7761
759.20966	391.6706
745.5764	399.26767
756.891	384.46405
760.4983	399.0863
743.29736	387.78796
765.48193	386.00394
751.4495	392.8266
752.16595	376.77032
766.19116	393.3173
743.7594	393.75876
761.4228	378.48773
753.4691	400.64102
742.9143	381.22687
158.93272	70.848526
154.70071	64.62364
160.33003	62.433605
175.45999	72.47641
142.99722	60.888195
163.12917	56.245857
149.56772	68.71251
143.29074	54.09962
167.7905	67.48474
141.08687	75.38089
155.91127	54.461678
161.98808	75.62833
136.09825	54.91839
170.31636	56.730877
156.4274	81.838684
152.33109	46.26101
168.09264	77.357155
142.51895	67.73964
171.23587	47.081856
162.94719	85.07459
147.21964	48.862617
177.57518	62.4347
148.79526	77.389206
160.76453	44.197575
556.8227	398.7518
538.66254	388.3257
559.8766	381.62567
552.0012	392.75388
549.6766	383.45148
561.31055	392.6889
547.1566	388.48065
557.41266	375.48892
561.8862	403.7964
540.4574	380.57095
564.12396	387.06537
548.7145	399.25067
552.6119	373.22736
567.8705	396.80087
539.1561	394.5119
565.83826	379.22186
553.29846	405.08975
547.17444	376.9544
571.9225	387.57104
541.4245	400.22348
376.24713	368.92627
372.9498	394.99457
354.00272	386.78168
372.60092	385.86398
371.20148	403.84714
361.53342	379.88812
380.91418	396.10663
356.73376	395.5318
381.52313	384.0234
363.01874	390.07977
353.63385	380.02673
379.0772	390.3078
366.8532	398.11005
369.75632	380.7365
381.13098	402.977
349.01447	391.0692
381.50906	376.84412
364.19348	407.97052
357.94708	373.20947
387.19012	397.24454
348.70563	399.74484
368.2929	366.89072
375.16315	408.89948
347.22662	382.85324
387.76764	387.885
358.48154	404.92905
366.676	374.68784
810.94666	393.41266
794.6742	390.59842
809.75287	381.8725
800.5543	394.81573
797.5885	379.96353
808.3773	387.8616
794.7965	397.75293
802.59235	382.5467
805.47534	398.1673
793.01135	384.96103
174.43994	299.9759
156.46832	305.1258
149.48882	283.513
165.05008	296.12225
145.54257	299.81537
158.00813	290.30182
156.91849	311.19608
138.77675	294.6842
162.809	291.97995
149.1505	308.44278
154.08606	286.35602
165.96725	307.32715
152.64883	296.03952
169.61494	287.69
153.67647	315.6375
145.25108	294.897
168.55182	301.23587
143.43192	306.45758
163.72495	279.86505
163.72641	315.48068
727.8725	60.019337
748.6454	54.258892
732.70447	74.20309
736.1838	44.172977
756.5717	66.97752
732.756	66.04932
736.9176	53.539833
748.89343	78.716644
738.4	64.89397
749.8816	60.568787
746.4385	67.64049
743.80725	46.84762
753.8	73.49568
720.6373	64.94333
755.6471	52.385735
734.0481	85.27047
732.1332	52.397125
758.9096	75.33781
723.3734	70.604004
750.93353	47.11782
742.71625	82.1463
721.4364	54.975487
760.21265	60.6018
728.56696	77.32808
454.00977	76.798645
448.48087	112.23894
439.12955	92.20273
464.07074	76.31259
447.51813	80.78032
437.79672	69.93079
453.6911	106.41106
425.69635	112.00276
454.03207	63.938557
467.46616	100.043755
441.5563	84.277534
461.1166	94.26271
448.5454	101.61151
447.06586	74.64602
454.1101	91.655975
436.09512	86.19469
458.16812	72.88405
453.33594	117.61796
435.14145	77.17521
471.90225	79.19006
449.21362	92.97585
441.3129	64.38147
465.83237	106.26842
427.14038	95.52436
464.5537	87.0577
434.806	115.12285
426.30557	80.464355
474.70288	89.53563
438.6328	103.721695
476.25018	379.48157
473.41986	396.58142
452.492	383.12878
477.6624	387.9102
456.64755	396.94037
460.49722	372.2083
483.81827	400.80865
460.7978	387.6772
483.75693	376.60284
466.67993	396.7397
466.66324	384.18073
470.93536	388.54272
454.67422	403.2598
466.60455	376.0938
477.3878	400.93652
450.93976	388.4549
482.41473	383.46933
463.4921	407.1178
454.99188	378.8172
484.04132	391.811
450.45303	394.40875
472.56552	371.95804
471.1501	404.99304
690.173	386.8285
698.7302	387.19287
693.8781	401.8236
694.4081	379.96524
707.81415	396.49567
682.1984	393.91098
704.293	380.71637
694.1308	391.97314
687.7565	378.7076
702.6156	392.2667
689.36487	397.2209
699.16455	376.11154
700.45636	401.0653
683.4918	386.32742
708.17444	387.49692
151.53282	398.57953
155.50705	390.0869
161.33665	396.79596
143.48396	396.29202
161.03578	387.74905
159.89703	403.7884
148.93399	390.85382
170.89897	391.79733
148.36946	404.82877
157.87012	381.48108
167.57236	406.24066
142.19333	389.53546
168.84584	385.61957
154.88371	407.43964
151.11945	381.0031
168.30176	398.84357
155.16551	550.44135
156.24341	534.9806
162.97345	556.535
148.43248	543.4782
161.34793	545.02966
149.51305	555.9452
155.7418	541.99194
166.43582	551.7157
147.70966	548.8563
164.76837	536.38525
156.99033	556.396
147.69312	537.0053
169.33784	544.0807
