735.77405	116.819176
735.9723	128.14769
724.4121	108.691444
746.8159	126.50852
737.9677	104.44774
747.0635	117.09325
716.84766	128.17099
728.529	120.51323
752.7661	120.50059
725.3284	134.14897
743.4344	109.90881
742.79846	132.56903
717.2915	111.4822
154.46799	541.6526
161.90762	540.1909
161.01476	524.38806
171.39275	541.80206
151.6385	526.2203
178.051	528.8019
167.00803	528.1969
155.74855	519.732
178.23087	535.18384
152.9159	536.4413
169.91887	514.42523
502.7264	387.2076
489.69073	369.447
484.97275	375.34604
511.0503	377.02588
509.46503	392.87286
520.576	384.20993
496.9664	390.26697
498.87802	363.45847
496.10977	399.71622
483.81528	364.8251
517.0583	377.81976
484.09454	394.09186
504.75397	357.59906
515.45496	389.4764
478.8973	383.8164
516.62213	369.3054
488.74185	397.00656
493.59125	358.57614
502.46118	364.9644
483.04645	387.1717
183.06628	364.93896
152.19357	387.29016
169.94427	349.62787
157.71046	377.65402
163.11371	386.9526
152.18875	353.19754
184.14168	377.26736
153.56085	369.5978
176.66966	355.34656
173.80582	386.35318
161.11	350.27158
181.10931	373.15253
146.53873	385.0888
149.08606	359.6093
184.04234	384.69885
144.92953	371.80252
166.22818	368.54926
149.93002	485.75763
159.2072	489.0152
177.51103	491.5678
159.97397	470.309
169.56119	467.123
171.36293	495.47226
149.33739	480.32065
169.97269	482.54086
161.15186	496.92035
172.4795	473.80875
165.91101	497.91168
163.56879	481.3838
708.0966	364.5073
699.2239	387.85428
704.175	371.49542
712.4038	373.8945
706.7728	392.44598
690.40546	366.82724
710.2472	391.3103
688.99524	379.1368
717.9493	375.28806
689.39856	386.8434
691.7278	372.52747
715.08344	386.11072
697.3339	375.92767
610.1143	360.89636
606.41394	387.96713
597.78406	369.1062
613.6187	377.77924
597.9941	382.52423
631.2001	374.42383
635.91833	379.359
600.52606	389.80774
627.7822	366.09982
624.047	372.06204
598.35754	375.6048
626.4329	388.32477
619.5698	398.00067
621.1417	362.78143
614.19543	393.71786
606.5819	366.11185
630.5358	387.05988
607.5059	396.04855
184.79453	288.82034
177.04868	276.94034
175.87657	284.00665
171.91077	320.56015
177.13243	296.82138
152.71616	277.62726
151.77286	286.2915
145.32239	289.24225
155.48505	284.69836
168.24129	315.23083
153.304	313.5063
188.05962	302.10086
183.85374	315.3393
166.93126	286.06088
179.27055	311.3013
145.33044	310.17816
164.44167	276.64536
153.01636	322.07507
138.67252	281.18814
180.91983	234.41953
161.12297	243.0375
144.7645	198.69566
175.7784	241.71289
146.74275	209.20798
185.59781	226.53838
171.72572	241.7808
147.07408	223.06506
181.99551	205.8621
141.73077	222.19836
176.96822	201.70613
167.78604	247.39421
162.24857	200.18759
189.18451	212.75156
149.63649	242.4418
151.16704	205.49312
188.10588	218.98471
142.4497	232.86655
175.44528	210.04268
168.1898	214.33206
418.9699	370.54343
447.87466	390.55206
418.1088	389.4343
427.22842	364.98273
459.01294	385.52557
416.65045	383.45712
451.58856	371.85553
438.01984	383.50848
431.7547	355.63562
454.20425	380.79434
421.9877	398.02164
434.62225	360.67538
447.95807	400.94968
416.80875	375.26477
441.67096	368.53012
435.73154	399.1517
454.73456	366.27606
453.48175	391.77765
428.44952	391.02618
460.55923	380.60452
440.5998	397.02527
444.78134	358.1454
469.14908	87.25379
425.69302	82.74908
434.4511	72.00017
471.87085	92.81919
420.04913	68.169525
481.90024	48.21276
416.107	75.51322
472.82388	28.008295
454.26886	49.67073
400.88553	83.925934
438.10342	96.34318
459.80313	127.29661
405.93738	71.67872
479.31754	108.03103
479.80185	100.85929
435.8094	35.975803
490.4854	97.85711
463.78595	99.58332
489.05478	80.571846
443.27744	121.29275
479.22504	39.680458
498.11005	85.61745
465.67154	118.182945
459.34653	39.130867
419.81177	115.51277
414.6849	53.610577
473.77945	49.64035
409.46146	92.304276
472.32477	55.55131
571.97974	391.97247
558.1151	364.00226
578.04254	375.0317
551.4424	399.01047
536.7189	377.38638
556.6928	381.6772
541.03284	390.67804
564.4604	370.2569
548.7728	390.14273
571.65076	370.83005
576.3238	380.4204
558.11536	394.91336
553.7635	359.81454
576.79456	391.58148
547.73584	385.6662
561.3951	358.70465
566.84705	399.7051
545.52814	366.39398
570.63153	363.36087
544.20447	360.8547
384.55563	355.49463
367.85388	393.54584
345.98193	380.3452
390.3116	390.90414
362.9957	404.19366
356.63956	354.5241
392.13605	380.24985
356.1199	387.26157
372.18167	377.67038
355.10492	401.34518
363.76086	387.04572
387.2317	358.842
380.54483	381.80927
362.4903	354.22263
391.78677	373.95566
348.70282	386.40457
359.86905	366.14163
347.95438	397.83432
338.95844	376.1658
382.75308	370.47913
343.65326	392.71417
365.5223	376.61136
373.43643	402.87408
350.52762	359.1385
381.3471	363.68463
183.36307	59.563454
166.60385	40.654
161.23877	47.139122
140.48785	32.28811
157.90808	32.75129
146.12814	38.628624
174.99977	50.499817
203.8224	53.551598
160.56503	79.44149
154.24133	27.465693
190.51274	62.027245
149.97223	23.882393
193.81674	41.63212
165.31857	84.19067
132.10764	46.0172
183.04527	71.25722
151.4237	70.58821
149.65237	15.112732
159.25676	64.342155
147.2767	18.526571
185.23253	28.803122
135.69342	50.394035
175.12311	26.343937
189.02919	56.041725
136.83435	43.140236
168.78867	560.2555
165.65433	575.3316
151.27	568.7131
170.44199	571.05524
157.79874	559.707
163.42618	567.8046
175.03119	561.651
159.11378	574.152
171.86998	583.80347
164.45578	584.4571
661.212	377.99652
670.8161	381.82086
667.4237	392.14368
663.31934	364.82648
658.1038	384.63986
654.57745	365.27783
671.03345	388.94495
644.3425	380.36218
658.3679	369.17285
677.7894	386.89636
648.555	375.15244
675.568	369.68002
658.3511	392.26343
671.63684	374.57486
752.9444	383.7078
737.08405	377.49994
746.7353	371.8163
737.79834	393.78876
726.67346	376.41254
755.0755	371.44995
741.6981	385.0951
734.7754	365.16763
746.88043	381.07993
730.5224	387.32434
738.8873	368.46674
736.2743	389.86014
780.0106	372.86407
784.81116	379.73657
769.91205	391.65173
771.1823	377.863
786.4179	371.7288
761.0919	374.76376
780.0842	366.30807
775.4787	388.60684
768.8571	369.2146
782.5318	385.6992
763.1969	379.83682
161.46443	417.84125
164.93813	448.78717
160.00328	435.96515
169.05411	431.6544
177.52058	445.41168
165.52065	413.98346
180.75423	434.4201
148.12314	431.11523
179.89417	422.00226
165.98363	437.8548
163.59676	428.84814
180.77165	426.27823
149.10306	439.49176
148.43631	426.45303
194.36238	147.72676
159.73433	156.00359
183.28758	126.29948
182.5218	164.70525
145.1644	121.69951
187.6936	129.15424
144.35995	151.24265
172.43378	145.97899
171.39566	148.22476
137.71927	128.08212
181.03534	151.32518
154.41608	165.17142
155.07408	122.73338
182.44643	156.97507
149.96199	126.98704
168.89381	114.856606
150.74577	156.95679
175.18372	123.25938
178.99348	139.29727
138.0043	140.6581
152.51616	112.711075
722.93884	73.26067
731.31384	21.45792
713.0672	64.96993
714.7943	56.843803
707.7792	39.69
754.82007	30.98939
733.5333	62.465343
738.61444	42.757545
718.5458	75.573494
745.7321	24.017094
754.4825	57.93583
734.318	55.13452
749.8979	38.98423
766.8041	45.090847
702.626	48.499626
712.85956	25.98446
738.8741	70.327896
730.8626	8.468487
758.5338	38.775284
732.04724	75.59926
753.9723	27.20954
739.83014	75.09483
716.3373	28.51651
754.19055	20.538776
