717.7517	17.287506
709.82495	53.972767
718.7875	23.422758
739.9995	38.589687
727.2764	53.298473
735.95337	59.99806
730.3385	65.78428
698.49475	31.10007
744.54407	23.814602
702.6041	41.232292
725.2849	63.903015
745.6118	31.73583
712.19556	26.770565
760.62933	40.46885
733.58234	71.48805
734.9705	21.389063
738.3707	65.469246
709.7656	40.946392
714.96686	33.967243
708.82983	59.96363
729.5919	15.5690365
751.9938	39.107735
719.15717	69.265335
740.2635	19.389605
750.8138	51.25935
698.502	39.709614
750.3616	33.658447
173.15865	193.7766
180.37224	183.66904
193.81006	193.85889
156.52457	202.42648
163.12906	188.52316
185.4834	214.92094
153.62682	185.36256
187.3722	197.52037
157.10405	210.06918
186.16708	187.08298
192.38535	217.16106
149.26797	212.36609
189.79924	207.96155
156.61021	215.93405
152.7681	193.27524
195.63316	212.00244
152.42279	220.65315
164.19075	180.09082
167.16074	228.90425
146.55505	221.11368
178.55998	193.85764
159.21498	224.21577
174.59659	182.13637
181.53938	227.35518
643.95483	381.01154
659.37915	366.0724
657.29596	372.72607
662.72626	353.81595
671.025	379.45505
638.0587	375.5241
652.0729	362.31696
666.64246	380.25693
642.0408	365.6449
673.4057	369.30386
647.3088	386.10007
656.5704	356.6253
666.53564	386.07455
641.80304	370.43292
671.3074	360.62204
659.4302	389.88712
638.4885	362.43878
667.4117	366.80914
655.80634	386.67053
645.1312	357.31512
783.759	382.75555
772.95325	373.00027
783.7669	365.9884
772.13434	380.0806
768.6979	362.8707
779.8521	377.42926
764.3622	374.6537
772.40564	358.46393
777.9026	383.98383
762.3747	364.6527
780.86804	358.9953
770.1094	384.90436
775.05536	363.64276
788.92236	372.74194
159.35977	475.7745
178.22173	451.30322
181.40347	484.42877
175.76024	463.9829
180.7904	474.1153
160.02832	455.2733
159.53299	448.7731
183.43208	477.65424
177.91728	447.10547
187.0007	467.37222
167.41994	479.85416
149.43454	458.59756
190.17728	475.4684
150.7536	466.29633
170.34897	455.6722
160.64845	482.6246
158.10019	464.56036
182.60794	455.618
431.13385	377.712
436.21646	354.1834
452.69238	364.0195
446.49518	369.2851
438.84027	357.58136
439.54865	386.0644
445.32968	356.5289
458.94977	373.08994
430.0888	370.52872
453.06656	352.13702
431.0083	384.9622
420.5502	367.42963
448.87823	374.4474
423.4936	389.24762
433.4223	364.00772
453.826	390.91205
420.37753	386.83072
458.893	359.83203
446.93872	392.9108
419.72894	359.3045
448.13013	355.07947
435.67343	392.99164
427.23087	349.3985
454.5467	384.04608
418.89398	372.6011
461.60464	366.53683
490.33316	386.2873
490.5472	349.26794
519.4255	379.27838
476.66684	368.98184
503.99008	352.86792
512.8543	376.5571
482.95117	364.09613
518.12573	370.31165
507.34708	383.18506
507.76825	365.95673
515.0983	359.90576
490.52286	357.29135
507.98203	355.5585
499.49088	394.12888
479.5329	361.0838
497.87152	372.2524
485.25897	383.9868
496.68073	360.09198
500.9918	387.30914
480.6192	378.28204
514.66614	355.43195
495.12582	391.12067
493.8295	353.08795
507.12558	391.9384
478.71014	385.06616
476.1828	49.63661
416.24884	83.352394
469.97894	78.811966
484.59528	63.179832
465.531	105.09856
473.3632	96.45863
484.93182	44.111473
417.75732	79.93881
462.8703	72.05799
468.11557	109.13762
445.2636	47.3534
444.4081	111.44208
413.92554	52.6243
460.99918	31.779179
444.75507	95.27409
426.4593	107.73651
490.88754	70.344795
421.48358	69.407585
411.3565	48.886925
489.39087	74.826996
408.53943	83.69441
457.55817	42.697353
416.18246	95.02501
445.77875	34.98871
461.2209	98.06377
428.57153	100.41768
436.5717	30.589422
484.6732	88.6078
435.8431	33.497814
450.5681	35.288696
388.9833	369.8509
373.67136	381.54303
393.1835	360.0694
364.8585	376.4179
375.04523	349.00623
387.13828	374.32513
378.70764	372.4005
380.36563	347.12918
378.85422	388.47922
376.69806	356.3247
392.70282	384.62616
352.18063	365.3426
388.83868	355.1088
375.44873	396.00482
357.24606	351.81674
397.006	371.35873
362.21448	388.29382
365.49362	356.57025
390.4965	396.5239
368.22546	365.86227
398.8094	360.90506
360.79865	394.18326
368.1971	348.71182
383.22028	393.47656
349.5401	374.16827
394.49835	350.19534
366.82178	389.2
353.14774	360.01978
397.04315	379.0403
352.27237	384.15152
572.1743	362.24008
563.15094	388.74478
545.87537	383.03558
563.0939	355.97855
546.4042	389.50385
541.9572	358.64108
573.7023	373.22186
556.3522	384.0976
565.3071	366.63477
553.2236	392.03546
533.0531	367.5911
573.9842	367.01898
547.1025	362.38452
549.8268	356.8921
569.19714	381.85687
537.8344	374.97034
552.22626	351.89224
562.26306	380.9255
557.6874	373.2293
567.83765	354.93622
535.4886	384.9333
543.3341	351.54056
562.22174	395.08887
536.1799	361.28195
192.03055	31.678228
152.8643	43.97689
155.40967	27.835083
188.5226	54.938606
173.25081	69.86277
181.09013	19.230223
163.88077	48.35668
161.02658	18.940931
170.6709	32.8664
181.84984	25.793365
147.39394	32.60522
188.46709	65.98621
168.66768	69.724945
194.62527	55.43575
179.16002	62.716045
171.68062	21.479704
196.54597	60.317726
144.78464	50.009956
148.19862	21.491743
162.89928	78.70506
159.5675	67.19079
189.802	40.44091
171.3805	61.528206
173.36368	16.639252
199.76883	35.983658
149.43192	63.26535
194.30032	25.953867
155.28658	71.49469
141.68263	41.007305
710.1574	380.06912
700.1149	374.3793
692.7364	355.55447
715.39246	378.81836
696.6123	361.781
713.2831	368.73578
687.97186	378.08527
684.211	361.98782
718.1097	372.55615
687.6786	385.1142
700.74335	356.91403
699.76013	385.5263
682.56964	367.76135
708.4664	357.5932
695.9008	387.8853
701.0917	368.73065
705.49817	386.90558
689.7645	369.765
719.0055	366.9913
744.42706	383.7032
732.9832	377.10043
743.23694	368.45505
740.7301	377.8587
735.62024	356.31693
749.40314	379.75238
728.8229	366.36057
752.1127	370.9633
733.9123	387.3304
745.13605	362.15533
756.6795	375.35596
724.8788	373.2326
744.7955	355.8403
739.4833	386.3781
733.3004	362.0658
754.85	361.8736
157.56831	414.3705
182.42125	395.68497
182.38947	417.86758
149.9231	410.99054
172.82445	407.6328
165.2482	398.5892
157.83438	390.58734
189.22792	405.02032
160.87521	426.92456
165.48471	391.62143
170.09702	397.4035
154.88542	403.234
184.09206	414.56567
182.5594	422.51044
179.66452	390.2187
189.0101	421.01138
158.05269	423.01236
185.27702	388.0475
182.53275	428.3834
148.97226	400.27164
169.9524	508.07733
160.606	525.8556
162.27715	506.25375
178.24356	531.2484
177.56406	501.1225
185.20143	509.04092
173.48778	533.7516
168.19199	501.14633
180.97891	524.3203
155.98244	523.4867
177.62137	505.417
172.96576	524.9923
152.92545	518.23694
185.85234	518.7012
160.24524	512.38556
602.58234	382.30133
597.72046	372.81537
591.6161	374.66254
604.20294	362.33875
610.53577	380.9853
594.8458	356.81918
624.652	371.13995
587.33136	378.13544
615.46436	352.47638
618.8856	384.73453
588.49225	363.2368
616.97375	364.0368
610.9675	391.47705
601.598	347.94525
618.681	377.8776
598.4484	360.6919
625.74506	359.9769
618.6883	389.2178
606.3914	369.74542
624.44275	366.74463
603.18176	390.37436
621.0222	356.801
172.20103	363.054
156.88866	327.19662
181.19205	360.97717
152.09796	360.45248
167.3981	325.24557
180.26056	354.2231
191.94943	350.58014
184.6798	334.9311
179.03145	371.29535
153.66327	347.34122
192.66873	333.86627
152.76875	332.6441
149.43141	342.24747
189.55396	346.34845
154.20877	353.04514
176.98964	325.35492
164.45012	362.08023
178.1183	347.8281
170.76814	343.6115
167.60416	367.35455
173.1146	323.49664
737.3944	128.21692
712.04034	98.513466
746.312	114.753006
731.5429	138.09534
711.4738	130.06207
744.40027	127.84867
709.07935	118.72798
733.14	97.25538
744.3395	133.65457
731.1994	92.93975
749.8259	104.97768
713.16003	134.19533
721.7766	92.57005
723.3954	99.859024
708.6606	109.60911
740.51776	102.22094
728.0033	131.60823
717.0094	102.38407
729.94495	119.925026
712.9225	123.09657
716.7856	111.733116
190.79648	133.41559
142.15175	119.82749
190.85922	118.230286
147.59564	121.00322
176.13963	108.85697
191.89996	145.27855
173.25632	147.94849
179.9244	103.206894
158.2942	130.99579
177.40431	144.04839
166.36292	138.32776
150.20926	144.42963
165.73392	111.23275
170.68933	155.59055
152.31877	114.99967
159.77005	144.5217
185.16481	145.67905
154.4196	107.17307
188.7602	139.82877
161.66563	151.23802
179.89377	110.805466
179.87291	153.52328
171.38028	103.576515
188.79732	110.20953
166.43117	152.72296
150.93555	131.65482
188.04575	267.54974
153.27121	281.19064
182.35678	265.9636
162.42566	282.745
157.78601	251.62534
194.03438	274.97784
182.0374	278.2752
188.6791	279.3891
172.95673	302.4427
147.93976	283.31876
188.46594	258.3712
167.16176	295.30206
166.27588	256.55035
173.45026	277.5255
155.1799	263.84735
171.4192	252.39339
180.53372	299.24942
150.28577	270.21484
186.19453	292.78613
153.84366	295.40216
165.87611	270.9442
191.11087	285.1718
149.08502	293.58978
184.42989	556.01404
176.63374	568.214
159.97035	550.6571
182.61024	564.4043
169.42558	574.2029
167.198	547.1811
173.39685	572.23193
156.17746	556.22375
176.75645	553.08093
157.25723	566.6934
160.49301	562.0703
174.32553	545.9801
179.76726	559.5907
