175.8539	557.9317
159.21388	569.2394
168.415	560.2426
170.40178	574.2253
161.04018	561.2132
177.39482	553.2894
165.50252	570.8522
168.53514	549.1896
178.8524	566.99304
155.30898	564.6081
726.082	103.001015
742.45856	107.3716
729.7691	119.54826
726.9599	110.43254
715.8363	134.76865
718.77893	103.96763
739.9889	128.76291
722.0781	130.94955
743.3932	120.63643
738.6703	135.60165
712.1791	114.0162
747.65924	129.12027
725.1381	123.16582
735.4147	103.555176
723.7443	137.73706
718.5862	110.58457
746.9866	124.68761
161.42819	58.62976
172.19144	60.887867
177.23874	68.48043
162.47102	42.10246
186.77682	53.165783
194.39807	38.15995
161.98898	37.87538
173.85385	24.867933
145.2819	43.201084
181.05417	21.297554
169.51878	74.8068
142.63397	60.097614
174.17386	14.168501
185.64302	69.56533
164.10037	19.712246
186.41837	45.519817
135.19577	58.447193
168.87881	17.81452
182.86961	76.56294
161.42558	31.323925
192.29877	61.674976
165.14844	67.07841
148.12787	30.065405
203.31485	48.749596
137.3162	49.106857
196.94243	31.013184
158.42352	74.02038
142.07706	23.938725
156.88638	524.54266
158.31873	535.52826
171.90755	518.71497
172.96533	539.12714
166.34128	512.1942
182.07657	518.69006
163.25162	540.1635
158.77191	518.3731
177.87396	521.0783
167.01004	528.47205
171.41147	512.9083
178.79985	533.6095
705.5973	364.68423
721.1648	372.33746
710.8129	387.0512
720.24744	365.30667
718.90094	379.14508
700.01843	369.38736
728.06915	367.22244
706.9984	381.64203
709.57684	360.03195
723.71405	383.3105
698.2191	377.65533
715.6432	359.33466
719.48676	386.54608
703.7361	379.6376
727.05505	377.37592
622.6544	386.89764
622.12537	354.12463
628.5422	374.3353
614.94495	382.71494
643.6278	371.789
636.6546	395.37228
636.1139	354.2526
638.1088	372.9
634.40076	360.1781
617.6996	362.5323
646.20917	383.29266
618.9309	374.0079
645.8531	366.02338
626.4689	392.67633
611.3434	362.13116
641.0327	378.72723
608.14056	378.23984
644.6896	360.77777
629.37085	385.211
609.54974	372.71777
647.7648	373.29865
618.49615	390.05087
680.6338	362.0908
672.48566	374.30682
662.3676	371.18555
685.7027	362.89532
687.0032	381.1589
672.787	362.09998
688.57776	374.58392
682.22217	382.65823
675.81995	369.82465
678.6933	388.80536
663.3739	377.65292
690.09595	368.06345
669.6413	388.05832
672.2855	357.13483
675.1216	379.30746
659.8177	380.56174
166.85727	281.29764
172.89798	293.03363
158.97795	281.01096
173.8663	320.30127
152.20132	315.85806
190.68832	295.15744
159.28236	312.7514
180.00874	304.12747
200.07034	300.02228
155.82301	326.76678
173.2557	277.11133
185.03357	312.03946
146.83412	310.2345
150.85811	282.4218
190.46767	302.66095
152.17326	303.14594
187.38684	286.67096
191.57773	308.80695
157.01614	294.03452
182.26003	318.67966
143.15527	303.79388
182.1738	282.78546
161.41193	322.93524
150.29005	427.52872
185.60266	433.6875
155.04219	427.63828
184.58939	419.39145
180.42024	442.55084
168.68452	423.86465
156.14888	443.03656
171.37456	449.87662
165.87668	415.6977
178.04547	422.5607
157.44974	436.50546
173.95828	415.91245
164.95969	434.55536
156.87683	414.63242
186.9441	427.39258
162.70146	450.70355
436.78647	350.9939
457.62067	375.37885
449.70142	387.90988
455.1762	363.23566
460.27222	387.08966
422.27676	380.39706
430.48602	367.8128
422.16656	390.76007
449.10904	377.58725
429.03238	381.58475
425.4287	367.58026
461.69244	357.33688
434.7413	392.47263
456.75464	356.3908
465.47763	384.09146
420.96426	373.05682
445.28937	354.82977
446.7526	393.53915
433.6104	361.09872
460.8749	381.25803
427.0727	390.1832
425.69623	362.4796
456.7846	391.00192
420.58893	362.3991
463.68866	363.94345
439.26425	396.44077
424.5957	355.5201
158.97655	236.21748
192.26521	218.91495
182.98192	209.01599
176.90672	235.94128
143.78777	224.01424
186.99649	219.86421
148.73093	241.85168
168.93716	196.1052
193.59975	229.03032
146.30106	230.46265
172.1441	201.69295
159.49818	246.40552
152.12317	208.26123
176.68117	199.64496
149.67543	221.86824
189.9267	207.30334
185.9426	238.75862
146.60489	215.59018
198.03674	217.04158
143.18867	210.73447
158.90225	197.95619
178.64938	247.62056
145.70004	234.45142
179.50696	195.75444
182.63718	241.93742
707.1539	30.266727
755.03766	49.29682
729.71454	62.262085
722.3084	32.599903
714.9988	67.57778
745.268	56.22586
750.45575	26.712399
743.36255	65.90445
745.21216	36.894936
754.5343	38.116356
706.5758	61.683678
731.22986	16.762028
726.8121	75.11569
723.9215	49.64013
723.4623	24.83116
723.40515	69.10277
721.49194	16.687513
747.15173	69.4489
697.46094	48.746056
711.67535	36.08953
737.8111	34.36479
713.4922	19.256418
754.9018	61.94052
701.34656	53.087776
761.3409	38.14971
741.4365	74.48312
711.1775	59.165028
750.04193	35.749485
146.97304	148.48338
169.66492	105.87178
198.22462	144.19113
140.88602	132.46176
178.51846	112.39105
166.2409	149.78989
142.14912	122.67561
178.88002	128.52135
164.9664	157.63806
144.94382	135.16942
174.31068	131.08804
148.21904	155.32193
199.63535	125.6155
162.35718	114.31045
161.29851	107.44519
191.93503	132.60333
153.75241	147.38074
147.332	117.98114
186.46255	145.01566
156.96886	128.00174
189.30069	113.03764
169.14554	164.20363
183.24318	121.19655
188.37924	153.41696
140.1044	144.8799
193.18979	124.64431
177.35762	166.14206
151.60408	475.4917
180.04677	491.7934
166.35107	491.59076
166.96585	478.1295
172.28947	474.37915
153.1153	490.01385
183.04358	468.25107
168.97015	500.0774
173.96945	466.16104
183.83022	479.8291
151.1534	482.60898
179.99461	473.17734
175.61972	496.08032
162.17995	466.87518
157.60556	488.3858
752.04193	381.69495
745.8748	372.4406
761.44635	377.5395
738.9131	367.1197
751.93066	371.26822
741.6668	383.47223
742.8868	361.91162
756.7595	375.49854
734.238	374.14374
750.3844	363.1145
748.5404	386.17624
738.806	379.9677
755.39246	362.5291
558.18146	389.21735
580.7509	352.42154
578.1326	375.30295
548.7942	366.1784
580.6545	359.62747
565.0133	387.69864
555.6719	357.48465
573.48987	360.30838
550.54456	382.42145
567.93335	371.3908
581.102	390.2304
556.3964	365.90973
587.6571	356.09048
581.34705	395.1752
565.7816	350.0025
589.6528	374.17575
557.11774	372.5958
562.5445	358.25034
585.696	383.35297
548.9209	378.04742
587.60266	366.04434
566.3255	394.2842
593.5331	372.71872
591.2638	380.60196
555.7551	380.62708
176.33928	360.9335
177.31409	389.04138
147.96013	381.1629
188.84921	361.59027
161.71637	374.2146
190.52258	377.5864
179.24236	393.20578
187.42111	368.85324
172.80692	349.12494
151.0409	374.82373
152.20381	360.57922
167.23357	383.4742
144.01073	366.0428
160.6317	350.92908
168.80107	392.24164
156.77426	371.6587
182.1269	357.92416
154.96776	388.43903
181.88931	371.56317
185.37917	379.35657
484.3641	366.00378
493.7724	354.67258
514.88385	382.37393
489.33905	365.39462
524.3585	373.82672
493.88184	396.47208
518.5711	354.35535
510.12524	396.69638
498.7365	386.6575
505.74878	375.72186
491.30463	392.1883
495.07074	362.8709
528.3393	381.10803
489.3561	384.9662
517.509	360.90125
513.0516	366.4962
487.22852	379.1834
532.8464	375.74957
501.83936	391.6326
511.8331	354.63596
522.20026	389.27484
507.4118	354.47513
531.50543	366.82504
506.72998	395.21594
499.1922	355.964
505.20776	361.55606
402.26044	78.69094
477.32056	68.56876
455.10352	118.93142
433.09015	101.70558
470.25385	39.71064
420.5161	102.017296
437.445	50.551327
487.74298	77.05745
411.19424	84.84065
465.06757	46.209255
444.42474	79.66189
457.8484	45.611027
449.67905	113.080055
418.56525	113.12136
436.37442	35.67474
487.2005	99.96031
424.49423	85.50125
494.3379	67.39403
482.42938	86.54451
452.9872	37.152576
463.74347	31.969646
405.81665	83.84112
459.94205	106.287476
439.11847	112.24921
427.77985	33.241516
475.4423	41.526054
425.00848	98.46545
419.95157	47.615505
469.55103	112.60527
479.9173	73.044876
385.10162	370.10468
380.7265	396.11487
371.68842	358.09097
377.692	402.74835
356.97528	387.50348
385.85516	348.94733
375.71033	389.71124
355.25372	357.79758
359.19293	374.69476
382.28058	375.56766
371.23816	351.57343
395.07123	384.2171
362.05865	356.2512
376.51263	380.70987
391.10486	390.15613
351.6975	370.589
389.78592	369.47134
367.3359	401.09998
390.22858	361.1504
396.41245	368.04678
346.199	377.95435
393.7535	352.71375
367.60635	391.522
349.27997	362.32684
402.7211	368.2099
352.6157	381.99527
385.6217	353.18988
371.5805	396.37814
346.461	367.0197
791.1017	372.78394
777.1028	382.84653
774.2137	364.62003
789.9817	379.34833
776.72943	371.95306
779.44226	361.9337
779.43304	376.91275
769.4259	376.39935
785.52704	375.4898
767.21576	368.64337
787.5253	366.07843
775.00946	387.6218
