455.96826	375.79236
482.6975	369.66827
458.2229	350.695
475.19873	366.31287
473.3102	382.8488
479.85712	378.05228
454.1828	389.4682
479.38275	353.13757
488.39127	381.76675
466.24716	365.50104
456.226	359.6081
464.91913	388.73404
446.4603	355.94955
466.30917	361.91553
455.93237	383.8072
463.3504	341.6946
481.46185	384.12354
445.05548	369.86438
482.9777	356.00653
469.02896	393.2718
455.89746	365.7045
491.66705	359.76096
448.11166	380.28912
472.73163	347.35208
477.77448	387.8614
444.16714	362.36334
482.13013	363.00726
186.89023	580.7318
187.65071	567.28625
198.07199	572.4259
178.65878	580.4288
186.70166	560.8268
194.67932	581.7289
170.98941	568.8177
192.62396	572.04956
169.56967	580.622
175.20059	562.8945
178.22205	590.62256
177.58926	556.8491
192.74272	557.5558
177.91768	585.2092
463.404	62.46879
513.87573	79.977715
456.87778	95.817
481.45538	32.06517
475.9605	42.14983
448.12964	73.539734
512.3375	57.60531
438.60025	79.75614
444.84537	66.39743
497.5175	97.83601
443.44305	52.921345
506.1522	36.845818
465.5503	99.62279
457.8247	41.83124
471.61484	58.16682
479.96265	96.911964
487.7188	32.560543
490.66806	102.805176
451.653	98.29549
501.43158	39.487556
480.44757	108.12189
496.99203	34.110268
513.19653	90.360855
431.8824	79.49728
517.7078	55.754864
496.51837	108.56484
447.48892	93.20069
503.24225	100.08026
440.5795	88.702705
466.2892	51.72863
181.91621	493.7265
166.23553	493.99683
186.2316	464.27692
181.97964	499.7094
177.69193	470.2591
198.45914	480.42603
165.99246	466.45963
198.51086	466.18433
187.74216	499.0795
169.5191	469.12848
202.72818	473.18765
181.46262	487.61603
170.34071	460.8719
207.74777	482.2538
183.04398	478.68597
195.21953	475.6425
174.82025	499.17154
165.96683	484.05777
200.05801	485.28052
171.91441	489.22015
185.50858	457.90887
194.1295	540.8331
174.8591	545.0097
188.20963	537.4379
187.04599	546.1796
179.73695	523.05615
196.53148	528.22424
168.76854	535.0162
184.30606	515.95056
175.07204	535.98883
172.97388	520.67035
192.15004	519.8905
181.7697	544.459
173.1807	516.5653
199.18393	535.1406
169.791	526.7205
193.49939	256.99155
165.59767	293.34363
169.37982	253.88367
183.06137	287.2029
176.38535	273.0672
191.02353	249.03252
168.79726	280.19818
182.26807	245.96228
199.88213	252.50546
201.6733	259.09512
180.50754	281.39752
204.30698	282.3254
164.93417	272.826
174.28163	253.4198
174.88959	293.5726
162.48967	261.0229
206.56612	273.16122
191.31607	290.84714
183.39473	260.1316
207.83914	265.51984
158.98695	292.90628
198.96864	271.64093
195.9874	296.54352
153.15053	271.5621
204.32675	291.3216
165.37395	287.1375
189.7966	30.465816
198.88907	48.98801
164.74747	28.81164
172.18788	31.769104
184.85999	51.786644
213.1668	45.88557
203.68503	34.15571
174.27396	50.09527
202.66081	20.90533
160.52945	58.52114
175.57716	43.107826
189.6147	18.864014
171.59372	62.15031
178.15335	13.041417
186.90215	34.843494
153.51752	27.152058
200.50674	27.316647
200.88405	56.93158
155.44395	33.567284
207.75027	45.758614
181.32704	65.30996
194.33537	11.403852
192.14603	65.51362
180.83582	21.425594
208.31306	53.47188
155.97876	42.37441
160.94289	23.203875
184.3017	69.23675
186.86862	102.96493
182.80371	135.54494
171.12465	136.0792
161.63147	106.84269
196.22308	127.55886
189.57877	142.87628
195.00348	105.22583
177.52124	141.66336
168.01805	97.67977
209.21252	123.50979
168.36404	128.12808
171.37741	103.36306
202.96303	118.9515
159.62848	127.0693
190.56415	98.562355
197.26566	143.44388
181.81543	94.168015
204.5037	138.72702
165.78497	141.80478
153.36365	112.50165
203.0076	127.2325
164.64708	113.181114
197.0002	97.171646
181.54475	147.36322
192.06535	90.90472
202.43382	110.69071
162.56606	118.70579
853.429	360.20584
835.2751	379.23254
830.21594	367.2274
851.2624	370.46637
844.27765	381.48334
847.38544	355.56
855.944	372.80118
833.527	371.26657
858.116	367.18903
840.1831	369.80423
839.0081	357.86102
862.5283	369.72076
830.3289	378.3532
846.4333	359.81592
849.76404	382.51883
519.075	376.96286
530.454	376.35114
544.7561	376.23346
534.593	348.39664
533.1747	360.3263
536.9926	382.82333
541.915	352.45898
540.9203	366.9966
525.49744	354.98447
549.0254	373.54135
508.173	384.52533
508.70624	352.2763
539.49207	387.84055
508.10376	368.00314
550.3253	362.63055
527.50244	387.81943
516.12885	352.7227
551.8081	366.22333
506.89282	375.24695
520.1249	353.77216
532.3709	396.96393
511.194	358.13052
541.97095	360.84738
524.6928	393.12207
524.851	347.20367
544.3898	384.81015
513.64105	378.36606
407.49796	351.12372
406.21088	385.52673
377.14673	374.2182
425.27573	375.0024
393.07663	388.38388
401.422	363.65375
431.8925	378.96722
388.73947	359.534
409.2353	372.7887
403.91547	372.01712
378.35684	369.23276
402.0446	395.91348
381.5951	379.2623
406.84604	344.43558
417.25375	389.8676
390.2069	350.63873
427.21393	361.07867
384.52643	384.49884
397.60126	344.1419
411.5672	378.50323
389.66235	377.18277
417.43317	361.40692
396.19537	394.3154
384.0296	349.62793
423.9192	367.467
378.599	384.54398
396.5666	351.66745
417.06558	379.72665
379.5508	358.27948
413.45932	351.07825
167.74437	214.96878
185.25111	192.95474
200.0911	196.21416
200.17714	183.57968
189.08765	172.75937
193.60086	215.03506
186.17758	223.72665
204.5926	211.48645
175.75037	221.22754
161.90372	185.57907
200.30139	202.12514
159.46298	193.379
198.52365	171.581
159.38608	207.81503
161.68686	180.44095
196.81778	210.3398
164.27495	201.84091
171.28758	177.12267
203.56418	192.93034
168.28238	187.89789
185.26358	179.54794
187.74634	217.73624
196.4744	179.5749
191.5792	222.99985
156.30411	200.45749
207.3334	190.84213
182.65031	215.66145
662.8569	371.24692
658.3035	364.87338
653.2448	379.32013
644.7517	379.47015
677.539	356.21094
629.50055	359.69733
670.4145	361.09122
661.7049	382.4371
646.0294	368.33463
668.08057	365.35626
629.3353	364.87225
664.56805	351.24945
636.4827	381.72968
639.1462	356.3891
674.4272	368.11224
646.0028	388.58878
648.33276	346.57816
651.95123	393.4133
640.53143	373.11676
654.7502	353.9446
660.8297	390.61172
645.4395	349.38092
671.607	382.6296
628.4917	373.37564
642.08704	361.04797
654.19543	389.95477
173.35516	431.8562
179.75818	412.2116
190.63828	435.33838
189.3083	403.43527
189.0481	422.41992
168.46399	430.5316
195.28763	400.52286
177.55748	433.5871
159.10448	427.71786
201.85063	406.79874
175.28026	439.42398
178.88115	401.76456
201.56056	424.18774
167.82295	409.13754
202.863	420.75912
184.68945	428.87103
179.61844	395.79727
207.68672	425.9371
165.24435	417.02182
188.7164	397.01907
199.26343	434.97974
169.78622	402.17767
782.75635	14.831701
764.829	54.544556
775.2869	18.164036
788.53925	66.14992
750.9198	47.431473
791.41547	28.852108
797.4603	35.86034
787.0871	23.175577
777.2263	43.1724
768.57214	62.135487
761.725	28.837856
784.93854	56.95771
755.72864	31.046055
792.48816	67.064316
751.61536	57.36421
760.74915	17.864819
793.57654	56.836845
759.7532	59.046295
778.5149	31.577484
775.86383	68.03935
749.99744	28.003916
795.06177	23.038576
766.8274	37.613842
769.25867	16.001423
758.89825	45.932163
767.2367	12.159362
793.7005	17.83714
781.7957	61.91621
759.35626	356.03464
779.8155	376.92142
754.0896	386.65244
770.74664	354.2314
761.6003	390.1817
753.8911	365.55634
765.0663	370.09396
745.4761	376.80057
772.04987	360.4535
778.43256	381.1948
751.4872	374.56125
776.818	357.30582
770.4449	384.5285
748.5284	369.84283
781.64667	365.4505
775.3559	371.05008
764.0117	353.97632
775.67993	387.30127
749.037	358.69714
782.1632	358.47964
759.51196	382.0549
760.4009	349.2021
777.53424	98.98807
764.58734	91.91388
777.5288	92.58521
763.7698	99.2602
771.65546	95.7343
783.6328	88.75145
774.14325	105.93984
775.96246	84.99341
782.88184	103.14773
769.2372	86.02842
817.08923	366.65805
806.74646	378.3205
805.69226	359.75778
819.8856	374.35944
807.5815	370.5826
820.682	362.141
823.2467	382.024
796.7113	361.70007
814.9643	354.53912
806.6852	383.9432
804.1674	354.88794
794.96985	378.31348
799.79254	373.9326
810.82904	366.46002
814.55817	380.86157
795.0167	369.3499
724.37775	358.58636
724.48706	376.836
704.1436	357.2381
706.25525	368.058
699.56525	352.6089
721.27234	368.72427
700.08044	388.9389
707.4229	349.42865
734.56213	365.9408
706.1743	383.9934
724.0834	351.13928
713.0346	380.99292
693.741	359.9594
694.92053	372.26266
696.5753	383.0772
714.5452	349.92184
730.826	376.17065
689.56506	377.67123
709.88464	354.81036
720.83875	382.8995
690.58044	367.02155
728.37476	367.3708
692.8491	379.96146
719.132	350.30847
720.83	390.01993
156.88524	348.37985
202.62216	352.05206
174.55388	361.54236
179.45416	339.3297
191.67436	376.51117
160.49338	353.9113
176.03926	332.67767
183.80609	363.20413
184.77374	323.23975
208.78491	358.33368
172.48843	343.31415
194.53426	325.6884
200.01054	361.0889
162.51196	335.37366
195.04721	331.82922
176.64378	368.2895
158.03986	341.55035
191.67502	347.27405
172.31827	369.5768
165.8328	358.52734
194.03252	368.4289
178.30692	313.59967
203.1281	333.09436
184.47389	373.61896
170.06232	325.86884
207.14157	370.37646
573.3084	385.88818
605.2668	358.76743
603.1641	362.9927
596.1479	386.9959
616.391	379.63025
579.4568	355.51
585.691	354.7729
583.4057	385.76102
573.92944	360.86423
603.96204	373.4942
592.44354	375.19818
599.9254	349.05753
579.4934	379.64297
568.61255	363.5817
583.56335	349.1711
602.0264	391.01373
574.1959	354.07248
590.0247	357.4859
586.353	389.94037
598.74884	354.19855
605.1397	380.37286
570.6229	375.41574
610.7641	355.0179
574.6825	379.378
605.9399	343.8684
610.8254	376.78104
586.0048	395.27106
