163.04152	375.4689
152.5679	398.09454
167.78886	386.25812
178.40292	371.31305
172.62624	392.64175
184.70297	368.58008
153.09082	380.914
162.30124	362.47443
188.78004	372.2403
156.1159	359.16718
173.76913	356.84796
189.34732	377.7161
151.55731	367.4313
183.51297	384.5952
177.38004	388.87595
165.70975	354.98126
159.3883	390.49545
163.00124	22.350306
171.59274	32.2826
177.80942	70.1131
152.43369	74.24538
194.0032	51.550556
162.05675	56.381733
190.49931	43.098034
183.18692	65.535934
157.8516	20.369041
180.07378	17.766182
156.12085	64.65251
191.61288	35.34382
198.92038	48.88238
151.19388	63.658344
147.19792	36.998833
180.1391	76.0898
143.92976	44.274845
195.23051	45.37877
144.99391	55.689278
184.14987	28.83382
165.08435	61.314934
135.53564	42.39509
195.55673	34.229786
189.60757	66.16935
143.23497	31.695583
199.39476	39.322727
139.66063	50.659843
745.4752	367.4339
759.0043	382.01257
751.1918	373.72174
762.2695	376.1767
737.7489	374.7455
743.6411	362.383
752.04877	380.05078
743.07214	377.0347
759.0112	361.96237
739.0157	381.67902
739.4832	370.19357
755.88086	369.30356
157.678	438.3715
159.99258	418.66156
182.28215	445.79208
152.68257	434.47842
166.06146	417.74432
171.43103	434.73126
179.33078	421.66318
186.69092	434.03867
153.88284	425.27945
176.7585	414.80243
178.65257	441.4001
153.25986	419.75253
184.49936	429.018
157.17366	449.20685
168.49002	411.507
186.24161	440.49252
771.2167	379.41547
784.46454	362.38898
780.1381	380.3392
774.81384	369.7906
786.49225	379.78473
774.27246	383.35803
780.46466	365.01593
779.9093	373.71426
768.29376	367.05032
786.51306	371.77136
666.4569	383.73666
660.7801	367.21548
687.8104	377.27216
673.8468	383.19357
685.92395	361.6889
680.209	383.0965
657.42413	377.18604
677.001	373.1801
659.5975	381.95367
681.2539	358.94843
685.31104	385.781
667.69763	355.30344
673.54706	368.75272
666.84045	389.26642
671.38324	358.33243
687.47986	367.7786
664.25604	376.67502
446.64648	97.773506
488.73453	80.47138
405.01144	84.02425
458.82944	62.552563
440.84195	72.48697
484.06308	59.77962
413.425	80.54532
435.5893	111.083755
448.04156	32.980503
410.72934	103.68794
430.54517	52.248035
463.57086	100.36476
462.54492	52.40862
493.49667	70.0255
465.78986	108.69846
422.06796	54.564995
475.87396	58.376244
448.41943	109.83113
459.92438	38.664333
472.54428	100.72313
413.82568	48.601196
417.21832	41.15435
419.2403	105.76549
441.0634	36.68099
461.26984	21.225868
409.02582	89.64885
434.58267	33.945107
490.14517	91.48355
565.66833	385.45963
584.814	364.52423
587.37396	389.04828
573.3197	382.1514
582.34265	376.82376
555.53186	371.4856
592.3263	359.12787
567.7501	364.05292
556.44836	359.87946
583.98206	358.4281
563.5584	391.43793
560.62714	358.10672
585.3994	382.62408
558.4943	376.1872
577.86224	355.11423
580.89197	390.26465
564.8585	369.20013
592.57184	379.21893
558.1833	382.70154
569.3302	353.8947
591.8723	387.42166
551.91736	383.96564
430.85352	354.033
445.84125	383.77524
448.06357	351.87402
450.969	390.87494
426.72803	382.63116
447.53384	346.37506
467.60434	382.8764
426.9917	373.8688
467.62485	371.81732
442.94476	389.71875
441.15045	369.9947
449.97607	368.091
427.09668	358.6045
472.03802	368.8204
462.46246	388.99094
431.48007	361.96475
462.66602	376.57098
432.14658	392.1506
452.58276	355.91055
435.12726	394.7376
419.53198	377.2246
458.90405	361.933
420.3178	384.9779
440.6879	350.7142
462.21094	395.0345
419.96548	365.45667
141.38925	137.11238
154.29224	144.08328
183.98856	132.54697
190.11363	133.22762
171.40854	133.4841
179.94318	109.81217
173.87442	158.27419
146.48715	140.21494
171.50093	141.59622
177.21947	164.60435
176.36394	112.736465
186.85054	119.027
147.88203	153.75986
162.67894	102.23735
181.9458	164.08354
138.40126	142.7837
191.74754	144.50609
169.81027	170.91283
157.35916	115.52814
199.83434	136.8213
154.44632	121.658264
189.70822	127.278854
158.82901	160.80244
145.62393	125.672325
194.14293	151.25737
146.20085	145.69888
381.66113	384.54614
355.84674	396.6067
378.45288	380.53537
385.60016	372.05533
354.19424	376.99216
364.779	368.3289
400.04227	369.09628
346.01535	362.4427
364.74225	357.54395
392.0814	390.7964
368.18646	348.53146
390.16113	384.57184
372.02954	396.5218
388.44934	377.32352
399.5069	381.59467
363.91364	395.89658
379.3858	351.10513
365.7527	381.4095
354.1148	358.33795
390.84674	361.2704
349.79382	370.51846
392.95663	354.73138
385.50058	396.70227
355.85846	367.45056
383.6905	350.80365
373.62103	385.962
374.7103	348.84558
376.2026	396.43936
732.3414	25.713459
742.1873	67.704384
757.6086	39.842285
701.31805	51.937782
717.47186	60.403603
713.33185	69.66071
746.8568	37.294792
750.4901	71.72767
697.36475	33.74526
746.3141	15.272336
728.7448	47.204945
739.09375	24.672707
737.08374	46.85232
736.07214	73.32607
731.737	19.440807
748.7947	57.5046
729.25684	37.80009
756.2631	56.086414
722.91315	69.66614
746.646	43.221138
764.1279	39.004143
703.9391	40.233784
748.3176	24.359526
706.31165	67.45154
720.7739	20.004742
753.56476	60.47245
706.3608	53.140343
173.43768	513.64246
167.29997	534.6735
158.20279	523.8979
177.10371	518.9386
163.34396	536.32837
168.21826	525.2645
180.52608	530.8524
155.57645	532.96204
182.6291	523.9977
176.80907	537.02795
165.88916	514.2418
527.84595	356.82053
492.206	365.84464
518.24176	349.74612
503.1456	391.02222
494.94003	357.4968
520.2606	355.00204
513.6349	371.3451
500.5489	354.33405
526.2306	382.78983
496.43106	388.25125
505.77496	361.0996
531.3092	387.30463
489.65314	374.74197
533.35364	378.7867
499.29453	396.99994
496.4208	366.12485
521.2298	386.22467
494.79703	391.36005
534.0056	356.87744
516.62305	392.5385
503.9167	350.13058
531.0769	370.43564
494.55695	379.88574
519.6915	368.63083
516.80206	397.02716
512.1913	377.67816
189.24098	221.01035
163.1393	205.71712
152.04282	203.91293
182.53616	236.98064
157.25357	215.3429
159.75706	220.582
158.2495	250.49088
150.10213	235.80432
185.26656	252.52762
142.56754	239.82988
152.12079	209.68571
177.60008	249.50436
175.02025	205.45174
196.92867	233.88147
148.74117	251.23575
146.47873	215.15585
197.91995	214.75253
147.575	246.01616
190.7753	209.02817
186.11992	245.02583
143.45078	230.64258
188.95985	213.37447
171.64865	254.30545
176.89635	199.74632
183.3379	230.4185
166.55836	256.3891
716.6427	358.04193
719.19275	380.74054
699.8508	369.4127
727.72327	364.7996
702.63666	381.72107
705.7548	363.12793
722.25323	389.00482
701.3292	375.89655
725.2223	370.63284
710.7484	385.35736
711.69037	359.21503
727.13763	377.80148
714.18054	376.94415
719.0452	364.28876
728.22815	381.19885
169.02394	484.97607
151.4307	475.9817
160.0445	497.27182
168.1046	475.25757
183.40543	490.22348
159.81198	474.958
188.16377	481.20996
168.48808	500.56488
164.11044	469.86166
178.37434	471.16788
178.32193	493.36768
178.0214	478.6126
163.17754	494.23285
152.03215	481.71875
170.6221	559.2915
173.50363	566.2988
165.96974	551.97687
173.23225	575.9027
163.80966	574.57495
178.93533	554.73553
168.84976	573.0252
156.66867	557.3967
179.50229	566.18604
164.12851	562.5746
169.77908	298.96368
191.14851	307.944
168.83653	308.41763
158.24734	323.46735
156.94016	307.14636
147.90593	315.7514
188.46646	315.7669
152.25519	313.62915
161.69156	289.58344
180.35037	330.4223
145.96254	302.09613
184.58253	296.3368
156.74706	331.00974
174.00078	285.71457
166.36679	330.61066
143.40662	313.33112
181.29007	287.4248
159.72148	327.35834
153.90341	292.4937
189.83891	298.1702
187.47643	320.09967
641.1932	362.4754
633.3975	387.84445
612.222	363.5778
645.4636	367.14435
621.28455	381.49127
623.21686	354.39426
641.0112	380.80304
613.9254	379.0621
644.48145	383.1213
627.4479	372.23438
610.262	382.75275
638.8329	370.15723
618.2371	387.77963
628.6217	362.66064
618.2572	361.8055
622.19275	377.51465
635.63477	360.70587
624.9828	398.6041
609.1812	373.22952
744.48145	128.2015
731.42615	109.959496
726.9825	101.27794
728.35236	137.5093
711.0145	119.61159
736.8136	105.766136
715.76465	126.541504
737.7706	127.40237
729.2464	117.595215
713.70105	132.05237
744.27136	117.84509
735.6332	133.93307
712.5491	111.162476
749.19995	124.0484
721.7564	136.2688
716.33167	115.96102
