183.70895	152.5551
159.76688	147.81178
185.50168	124.45583
192.93033	128.5389
184.21564	134.34471
161.75201	137.24084
148.65872	132.10416
168.94592	114.77108
191.33243	123.55318
147.61046	119.31783
190.64139	110.65477
169.82457	152.14664
163.47386	117.63634
174.06004	105.87272
150.57956	146.96983
152.70865	104.82217
184.79071	140.35628
144.64777	130.34837
192.27664	117.11336
191.85197	137.03815
148.393	112.12514
179.98476	108.75658
598.7715	366.2936
620.91223	385.07843
612.1207	380.54916
616.5911	372.04797
616.1841	388.39825
611.6566	390.949
612.52875	364.32574
623.6214	354.77496
607.8543	369.44135
620.0831	359.70367
623.32635	390.7536
597.6082	375.2716
631.3347	369.41113
602.4788	385.25772
611.2306	353.83722
631.3021	378.88037
592.3899	376.9301
632.62274	363.3951
589.2264	386.7921
604.71497	355.32053
196.56915	46.67264
160.85278	65.279434
170.5834	49.917465
158.51204	56.36897
144.52065	35.11769
185.56613	30.289234
163.89517	25.72373
169.05981	34.11336
173.19073	35.291542
156.17433	44.471054
203.38531	37.60031
170.76608	64.307526
143.59988	30.512836
195.34	41.362816
142.83557	58.827282
169.87738	17.487694
163.03702	72.450165
141.09552	42.871284
192.77914	28.098349
177.20242	67.802536
162.17307	14.7473755
186.24411	59.741802
149.29898	51.477287
151.20064	28.16488
183.3893	66.19099
738.09735	377.65616
761.3763	378.69128
743.8787	385.2614
740.86237	363.08447
751.7708	370.86075
743.8438	366.76538
764.435	369.24847
756.2987	384.6524
750.2922	362.152
756.52405	376.1072
738.76404	370.6148
754.6308	359.36115
748.44446	377.2143
770.3191	375.73486
788.04846	366.75214
781.9015	376.66974
779.22675	361.20395
791.13367	374.59097
772.67285	380.53418
780.7079	366.91473
783.1597	381.72394
774.42566	369.14774
781.7925	372.41083
355.07642	377.12198
364.9245	363.65024
375.61612	379.57953
351.52008	373.77698
381.87924	390.9848
369.4042	397.4359
358.82004	362.75647
391.0096	365.24008
366.19318	372.47476
373.2136	353.07913
370.28848	388.52713
355.20105	358.0488
384.71417	373.3167
347.75494	379.10883
367.745	346.1799
392.2598	373.94614
358.21637	390.88742
387.6306	351.37616
381.94812	399.3761
375.0578	374.41565
398.21686	377.44647
363.03632	389.03644
384.7416	354.8219
392.5217	390.58978
350.4617	358.40875
393.12897	358.08624
166.61717	534.42096
168.24774	519.1173
183.76743	520.2406
162.65271	505.98755
187.21234	522.36035
178.61942	532.33307
160.70113	512.1947
182.74323	511.2582
155.90382	529.56744
166.58908	502.77017
169.30731	524.62036
159.56415	516.3167
174.28123	515.2743
499.37482	375.79233
494.8706	376.37207
500.34995	359.91144
488.18716	390.33066
502.5729	354.5121
509.26962	386.62146
483.14838	362.50748
521.30743	369.3886
496.02838	384.84595
509.88477	352.73666
496.0634	392.16232
490.44086	385.3609
491.33307	367.1409
510.7281	391.14072
487.86792	363.5584
515.3798	360.75815
484.27182	383.22122
516.09064	355.52698
518.37994	377.39914
492.82632	353.02124
523.5524	377.5159
505.34064	393.90634
555.1282	374.8476
578.7255	374.29993
544.7498	368.454
569.638	354.1048
569.8657	384.96426
547.9292	360.93704
563.2215	369.95294
539.9342	378.824
566.43774	357.48706
559.3358	391.01065
556.1752	385.67355
572.4142	376.6001
547.27966	385.50543
541.4801	361.12375
574.48376	361.2132
543.68933	373.5225
558.76465	352.78244
575.59015	382.2703
536.43604	366.4663
577.65704	367.90982
550.7332	393.01337
747.8534	25.61851
742.0448	52.302406
707.8831	31.309528
751.1058	33.773087
728.73615	67.16386
742.9938	36.08458
747.16895	39.75177
718.0037	51.684998
735.9696	32.870777
738.75714	67.52867
716.7049	30.82047
760.2503	36.331207
722.6531	69.82025
728.46216	36.024868
755.65326	42.05484
702.8428	52.99331
736.45264	17.050957
708.4553	64.59932
702.85986	48.191727
736.28076	20.994009
729.8142	74.06333
698.79456	28.182816
759.68805	47.88521
700.56036	36.433025
714.7355	20.534647
180.82759	356.48373
168.60379	352.00027
180.3153	338.25696
152.84511	359.75238
174.41077	331.24155
161.17241	363.13995
160.50668	336.2575
190.1798	358.8752
179.93498	366.74908
153.30367	336.4415
187.1044	363.21194
146.40532	353.6845
187.13779	337.297
163.53502	371.6324
147.7314	340.12827
188.21904	343.14444
155.54597	372.43686
164.52258	332.60846
167.95291	368.84503
421.81827	96.98253
464.2212	42.04046
471.3979	119.183304
418.05566	44.30561
477.00546	79.65136
431.60458	107.26793
457.45135	39.65125
471.11932	40.411674
446.61212	46.628887
476.40073	62.032295
466.0564	55.76232
461.8627	33.088562
442.9649	95.59462
405.69308	65.36345
478.62335	50.428776
454.07242	112.06586
422.19858	48.2738
481.2107	102.98822
405.55493	94.55863
476.23135	41.888294
433.97452	110.98808
421.89252	83.6548
471.79654	70.68749
435.80194	118.076675
416.0044	63.079456
487.1665	88.97742
408.10062	71.602554
154.22939	402.8845
151.68193	427.32837
177.3389	402.21658
185.51712	399.95288
161.52701	428.8063
162.02982	401.74496
174.62306	432.66205
149.42664	414.573
184.91374	410.6354
158.30936	416.54156
151.43753	405.88943
189.11305	416.28012
169.11577	437.15814
161.91563	396.58313
187.92036	426.97144
165.13623	437.2896
182.19173	398.79086
153.899	422.13535
166.01633	552.66473
177.90768	554.9505
161.48514	572.84125
183.9218	563.2596
167.20677	571.43744
159.1104	551.53845
175.28064	564.4054
169.00296	562.8996
165.95723	547.3695
173.56998	571.8174
157.2488	185.66724
185.09488	191.50145
152.21912	207.77847
176.25565	184.95006
190.91747	188.53665
152.05966	190.22603
187.782	204.6087
160.68248	211.9281
143.8884	199.92635
192.83066	209.07097
172.92593	227.66264
149.45392	200.36955
182.91188	223.07268
149.36952	224.60335
162.08995	187.11331
162.74533	223.25098
161.27914	179.53392
185.89146	214.16052
156.90936	223.05716
175.35701	178.35652
192.4755	217.13516
180.54993	211.01521
444.29135	346.85675
447.03864	392.58636
421.0416	363.34808
457.86334	386.12225
417.1928	380.70578
461.5852	367.66168
434.0541	381.0418
431.8952	348.69742
445.35385	372.15698
422.82916	383.77667
444.38882	352.78384
454.3351	390.6056
437.25497	368.33603
458.4522	380.19308
449.34213	387.2696
437.938	352.65414
462.29678	373.89594
418.98175	375.1474
449.30634	356.30737
441.4973	397.2823
428.16992	367.95514
457.9372	353.75787
427.42886	391.70334
422.51025	358.09418
454.06256	361.29504
148.97151	264.42133
178.84615	296.33105
167.44803	303.1716
156.03105	263.1696
171.6578	283.88943
162.81601	299.77414
179.2149	253.48083
193.45952	286.96774
178.32672	303.729
182.98598	262.37665
156.87822	278.44867
169.71512	259.4696
192.87247	272.4242
148.88832	289.52274
176.57367	261.64844
172.84357	295.10312
153.85066	287.12244
182.97115	267.24878
155.3727	301.674
163.76736	260.16772
184.25687	299.25006
659.27844	367.8538
664.00946	368.21173
662.95215	388.20358
646.7514	377.50696
678.35675	371.30817
650.7068	384.67972
683.66565	374.87903
682.1455	381.32056
663.28467	355.71674
675.3129	363.36865
658.9988	390.31622
668.8034	356.96268
677.15393	378.8957
651.01184	368.6348
666.50464	373.8948
669.5522	387.2526
653.182	357.45465
679.8009	357.9834
656.4781	381.21466
719.7906	361.56607
705.29987	366.91736
709.8725	381.6701
722.53577	372.7928
716.3253	373.26166
700.8666	359.51266
724.8701	381.07416
699.4162	384.35327
714.7054	358.3014
705.4778	389.32135
697.4923	366.84384
729.5491	375.85703
716.6637	387.17105
709.0438	357.50638
720.41125	382.60922
698.3045	378.64478
742.94434	100.76616
709.7118	121.840965
721.4039	100.8084
737.31445	109.96953
717.27325	132.30957
735.31726	98.0774
743.2508	113.30177
711.4792	107.011215
747.3953	118.937805
736.05164	135.09155
732.94403	107.77527
742.00507	106.50637
713.06775	127.69985
730.94684	130.13893
721.2504	135.57068
716.4097	113.393456
741.30383	131.73938
157.90088	475.1668
168.30225	457.78848
178.2997	484.82617
160.61804	485.68292
175.56638	470.61517
172.98355	489.09637
159.23714	464.4105
175.3738	457.83725
171.19444	473.68402
159.27246	457.43036
170.11548	484.53644
165.73997	470.523
184.53506	463.183
164.31798	487.6709
