492.4965	370.11328
505.26245	380.83246
517.03625	361.29266
503.97372	371.72443
490.8248	380.9241
529.42126	369.6684
514.1974	365.60266
505.1237	351.91095
518.37823	373.36298
525.3634	394.5265
515.4191	355.28696
518.6312	395.0674
483.5916	368.5018
527.35187	362.38373
504.71606	397.67914
509.04453	357.97284
493.2042	393.24496
483.66977	379.34933
524.5919	370.37946
510.6723	395.96506
502.0771	363.8894
529.1855	385.4029
494.62817	385.1574
177.41145	292.00055
165.23427	301.56293
143.97131	289.3929
175.50064	317.50708
170.22008	282.03912
175.1059	303.0839
189.75047	313.95392
150.1677	294.53424
188.50104	282.36456
181.75133	311.94113
150.66231	281.90152
183.64037	304.95526
157.63536	317.17343
155.71431	282.16125
143.99014	307.18344
150.92676	306.60138
187.60677	294.0224
169.95456	319.77667
167.26791	276.49014
177.45694	370.71576
155.0402	350.03528
178.64932	354.90802
165.94662	378.3754
147.04729	370.38
180.10182	375.53452
161.93266	385.18936
163.57172	351.63455
165.22217	372.99237
150.34853	371.7103
162.17978	344.42822
166.74039	384.40976
178.92361	349.15784
186.6363	354.75388
165.49936	361.5076
156.44925	344.73703
172.6073	381.41776
557.5213	359.37292
569.92633	386.7308
560.98456	385.24063
562.34656	363.1187
580.61487	381.26437
545.97504	375.39948
567.92535	375.00122
584.3978	388.1779
553.1176	369.1162
581.8739	366.13208
558.89075	394.95978
575.80286	367.85004
584.63727	374.87897
542.2354	380.02087
581.07556	360.99176
569.72095	394.0125
547.52405	371.64142
575.4532	391.01056
552.67163	382.53827
568.27185	357.5042
381.52948	388.9057
354.16473	369.94855
377.5408	367.95746
369.71152	390.87982
386.19644	360.5459
369.51083	353.18726
356.28815	381.09192
390.6582	370.79333
353.57755	392.84293
359.07007	390.10724
388.5065	391.88678
349.96906	380.6884
346.54767	373.12973
386.2024	375.27667
349.51608	359.2858
385.68576	355.07013
360.50082	403.07065
362.51907	353.80865
394.92468	391.44965
361.68808	397.9159
375.32074	352.34402
371.81577	403.42944
358.3332	357.29984
398.16345	363.96936
378.55988	394.6228
358.79782	362.70038
385.9865	397.58966
367.72443	348.19366
392.80194	362.4586
166.66736	159.68007
179.62813	129.29031
196.22206	160.17159
139.89116	147.83662
159.50919	122.85817
171.09496	150.68973
144.42308	127.648705
177.46942	141.63242
163.38905	144.28857
156.16968	114.23745
167.68121	138.25461
158.84973	144.57967
190.48997	135.78278
145.04465	152.39291
139.80785	140.14525
174.99135	113.41447
156.36029	167.36282
167.998	121.15342
190.93613	149.93387
135.80618	130.12305
185.21333	123.42212
165.16405	166.75856
168.44913	110.680374
184.51747	116.345566
151.89572	426.48526
178.24083	407.3817
182.14418	431.65268
149.04514	417.8973
182.47096	426.45355
158.16385	437.31372
153.23936	416.4533
164.19765	430.25375
166.44585	420.1848
177.5736	414.72812
163.15257	439.51617
160.59322	402.90543
185.79471	419.35547
153.50038	433.21533
171.2144	406.70337
178.67809	437.28036
436.42267	384.4723
456.19672	377.1339
437.14264	394.3277
437.4793	354.0248
459.47003	387.15707
416.45477	379.23077
450.0541	393.40298
446.12592	388.45352
429.07413	357.78964
445.99463	363.48932
438.68915	399.88647
430.23276	380.55798
465.2708	371.56598
425.8792	364.2079
463.18683	359.0796
465.90225	388.5678
452.80023	354.68488
461.66733	368.64325
428.0936	392.1341
436.53482	360.0307
444.71207	398.33157
425.9607	372.8576
468.22803	379.33914
458.45288	396.23944
437.44644	365.91907
180.83871	471.86972
151.35089	481.2841
177.33484	467.60733
166.89081	483.95563
151.6387	471.61435
171.4961	487.95563
162.8605	478.27374
175.33234	459.87604
179.42178	486.89972
152.9017	476.35214
161.35263	464.3602
154.49449	484.54776
152.25044	463.36212
741.03375	129.95724
725.9056	130.74687
730.4076	105.1245
732.1735	119.226944
717.46106	123.25918
731.5063	98.961716
753.5429	118.69148
720.7832	109.9844
735.6272	135.76921
714.2565	110.07749
742.7916	113.54822
724.4415	134.62444
726.41693	103.10514
747.7342	120.060646
718.34094	133.34691
709.72375	377.73187
716.29724	387.523
693.5896	376.70837
719.8436	373.73578
702.10583	380.00314
711.98206	365.82928
720.4547	382.52243
695.72455	381.10464
717.52295	367.40692
705.8769	388.66107
706.0917	368.0209
723.4293	369.8462
697.67804	387.17303
707.99225	360.32532
748.83954	385.24823
737.71704	364.7624
752.45374	364.34396
753.4957	390.11166
733.00793	373.86163
757.4218	381.84814
732.8616	383.38638
752.70306	375.302
740.53705	381.1569
740.95856	372.72403
758.09247	371.77423
737.7197	388.3318
743.13025	362.5535
179.525	525.31146
173.76872	505.60645
182.54617	515.13635
170.31966	536.29376
160.57928	515.83435
160.38065	534.9589
152.96768	527.42847
162.78514	506.90982
177.15112	530.8271
149.64522	516.4311
172.55362	512.0643
170.91336	516.2693
155.32175	510.77777
662.8756	363.9401
655.33044	382.27087
665.3948	358.30124
680.1074	372.21353
665.51965	374.1532
673.37067	372.9868
653.8234	388.73706
658.98584	370.2014
681.3518	386.916
664.57623	391.42484
683.8677	369.06195
670.6421	384.00543
651.0916	371.19894
680.4823	382.07202
665.88336	379.7575
655.2405	363.70435
675.0695	389.95435
722.0617	56.447712
726.82947	23.419754
737.1293	74.500206
733.0084	18.438583
749.2914	21.736443
704.3351	51.37771
746.7001	39.05285
741.37994	65.32658
716.35266	22.034508
761.4811	58.974743
719.6238	74.46228
723.13116	18.52541
741.4232	56.63714
722.20245	42.364685
729.83014	33.963734
725.9142	65.173515
709.27747	30.064316
759.89276	54.159477
702.88165	61.285786
739.66003	16.843025
716.7574	69.66478
704.13544	46.27696
762.6257	49.367676
725.1321	29.533054
745.8563	27.990108
747.97174	69.49622
144.83124	219.53076
147.56216	230.45145
178.31963	242.27852
178.84738	230.88213
172.55545	249.7387
153.88142	243.65263
176.32242	203.91597
186.7069	230.61324
152.22018	208.89302
191.01991	216.35332
160.53696	238.8977
161.33562	205.84103
154.10417	216.33786
142.18605	231.95618
172.9441	197.97873
156.9758	249.13313
151.18005	198.62979
175.96106	216.86995
169.24199	244.25325
153.77615	202.18619
194.08383	230.15073
143.64767	205.33194
161.73634	194.77959
143.87932	50.833378
149.8957	26.344517
153.74663	43.52036
145.73909	68.517494
169.44699	38.94887
195.08977	49.137882
139.20143	52.78657
199.87956	51.95217
150.56894	75.63999
171.5012	31.402964
190.35132	42.079483
168.4173	53.124096
189.21587	54.766907
159.92839	74.31745
160.01468	18.60006
193.20679	65.34779
141.16556	56.56267
175.32175	18.63358
175.19547	75.323044
141.65024	25.27211
183.6092	24.244415
166.56268	78.66333
139.33142	35.659702
184.97668	33.82164
144.13042	41.368988
175.58585	26.392109
184.21542	68.817245
169.30405	564.7064
176.85803	559.32666
159.09982	571.0075
159.6351	549.3627
166.20673	571.1979
153.57442	562.6442
167.92906	548.99945
176.86879	567.12555
158.38301	555.4218
182.57344	562.28503
449.09433	40.59997
449.04037	35.44596
467.04047	62.042034
440.41245	49.1673
467.21338	105.699234
413.99457	99.52615
481.74615	48.96048
417.06934	83.65223
463.2834	38.091682
492.27313	78.02501
442.9438	121.998985
405.9812	74.384384
489.63013	57.66803
478.7418	102.95033
429.99503	41.688503
427.59473	100.6295
446.7089	117.037094
485.98038	85.37173
454.96225	118.41368
407.8253	61.559612
471.02197	111.98332
423.18756	49.674706
437.07407	43.715645
429.7438	109.193436
410.24307	81.88509
458.60028	43.872234
422.3876	115.6949
469.51553	35.844463
490.9521	90.05485
416.2608	107.58913
627.9792	367.06693
610.8312	390.80786
599.99817	361.9634
634.05426	364.8907
606.57434	382.28082
621.5967	390.4774
624.36633	395.39987
604.30096	375.75647
637.8523	374.12515
615.5031	394.96542
617.64154	371.98615
632.11646	387.70868
604.2196	388.5047
609.4787	360.81866
633.7439	380.80847
607.7062	364.61597
630.3265	373.89804
618.1103	378.10928
624.75793	361.52606
790.2709	386.31152
764.06537	373.8366
787.40625	370.70627
784.8249	389.64752
771.61957	365.5374
792.6734	373.794
770.57117	379.6924
779.6616	364.35117
778.4456	383.14944
768.766	373.42978
784.8762	363.66055
777.7157	389.3155
775.97723	370.43988
