747.73975	84.26443
744.0592	66.47065
753.76447	67.41903
756.3539	72.42424
737.57385	63.803913
762.4942	64.25772
755.53644	87.30481
743.8712	59.506084
765.8906	77.36598
741.3136	72.87062
747.98865	49.66485
764.4471	89.18053
731.8913	65.16339
768.0846	66.55608
742.8378	78.360016
753.30676	60.073128
756.7995	80.66441
731.0259	73.10838
759.3795	58.347412
737.6848	87.10448
635.00995	390.65787
650.3727	406.1774
629.14166	403.79932
636.56274	405.482
641.64246	406.7711
625.9041	399.53363
635.74005	396.8698
626.7645	416.09125
627.1771	390.76276
643.99316	414.47064
617.2069	406.28143
635.32416	383.07843
632.6496	421.87408
618.0014	394.6828
645.1799	400.21796
620.1338	410.62384
624.505	384.08942
634.5783	412.80713
610.67645	402.91455
645.29956	392.5032
781.1316	411.94174
777.06775	394.3542
795.96277	403.02042
780.59094	403.18222
787.54645	395.42377
787.49774	403.58594
774.78345	399.812
793.3447	395.39014
774.42096	408.23422
783.2263	391.66925
789.33655	412.1896
365.72104	398.0489
388.88116	387.53546
376.91345	419.15982
367.0467	389.06598
384.322	418.24506
357.99976	399.59262
374.5717	405.03546
365.70877	411.03824
349.0793	400.7745
386.30914	411.03717
356.74747	420.45914
363.32382	379.68878
380.67758	396.17422
344.81888	397.11084
379.33646	387.58893
372.92633	424.608
358.41806	393.46582
397.37012	395.5689
365.85516	420.5057
375.27557	381.19928
396.15964	411.60464
359.71677	414.07208
391.52924	381.95972
372.85934	429.6896
356.90808	386.02612
389.32562	397.35638
350.79477	408.12613
384.84076	377.82208
390.8566	415.54257
713.7868	397.5052
721.86993	397.86383
715.2032	413.8273
717.54675	392.65326
727.53186	406.14352
713.95966	405.26538
728.7779	394.24823
721.37067	407.37433
708.83514	395.60165
732.71277	402.25662
709.135	407.8984
722.9623	387.65826
724.7191	413.25595
139.09079	256.57422
169.53964	241.63843
152.50017	265.14444
144.0817	233.46957
144.46933	245.28958
125.83734	246.45515
150.67078	235.04959
158.68346	251.24629
134.46034	247.34302
148.2211	253.92476
141.80339	262.5606
158.48422	230.61919
165.49347	258.4586
133.31528	264.36768
160.04037	241.5845
143.46115	272.29938
136.70267	230.11148
164.87602	251.19601
131.94173	251.08504
152.53627	246.13077
160.87526	271.424
129.90173	239.1816
155.52434	85.149864
136.4321	92.11427
141.11221	82.56603
167.19324	93.81338
131.924	86.220406
150.77232	80.42621
157.12328	90.85278
137.28561	79.84561
158.02731	99.34443
128.30598	102.46776
141.23206	71.85371
172.20938	98.08813
144.99522	87.79588
161.9943	61.903778
141.35138	105.325806
135.1992	62.27953
158.51437	75.06121
127.409584	93.46885
156.86026	69.03896
153.45169	105.810745
125.204346	80.17946
171.03738	82.872185
148.0269	93.997955
145.49791	63.87622
155.05551	388.42474
143.79176	372.69992
154.14233	365.09457
143.3082	381.7447
136.67252	367.8477
155.44437	380.4906
136.8733	383.70953
150.75703	371.90424
149.18088	392.12457
135.32031	376.81958
158.66841	373.17114
140.69582	390.86804
143.1465	364.56992
162.32588	378.16425
443.4356	107.92045
459.7584	85.21688
467.4087	115.06022
457.8226	113.594215
447.87628	103.00653
439.35294	124.727356
444.5887	80.98444
463.51904	109.022354
420.3637	90.85285
472.5503	105.6369
459.6993	122.14524
445.36215	93.89017
451.25797	98.431625
433.72858	105.29823
447.01334	74.18011
449.1253	127.3525
434.00674	95.70943
471.6661	83.52047
439.4345	135.83548
432.82025	87.45814
480.61148	106.95528
429.04004	113.779396
463.15543	95.37261
443.15634	116.50006
437.44003	76.932304
466.39185	87.27986
426.74847	121.626366
463.14395	79.340256
476.1832	122.74574
421.43466	99.7796
154.65735	467.99823
145.75398	487.34918
141.95895	461.1812
150.24432	473.5078
143.81064	475.753
151.56436	461.257
153.71483	482.6723
136.36816	468.4873
162.19373	471.53946
137.25867	483.68744
145.65903	469.8304
159.94742	480.23633
137.2988	476.7416
516.5416	403.6767
518.16565	408.55072
502.30206	393.88214
539.4192	406.42386
508.58282	416.6088
515.1319	384.33734
516.4596	418.2569
508.5086	398.97873
520.38	387.80853
504.67178	407.50616
511.00162	379.3908
524.9193	399.7471
497.55502	408.8285
525.3828	381.81183
521.53143	412.67328
501.17294	402.74725
531.1982	401.00323
500.85587	420.38174
514.09344	391.7711
529.5309	413.03223
492.4124	401.17548
527.61316	392.8202
513.5248	421.9563
504.16885	386.24054
150.74556	552.25977
140.35039	564.3723
150.30719	544.9762
149.23898	566.05896
137.80545	551.7974
158.53531	552.0055
148.14146	558.6757
143.66225	548.4741
156.55383	562.3535
140.21933	558.39014
