470.19458	112.94411
462.05698	105.66494
447.74945	90.02664
435.3116	104.702835
423.7063	98.97712
447.85513	100.03244
440.1424	115.97168
442.98032	71.38976
452.28012	113.17305
429.1185	118.25006
465.80142	90.601814
452.8146	119.57316
439.6796	92.84619
473.2058	89.425064
445.19196	120.202255
459.3313	86.43657
464.59137	120.323
423.85858	92.87364
467.54742	79.75801
444.32343	128.09583
425.8868	82.31764
463.89508	101.5948
422.04022	103.60158
449.8816	72.07298
476.7453	107.99801
628.28564	396.6315
636.6041	395.056
631.5351	403.65533
621.8707	394.11288
642.52527	410.8107
623.06866	401.78094
640.99115	391.51672
626.17474	407.64075
625.44385	387.66602
643.53406	400.97565
627.452	414.43985
635.262	385.19604
637.70636	405.37335
615.25037	399.7274
714.9634	394.2647
703.39966	410.70157
704.40686	397.222
711.15137	398.08044
694.80035	404.06473
711.7642	388.87848
712.05237	408.93622
695.9537	395.42267
717.2251	402.4394
702.67737	403.33737
703.26227	388.9745
153.49911	496.89218
141.71146	496.6207
153.09143	489.0141
149.38394	502.24774
146.86447	492.8418
161.13712	496.2334
142.182	504.54523
145.1649	484.88882
155.10812	506.66592
135.46307	493.68646
158.60764	486.66577
148.44595	278.55273
141.54192	244.27795
152.1189	253.32422
132.21217	274.33176
163.35704	260.0843
149.98857	266.287
147.55154	256.8418
170.82397	262.3529
144.67175	266.9506
143.95132	238.07297
152.60068	269.9394
139.27577	257.03387
158.11978	253.16272
145.24673	285.66238
130.19363	252.48445
164.76733	270.19705
139.98643	264.54767
158.21727	245.1757
157.28886	276.04218
148.84366	93.99795
146.78813	101.01014
139.89159	114.52329
134.13332	77.55309
170.81485	101.651665
136.33212	95.66896
147.6529	69.78914
162.69518	96.14816
131.97151	85.44826
177.10983	97.354965
130.02155	107.257126
162.6174	71.38261
145.19724	118.16335
125.58673	99.518036
172.18056	85.30611
161.82156	114.76514
138.54951	72.80398
152.10725	86.372086
143.12709	85.0847
167.21184	82.991714
160.43521	106.40013
124.46535	83.88531
162.89993	86.39206
747.14856	68.31477
740.44464	56.551216
754.9061	67.56882
738.947	61.60854
764.1383	55.348614
750.9005	59.982933
739.985	44.179558
764.8238	65.6028
740.26685	67.76073
754.1937	46.968544
750.46387	73.489
732.22034	58.035503
756.05896	56.313164
746.3268	79.444405
744.9821	49.94819
164.31209	401.63702
136.31717	402.54642
155.41237	391.96075
150.78427	407.11017
146.375	387.84283
146.84528	397.71307
139.4307	410.4004
151.70198	385.0408
156.68277	401.1211
134.54236	386.34467
158.66869	379.2736
143.28778	401.2514
141.00064	381.60214
164.96153	388.41803
372.9121	402.6282
372.8729	390.1248
379.07428	408.51782
350.99762	390.45013
402.2568	403.66376
372.0226	413.16367
370.4531	379.90176
378.74017	398.42166
360.7272	416.97662
385.9634	388.63406
381.79602	420.9715
361.61307	379.50818
388.48315	397.43445
349.93912	398.73053
381.07193	376.7755
393.59305	403.39902
366.04745	399.57217
395.4039	393.39154
373.2108	421.35455
364.01544	393.09848
385.6711	409.00323
357.10858	408.00848
379.90112	382.31934
370.16898	430.41763
359.79218	387.58902
519.6772	402.85928
503.0602	410.27594
522.8192	390.8426
538.9966	405.61505
512.83344	404.33005
520.4266	380.03714
523.97034	404.67993
503.56128	378.16345
517.3564	412.2657
509.92065	395.56326
522.5166	375.71915
532.1544	405.18842
508.30487	389.7487
531.7015	397.46036
520.6968	416.77133
515.0165	389.612
531.2867	415.71103
499.4864	398.63406
536.1447	389.53558
527.5518	422.34735
497.74252	393.7915
539.66003	396.22632
509.59674	415.50055
836.3675	391.05365
844.12805	406.81693
824.77405	396.1106
843.71106	396.54172
831.8192	406.0423
830.80743	394.26794
843.93524	401.76953
827.7422	401.93732
842.3297	390.464
837.00665	409.2939
766.20435	395.5356
783.2367	395.7735
769.9894	407.92133
773.348	396.13208
782.25073	406.393
760.59344	398.84894
776.7263	388.96167
776.4331	410.6147
769.63855	389.06033
778.06964	401.12674
766.1393	404.21933
