843.85693	400.05563
842.4116	406.73236
846.7233	393.4618
847.5941	412.1059
834.45215	399.53604
851.8032	399.6564
838.1411	412.79282
838.7832	393.1159
851.2379	406.20444
833.74884	406.98807
131.83575	240.3873
152.8356	253.52324
142.9397	265.14047
155.96701	262.34225
133.15826	260.7714
141.70477	240.87146
159.35942	270.01138
130.89743	253.99446
155.42029	246.17001
150.33548	259.12012
142.86456	248.61931
163.60413	259.89487
129.09645	264.7779
148.69675	237.76482
153.50533	272.66092
137.13809	250.79465
163.49167	252.11089
141.03615	274.0398
752.0137	56.869118
749.7977	64.89156
740.3893	65.10754
758.775	62.542194
750.86444	75.63899
747.42865	60.460632
765.7617	62.192543
744.77844	73.44212
748.3054	47.861565
757.5929	71.527115
734.74243	56.6201
759.967	46.364677
760.56635	79.41181
739.8843	51.93637
767.41534	69.36002
735.9394	71.8278
754.09436	46.752167
469.47003	119.70587
435.77466	73.84511
475.80493	111.43977
444.73822	132.07858
447.02045	98.02915
466.4562	104.60293
436.5681	92.68501
461.48633	93.493454
457.9615	110.119736
454.84125	84.54061
480.78125	106.91487
418.6564	113.11253
448.17978	79.760574
452.25366	126.51555
447.1131	107.49894
458.02988	101.68367
433.88858	111.61416
427.29922	82.59086
465.46503	112.89772
424.66815	122.4931
458.4278	77.65051
446.16357	122.735695
422.43417	91.457565
471.44043	83.165886
430.51923	121.591354
443.8191	91.39198
471.20743	124.15293
425.56992	104.88119
461.48892	82.27031
441.89423	115.413284
143.91684	78.60409
161.58713	96.5992
128.16678	106.47272
134.31943	96.29516
138.66173	111.42098
137.97202	78.69713
152.73557	84.567795
154.0527	103.85344
144.45418	70.267815
174.4384	112.75963
121.55841	86.105446
148.68246	78.706245
150.8073	93.462135
122.14353	99.39053
168.34964	98.603775
126.1342	111.66124
160.19307	83.56672
160.33192	105.03019
143.23466	94.841934
173.27504	89.06856
137.09822	120.03147
132.42653	79.5959
172.77518	102.62419
122.71409	104.51145
154.78055	73.57467
144.90494	119.06435
133.73163	369.90552
158.59604	378.56
144.51814	389.2525
142.35437	368.3529
153.75815	387.03314
131.16377	381.47217
148.55249	373.9112
146.89653	379.15164
142.93643	361.27353
160.96477	384.0984
136.49144	383.0995
151.03145	364.14127
149.50052	393.07745
140.73654	377.01184
159.28995	371.30887
514.06616	413.62988
506.87436	378.97366
517.87964	399.53775
514.6479	406.927
525.309	388.98523
516.13214	422.38583
509.94287	400.91724
518.46466	393.40112
495.98642	408.03857
532.8029	394.8687
521.20703	411.88583
506.31097	412.5399
535.48627	390.66498
525.0611	426.37054
501.77313	390.13022
538.2894	413.2377
497.9934	415.71378
517.64276	383.81018
529.9347	412.80743
492.75357	396.60553
531.9215	400.36133
502.92816	421.32697
511.4598	387.6703
531.1945	406.46368
498.98624	401.76337
793.1451	394.31937
787.1493	414.1756
777.8432	397.10776
787.4584	406.2035
774.606	408.3282
787.1115	396.3084
794.05176	410.22858
775.10034	401.8154
794.64465	401.56064
782.73755	410.19247
781.97925	392.58624
718.47485	404.4416
701.4979	406.4591
718.1614	390.62595
720.864	411.31573
707.91016	398.12323
724.35077	401.2221
710.13434	412.16122
715.74664	396.612
725.58295	414.78506
707.0654	404.2196
725.75195	391.98242
715.8966	413.6347
708.37415	392.6517
731.2355	403.25885
142.16148	486.67047
146.48537	475.05615
156.1067	498.69708
142.87904	479.65317
153.04675	480.5954
147.68893	488.70795
140.92545	470.4881
160.85362	488.98834
132.15921	485.8086
151.16246	468.54208
148.8934	495.21613
135.18167	477.19067
157.02654	481.94678
137.20052	493.2409
627.4457	398.95703
638.03845	418.76007
622.8561	405.82452
646.14856	396.0949
631.5907	407.95807
628.58167	391.7894
647.52747	408.22757
620.47156	412.86392
637.11664	389.14105
636.40625	412.0871
618.2916	396.95996
642.601	401.01593
629.25085	416.47256
622.93286	388.19647
633.2182	402.94244
615.15485	405.07697
636.4841	396.1171
371.01105	428.62457
353.2989	387.362
385.27664	414.82797
371.1314	418.35147
369.00433	403.75043
366.03955	411.11395
342.8545	397.67377
378.2744	398.3344
360.78885	427.6041
364.29056	377.91492
385.2696	386.86
356.14413	405.6739
392.00787	387.46402
390.80518	405.5284
359.14337	382.8674
385.89847	400.85074
378.03046	410.0751
369.77567	387.7241
381.52817	423.94244
352.75494	410.0236
377.62262	389.24805
348.7703	414.0858
368.84048	396.1668
393.9669	414.06195
360.82452	418.53183
371.69513	381.52216
379.18018	416.7294
356.83115	398.0788
