711.9696	402.42804
706.138	402.4488
706.1719	392.04517
715.986	407.42932
696.2409	397.1987
714.19995	396.1295
700.3306	409.9025
700.3355	391.3028
719.7305	399.74567
697.61224	403.24854
713.20074	388.8791
708.7376	411.45587
158.67746	246.78975
152.87755	239.07425
136.01205	244.41818
151.98447	227.25058
154.67802	260.65408
131.2753	248.48038
143.03969	233.24873
146.15726	256.0656
146.9363	244.17981
159.23892	237.21541
140.16121	254.22379
148.71379	219.67229
163.92384	260.91785
142.60501	238.35628
170.48294	238.82922
143.19252	264.36655
130.27585	237.48457
163.63739	249.09343
125.36243	234.1239
160.58955	229.54861
373.46014	403.20755
352.84576	404.84012
357.67245	393.45682
363.84772	404.59738
371.1458	397.72037
364.23398	417.96304
346.6773	395.7272
384.46686	388.9918
355.19785	410.8773
380.27997	384.8887
371.30905	410.4581
344.8684	411.8985
370.98114	378.8513
385.05725	410.88654
350.68866	392.13983
385.53815	397.45746
357.16348	417.42667
362.15106	379.9866
383.32013	405.52478
344.6087	405.0351
370.86053	389.0364
373.2292	419.90268
354.98523	381.91095
377.8921	399.0781
763.2384	406.93817
773.5115	398.34442
778.94855	404.9689
764.413	394.88318
780.728	396.0971
769.92487	408.31647
768.7626	390.30896
784.837	400.10547
766.3813	400.7023
776.14996	389.5265
777.3761	410.4283
155.2112	73.11849
166.41278	80.38452
153.39319	96.68131
147.68633	55.1323
161.82915	100.10842
126.61774	76.406204
147.52383	79.799675
140.39413	81.78287
146.94711	64.61308
157.39252	88.87921
144.25755	91.49044
157.93497	65.43121
152.99123	102.20557
134.8314	86.97607
173.0555	80.162544
135.86452	100.77102
137.48404	69.625885
168.8311	92.6241
128.5229	90.7137
155.14685	82.378296
143.4653	101.44906
133.40318	77.22445
439.2487	120.09098
454.71185	90.159485
456.2728	101.16063
461.39877	115.6177
436.07806	108.6401
462.232	93.13112
449.9305	104.82908
458.14014	83.325775
474.20386	111.11373
435.85922	94.56832
453.23853	76.42204
447.68848	118.27818
445.11127	98.44849
462.45963	109.678635
429.35538	122.60287
446.0915	78.61203
475.11163	115.92129
423.9272	101.77423
459.4876	69.38356
444.6224	126.97896
428.7653	86.543655
472.38428	93.51918
423.11044	107.81166
437.37564	84.78508
455.7979	120.66533
426.65137	96.36507
468.4935	78.11204
147.20485	504.59042
138.7128	480.1037
150.87596	491.63995
148.0438	496.59946
157.87334	491.19922
154.08955	504.46158
143.1036	489.2561
162.4106	487.64346
140.98045	502.8563
147.86905	482.5451
158.50677	498.11566
138.19696	494.4855
162.82356	370.49127
135.452	399.37518
146.01715	374.9052
161.36368	393.564
149.06564	388.8749
151.66684	380.53717
151.33995	395.14978
134.79308	385.2714
160.21603	377.8002
140.03633	392.1672
144.53395	363.95654
166.98482	383.7978
140.20313	378.65277
150.79568	370.93732
147.64995	400.56586
136.83899	368.76373
158.34454	386.7228
597.53284	406.19632
619.8376	383.9748
623.9567	407.9774
601.11835	398.16
629.24426	396.47757
614.7941	407.58536
615.5359	396.90817
620.53986	401.84836
606.76306	408.15048
627.35754	386.62674
611.36804	414.8369
602.1453	388.51053
629.58826	403.18436
605.1756	414.392
613.07654	382.89764
633.3169	410.52383
609.7952	397.77008
634.42065	392.52347
625.3605	416.7946
608.1149	390.29718
771.08014	66.19645
732.0987	72.78517
750.26	55.912556
750.5731	81.67191
742.0444	57.172108
755.7395	60.16261
750.5319	65.526596
743.9087	64.54628
757.93317	71.93269
732.30444	60.430534
754.766	48.169933
744.1981	79.844025
738.27893	52.48771
763.87115	56.67459
739.267	75.48362
746.55505	49.703773
761.081	78.56883
831.7178	400.98224
840.41925	393.9869
828.1747	409.31494
829.81464	394.00452
843.05383	405.39438
823.19336	402.9193
834.342	388.6856
836.8275	408.94196
823.73535	395.21042
837.8862	400.72552
500.72592	415.5485
492.3183	385.2873
505.22446	410.19962
488.13837	395.48837
503.96216	398.61346
489.39688	402.02188
495.48428	394.3838
501.09537	389.99915
487.5733	412.53156
505.22696	382.055
515.2982	410.49774
474.78076	393.61218
515.45325	394.4666
491.59198	418.20938
485.47162	383.9583
510.16083	404.66925
477.4665	402.4814
514.25116	384.90128
506.5992	418.56616
480.2199	392.94727
509.79385	394.23373
481.78848	413.5123
