147.11108	394.9225
144.21072	402.2551
148.25479	382.67438
157.1264	398.2237
131.85858	395.23587
150.19019	389.586
143.83235	407.61407
139.1774	381.62946
162.35443	400.36676
140.90298	394.35565
159.94072	385.89423
151.72983	407.55023
134.28177	389.41022
159.15187	392.5715
135.61897	401.9111
685.43164	395.33347
690.6107	405.47543
685.9376	405.90375
693.03723	393.93414
687.78424	416.2613
678.1124	399.93256
693.48535	399.28195
678.42114	406.89395
694.5547	387.69382
694.9924	413.6286
673.7838	395.61328
703.7275	403.50854
678.2149	414.0603
682.8056	389.11572
698.07904	407.4816
346.27954	412.392
359.41806	402.3641
359.79514	409.9767
358.5686	389.99274
384.46185	401.3166
354.7234	405.81958
365.01804	384.10004
365.9109	410.90225
350.53275	401.8698
370.3541	401.05927
372.6226	413.635
348.84174	392.04266
376.67706	402.35883
343.90234	418.35553
374.8957	385.12482
375.00336	420.10962
338.95996	397.0043
372.83014	393.51022
352.83514	418.97736
355.40338	383.95453
381.60043	415.37198
345.12527	406.09982
382.5683	390.20856
363.94965	420.94574
345.29523	386.82294
461.16495	102.751205
424.9244	118.7193
455.33755	103.913536
442.156	98.36153
443.3452	119.7866
452.28632	87.30369
406.62973	110.268005
446.76703	82.57779
469.64056	110.17609
442.8225	86.167114
461.95557	88.10439
460.16064	126.92212
426.2313	96.08591
468.8853	90.48368
428.08398	127.95689
456.91864	73.587135
454.75034	115.096375
429.81387	114.67296
470.74844	84.233055
458.7143	132.12552
431.33136	87.64174
472.56226	104.1414
416.23578	102.449905
463.9432	80.33813
463.83267	119.34448
430.41547	101.844986
477.48804	99.59435
433.2232	120.86472
424.80023	81.441864
466.27905	125.18414
740.6574	60.806683
753.19507	57.635212
746.5612	78.56324
746.36426	56.985413
765.327	76.32645
750.54724	71.345665
754.39734	65.64513
759.2731	81.401886
738.50696	67.31795
763.4667	68.467705
744.10925	89.819214
745.8634	50.253483
770.90094	72.77283
737.05865	73.082306
757.94354	51.843117
755.0721	86.97703
733.30237	63.377514
764.45715	55.691174
737.166	79.0929
757.2492	391.28595
769.3898	407.24374
755.22626	403.35666
769.8395	398.02042
757.0751	411.64316
751.95044	395.97272
762.41486	402.9201
749.3238	409.2481
762.3993	395.89548
762.7066	410.0561
748.73724	401.70554
163.08829	91.20494
152.08835	107.96858
136.46942	74.29451
172.08241	90.20084
118.84412	87.4265
152.68015	63.708076
139.86838	110.44795
130.28476	80.10598
155.89444	96.88728
128.48422	107.57711
141.42589	86.02208
151.3449	89.086075
145.01077	94.62829
158.53387	77.02517
135.17937	113.20809
151.41853	73.17534
158.86526	112.00273
129.0929	98.78072
140.89835	67.25219
168.45895	109.44141
127.10408	72.14778
165.33548	81.014694
139.83655	103.151794
150.18565	79.64792
172.70049	98.8752
602.9045	403.32227
613.673	395.32068
609.3788	409.40317
596.3425	399.30466
608.64514	399.89905
594.37476	409.9417
608.68134	390.171
611.15173	416.31122
589.8422	397.23218
616.2305	399.74896
598.015	413.39297
595.8269	391.76108
617.32916	406.00696
588.32855	407.14032
603.08905	386.62173
603.89905	414.84976
808.98236	397.92273
829.0508	398.98062
814.8248	412.9435
819.2806	399.35986
826.153	411.28326
806.5805	405.3283
823.4302	392.64536
820.4037	407.6133
815.7898	392.62836
825.68933	404.32898
814.05145	404.4254
160.63512	261.7461
148.29218	272.08554
136.72208	256.40558
154.91866	246.03362
151.75027	259.91083
136.36902	246.75638
161.28683	268.88495
134.99014	263.5703
165.91037	244.79019
140.3532	267.96796
129.24768	261.98264
154.85394	270.0291
136.5925	278.3223
147.32262	243.38286
152.56575	281.4878
126.501854	255.47311
165.59341	262.8616
143.48341	275.51984
141.14731	238.47261
171.16782	263.91412
130.94083	271.57117
145.50143	250.63785
147.66539	515.3397
138.5039	486.91788
157.91493	493.22607
138.49065	509.95337
143.6174	490.9371
151.6828	504.58026
135.47934	494.87045
153.59361	484.48846
144.80005	506.48135
143.1003	499.95502
160.9811	500.6544
133.26347	505.16147
149.93591	494.55777
156.43901	509.42245
478.86688	401.09155
499.8565	394.62515
489.49213	418.71542
489.37457	382.86758
504.77002	409.72574
486.65778	409.6232
499.67416	385.2741
490.4646	403.99405
485.15396	388.02673
507.86368	399.3554
483.4084	416.6976
492.91144	391.02304
513.8326	418.4008
473.78534	407.67505
508.9721	391.2104
504.22467	417.6337
487.59796	399.9561
515.3393	407.37653
477.86987	417.9335
499.96997	377.4787
494.82413	408.90082
478.54135	390.80997
513.09033	395.61124
498.98798	421.88315
