153.87961	564.5181
150.57774	571.3122
156.65128	557.2707
156.92026	576.2866
145.16124	563.71655
162.09692	563.7123
150.18463	577.62
147.79765	557.8466
161.51993	570.76666
142.79453	569.19635
617.4903	384.22772
612.1571	402.64117
605.8081	385.85938
615.06995	395.2922
605.46954	398.1092
610.87366	383.9391
624.1635	400.60745
597.7993	396.76312
619.9865	390.9853
610.3477	409.71405
600.25824	389.80896
627.276	394.17218
602.91254	404.44388
617.26215	375.40646
621.10913	410.71225
593.3491	387.10385
629.7354	387.77692
603.1117	409.9581
604.452	377.0528
631.6969	405.66144
593.2948	401.38312
623.4285	380.2642
616.8268	406.42825
763.16046	392.54825
771.47955	395.48242
762.6228	405.04047
768.24335	390.0572
779.27356	402.13303
760.18024	397.42722
777.2255	385.9148
770.93713	402.2553
764.66345	382.077
781.72034	396.78107
755.53485	402.0746
773.1532	380.19098
772.3944	408.41037
758.0497	389.18393
779.6413	390.94952
458.7141	110.247826
449.41757	72.6592
454.67267	97.17844
425.6535	85.77467
464.89267	79.34651
436.55768	90.886826
449.445	104.99773
455.85947	86.10372
430.71826	107.81755
454.45572	76.798546
465.24908	113.03329
430.5455	80.92078
462.81378	91.82487
438.84406	109.76469
445.21844	85.38905
458.96664	105.60342
448.59775	111.49339
473.4129	73.51159
456.50494	120.716896
421.88858	89.743546
477.13257	93.76478
431.9707	116.570885
438.79388	74.536514
473.4218	109.50343
421.08185	97.66068
472.13403	84.880745
436.5572	119.51634
432.41757	71.23902
470.31308	98.72423
437.98975	97.17557
160.36829	371.92258
161.495	392.62695
140.68558	374.54926
166.8114	372.99396
150.49898	387.4594
151.49565	373.56476
153.04755	380.70636
138.83237	383.0102
163.59389	362.30457
153.80821	399.84616
147.05118	366.3327
162.00839	380.16046
143.74986	388.77432
154.56743	363.30927
166.77771	390.04547
135.83743	375.50653
168.54683	367.74548
146.84024	393.81705
139.21811	363.6474
165.12233	384.7077
136.95502	391.56506
158.04619	234.89316
153.48773	254.98679
147.5151	241.60327
175.7739	233.7239
147.7818	249.71172
143.33415	237.86551
163.4467	257.80444
130.15042	237.9941
164.829	230.6641
154.85457	244.35909
139.9574	224.7653
161.43028	244.03511
140.56357	260.5962
149.77924	231.07675
171.3406	244.67883
140.90631	246.44312
166.09229	224.908
145.93729	257.12332
151.34494	222.35759
168.78575	260.9405
134.60603	250.22148
158.7692	220.71077
148.4544	265.03705
134.69469	228.2655
166.25732	239.3405
494.74228	402.85956
500.01813	389.1541
514.50916	398.37064
488.15463	393.4818
506.88812	380.7646
499.65228	405.26535
485.6435	384.0805
508.9223	392.19925
485.03613	398.701
497.21924	382.6587
508.4489	403.64508
490.56845	388.02322
521.9	393.79404
488.0931	415.37354
497.85464	375.67017
520.9798	401.24896
479.33902	399.65155
516.35144	381.93967
508.76807	410.42374
489.069	375.06317
503.18237	395.32117
486.84366	407.34357
506.56845	375.48422
507.0119	418.2477
481.23846	390.7373
517.7586	388.06723
502.04657	411.33017
702.37054	392.25116
712.93445	399.78543
695.1195	396.55048
701.59576	380.48972
701.1287	399.12094
686.13715	391.54535
708.54675	391.349
693.6823	406.33536
694.80676	383.7247
707.38586	404.20016
686.48785	397.35297
708.2277	385.1379
702.07184	409.3368
690.5437	386.63397
713.82416	393.99957
689.6288	401.54993
154.54877	486.05743
158.18008	504.72968
147.82616	488.36563
162.5244	486.53964
149.39604	494.08234
148.83562	474.31158
157.44106	493.25372
137.13828	492.38168
163.17563	480.44644
151.88297	499.5202
143.30702	479.99014
167.9614	492.64786
143.6372	501.5606
154.78902	478.48486
163.92052	497.361
142.58792	485.24
165.29776	71.95119
152.17271	111.74492
145.81041	81.69047
157.0415	85.19132
149.43556	103.63108
145.64737	54.715813
162.90726	108.40546
146.10739	69.64492
177.0469	81.19307
131.21538	102.52238
154.97656	76.138245
163.41222	94.243805
139.67297	87.38078
166.77545	63.03181
146.84059	92.56039
139.41203	74.43959
179.29533	92.4213
142.90167	103.12014
153.07658	66.54403
170.24707	98.98866
128.42227	73.68806
171.72342	76.394554
132.72885	88.906
141.87785	60.51841
164.18509	81.16199
134.42377	78.892235
158.38963	60.95144
156.75595	96.2973
722.70874	63.26364
745.6947	65.12596
739.70465	74.5892
746.89075	57.93795
757.0964	76.78517
730.4721	69.55055
758.89325	60.85201
743.6832	82.99659
743.7982	50.68808
748.51526	77.79765
725.1263	79.64464
755.18384	68.06352
751.7922	92.47703
724.3829	70.51318
763.05316	68.545784
741.7256	95.11289
751.09503	51.921448
760.82086	87.96483
742.7008	69.1068
755.85876	55.022438
734.85956	86.39891
734.2139	59.2672
763.1065	76.213295
737.99835	79.99443
382.5517	382.75372
396.27148	407.54196
365.19086	391.88684
372.6336	396.84344
372.00983	407.71115
368.2927	382.6662
384.22772	387.6431
355.4974	393.49783
367.708	371.3748
377.51227	412.47836
363.35382	384.1426
393.8089	397.57172
365.643	405.28937
376.6701	379.2855
381.95975	399.56415
352.5274	399.69083
374.7229	370.57788
369.20297	416.30695
348.00488	386.96716
387.94278	402.50467
359.31934	403.77072
390.07834	390.5091
385.0022	413.44522
354.998	386.97256
398.1757	392.48846
360.28503	411.18677
360.30096	373.93808
380.0019	406.2723
347.59195	405.25824
389.85825	380.24423
