778.37573	393.17987
772.30707	395.23883
776.8767	387.4069
778.48773	401.69818
767.6815	392.70233
786.06195	391.0218
769.3485	401.38522
770.14844	383.75684
787.682	398.0063
762.36536	400.33017
778.37134	381.1736
778.6315	407.54144
764.20447	388.29547
157.70465	377.4771
160.19727	394.9843
155.64864	364.9495
158.33046	387.2009
139.9385	398.09756
163.31888	367.31955
146.07957	400.75983
150.49207	383.35773
169.29391	395.05386
152.53152	393.69992
143.80289	381.69177
154.98398	399.01605
137.58284	381.56677
166.90729	388.4165
139.48807	402.36932
145.33524	371.18942
164.07199	405.18253
134.97232	395.2214
167.05917	376.29932
153.12828	408.5298
137.9235	372.03125
173.50046	378.4614
433.9344	104.55428
430.18945	88.7596
453.06567	96.85874
432.68076	96.59578
450.2133	87.24287
440.71338	93.11523
450.74887	57.568367
468.70044	85.1978
417.51123	97.35704
471.24603	79.022194
457.6584	117.993996
425.02948	82.664474
450.51913	108.73214
434.2316	114.912636
452.84677	69.7192
463.99722	118.27389
457.96323	93.244736
458.47592	69.58916
453.39282	123.1452
447.43085	77.33157
472.9471	100.89676
424.4167	119.408005
461.3523	84.95025
468.47632	91.40934
415.8294	88.278786
472.64227	71.71999
447.4213	118.38143
429.5581	75.3969
475.73737	105.23918
429.45453	113.61021
165.7925	237.15242
156.69559	230.37358
138.99712	243.77498
177.46819	243.80965
155.19577	255.7959
157.51334	218.97295
171.87988	256.53632
145.82777	257.45142
171.31656	241.25554
156.11896	240.17395
140.76662	234.23921
171.72665	264.3809
139.52626	259.3426
148.53006	240.89388
146.64612	271.2413
129.70978	241.34134
172.89578	227.30624
146.0646	265.05798
145.92212	223.93619
178.03687	264.6781
134.41106	249.82942
148.42337	229.55754
153.96767	264.1917
135.88655	231.2399
162.68475	248.61836
129.6598	258.47568
495.8391	391.68903
509.84125	410.83698
497.07245	402.7408
515.77423	377.76688
504.6416	395.70633
490.6477	387.60974
501.5689	388.70905
473.84293	397.17252
502.03842	376.4089
498.01407	408.87662
499.95502	399.53345
510.13882	385.439
488.0899	402.9269
495.5267	368.3524
522.4693	409.341
482.97787	390.0506
523.6585	385.63034
515.43835	416.97223
483.65323	378.9194
520.43555	397.9471
477.99127	412.30072
509.16953	374.5181
497.91852	417.5857
475.12256	391.1632
520.49316	392.28882
483.50723	405.06915
491.5146	378.15845
510.7558	395.40118
153.09521	83.88451
162.46591	86.28838
157.2169	109.83738
132.58955	80.93683
166.68738	78.60823
155.68948	93.4967
169.24767	71.41606
163.60092	97.667915
145.17166	59.60003
164.47726	55.7451
150.57607	101.95563
133.48079	65.30099
153.07364	68.96784
132.02249	110.83073
160.92844	65.64704
160.04773	117.61308
126.394325	69.06325
181.03043	74.23137
144.22406	85.500626
144.93602	77.02465
162.3213	104.492966
127.39541	86.621284
173.68585	65.1241
135.48282	102.72988
139.18712	96.234024
171.82579	91.16435
133.47437	98.43017
154.49138	59.37903
177.31683	100.275055
600.1598	396.64093
621.02527	390.62888
612.50256	396.1085
605.0069	387.64313
619.6342	398.86368
601.0393	407.6483
617.922	376.14618
611.34485	403.20273
611.30774	390.16736
636.0325	394.13812
609.35583	411.8448
606.81433	375.65112
624.8592	405.90634
591.9304	397.3539
625.2249	381.08746
617.84973	405.442
601.48596	382.82318
626.8437	390.19766
594.50336	404.05377
609.74225	384.1331
615.17163	417.58228
594.07513	389.39337
630.3705	384.81085
695.1665	393.32257
700.3051	377.65778
708.15466	399.1251
708.8376	391.84113
712.94073	379.43372
698.3007	400.78876
687.90704	392.5295
717.8633	386.8259
693.94867	407.9532
706.6204	386.9868
717.1676	406.65497
698.98737	388.31216
721.6812	394.516
705.6309	407.98724
690.46545	384.68945
716.3772	399.90546
689.0326	399.65228
705.7755	381.20618
710.72546	410.59824
141.1635	481.61768
159.29689	491.38248
153.3611	494.50668
151.75243	489.05243
161.88168	497.35873
142.06743	498.24805
162.86992	482.107
156.35324	500.41254
149.81012	483.22754
166.202	492.18466
142.01	504.09894
156.63309	480.37076
158.03293	506.48895
145.8136	493.5869
390.56906	387.46423
380.76718	416.2561
359.12238	372.2398
371.27057	384.7926
373.52744	403.64545
385.19366	392.68317
362.61047	391.37845
349.46295	385.0163
394.27805	394.21582
382.99585	408.99133
370.53183	378.56046
381.80902	423.46484
346.86627	391.8516
385.76105	378.71283
365.40656	413.34512
359.94937	381.7637
385.5844	400.65784
351.89886	397.89972
380.27643	372.6824
378.54	401.2434
366.91257	402.01468
396.13467	380.5973
355.77457	412.63388
369.1563	369.33716
394.4884	408.9234
357.49005	404.36313
380.66495	381.63116
366.23227	420.6258
350.11432	376.9634
391.5291	401.17255
748.8163	74.85134
748.046	65.74455
759.58014	84.28729
721.0797	75.16511
756.7821	59.699005
728.9532	90.048996
747.2533	57.098595
764.6352	78.904884
727.2268	69.21861
757.0198	54.1002
757.16205	92.62534
732.782	59.55625
766.0028	69.99838
749.47906	84.95993
738.0124	47.097054
755.9732	70.35649
739.98096	79.062454
763.51526	56.59963
732.81616	75.76915
724.5859	55.56402
732.29297	66.454414
726.43726	79.59352
744.03015	49.856384
740.1676	88.73607
141.40927	563.2855
163.28232	562.9594
152.47769	578.11536
151.74857	556.9874
158.28986	567.307
149.55148	565.39246
158.53043	555.8775
155.47208	572.63806
145.43642	557.84467
164.56978	572.38947
146.5181	572.3556
