764.20087	63.014282
747.1105	70.08235
742.4459	66.09487
761.41534	84.89671
730.3706	81.532394
753.6065	78.66863
747.79785	72.983086
737.181	59.868874
766.9093	74.61269
731.9821	90.43562
760.87335	50.390118
747.85077	92.22924
733.8727	65.46153
757.7479	74.720055
739.8087	95.7824
759.84973	57.46937
776.4679	80.45012
735.7922	72.714554
769.00397	68.675766
743.42615	84.21562
743.243	54.26176
717.3414	399.9981
706.6764	405.03418
706.9158	398.49628
712.4459	409.0245
697.5605	396.521
712.2679	389.9527
698.1498	407.63593
702.3631	389.25317
718.6173	408.01385
692.4584	401.5855
707.0624	392.77817
704.1859	411.9372
441.55133	105.22794
454.30597	135.63893
417.69083	97.95698
422.841	129.18936
487.222	109.72599
430.32135	97.9128
438.7436	69.869835
464.75702	99.84655
443.7496	93.75022
444.90054	109.94432
428.91074	112.111145
461.7877	91.33854
471.5316	117.74724
418.21942	72.63524
470.79852	109.051285
442.18475	124.06065
444.35138	89.91906
459.45953	114.43988
421.27036	115.55188
474.7693	80.32454
431.97217	102.904274
429.43195	81.94287
473.3138	97.99696
438.74023	132.86726
457.098	65.80745
461.03622	136.3406
423.29477	90.440506
481.10406	83.68974
452.0668	129.85056
464.9952	80.08592
176.55463	95.08513
136.00249	94.56839
170.28415	78.09914
138.50526	78.0934
155.03989	83.79011
172.1815	90.49599
139.22525	112.668846
150.54453	69.25488
150.45479	105.65784
130.6467	98.508705
175.30325	79.047485
142.99178	103.820045
124.25144	79.18321
171.95255	119.178116
128.02269	112.17589
155.89375	103.777794
154.89473	115.25293
119.396225	105.31155
141.03943	93.756226
147.31262	116.75214
135.45093	72.86502
165.94077	98.53673
115.76711	90.07811
161.26883	77.93925
158.39487	121.53988
133.36711	67.926476
159.31505	87.237526
508.65005	426.74268
498.85736	384.8587
510.1399	396.15598
504.7453	393.96704
523.734	390.13837
510.37115	401.92795
518.5624	375.21136
540.5392	400.8115
502.39984	422.2062
530.7052	401.532
505.79037	411.46167
497.4974	403.5455
524.7494	404.6444
515.49646	423.28363
517.6448	384.14334
539.8102	412.18994
490.3836	405.95062
532.0716	386.76816
524.8197	412.857
508.1726	378.85132
537.77185	393.94424
486.2337	400.5976
521.0757	397.5898
515.3507	417.94305
495.4746	391.95395
391.82532	405.91113
351.25174	413.48248
363.69598	409.1159
399.35013	407.3877
359.37823	416.31317
373.09256	380.44998
377.57306	428.65372
356.02557	387.67694
386.989	389.4866
374.27512	425.0735
376.17706	394.19128
380.22812	409.76254
361.54932	394.32468
390.96576	381.72772
368.1898	418.04095
373.19107	389.8682
393.93768	400.17236
344.94864	409.4815
369.82495	372.11966
388.05273	417.6107
345.3095	391.7051
398.5643	394.42993
358.95584	421.52118
368.4969	383.21423
392.05746	411.57974
351.52365	395.56757
383.21384	373.22626
367.9613	430.42667
361.13116	377.9605
830.61755	401.01926
813.87256	406.75967
822.66437	391.58557
824.08887	406.06314
819.96326	400.1169
829.6003	395.31885
818.5711	412.3349
817.45605	391.2385
832.1615	406.57556
812.24554	399.61017
150.69902	257.89014
158.25809	268.4842
131.28036	256.2718
160.35611	276.232
130.05486	273.4247
126.142235	251.4637
149.69131	297.34244
142.57614	288.31302
166.58809	269.13568
141.69766	278.66132
141.2283	261.37692
138.08304	268.0294
122.02956	284.7468
159.97679	262.0323
161.6402	285.14713
129.86191	261.08316
170.19423	254.20992
130.39981	289.42773
143.16998	245.26074
172.75537	276.25702
151.79485	271.71628
169.0808	246.51472
149.48685	290.4611
144.71657	499.88232
158.67906	503.00348
147.84483	508.7731
142.12515	492.08307
153.87543	510.11444
135.73666	494.85385
160.42151	495.14117
151.35583	502.32333
142.17729	483.32764
150.84317	495.14584
137.7587	503.11972
152.56017	487.92114
162.49738	411.4272
147.31003	403.51285
165.52536	401.73795
143.64706	414.01846
143.45749	385.76666
154.16338	404.80698
128.65599	403.99637
161.36526	390.22833
142.4124	421.75302
136.80995	391.8069
157.26608	398.07413
137.24895	410.93536
147.4524	394.2867
152.53787	412.54868
139.39389	398.46967
632.7895	395.97955
628.95013	417.2064
623.14453	400.62494
644.94244	402.02777
618.22144	409.52
630.1043	379.73434
631.6481	410.67172
616.5351	394.78262
640.1398	396.34143
605.6881	404.81354
629.1917	391.478
637.2302	414.0709
611.15564	396.7545
638.97437	390.56772
630.4867	402.32135
621.6903	386.9472
635.26654	406.80585
614.73425	413.20587
769.8873	393.98538
771.41565	407.75278
763.32635	400.39056
770.98505	400.22092
761.883	408.9545
764.3844	389.7102
777.863	406.60022
755.71344	404.27914
776.19775	392.6116
766.1845	413.0899
757.81506	394.02765
