766.6231	398.34357
760.2505	401.22333
765.8052	389.87265
765.3186	407.93134
753.48596	398.27365
772.4847	396.16357
760.3959	411.2811
756.70197	393.00775
771.43567	408.72513
753.8402	405.5561
738.2704	60.34908
755.4116	84.09566
752.1295	73.09109
757.34656	60.469257
741.41766	83.0604
752.1009	64.71926
766.5214	92.504715
730.6659	76.52109
770.9364	64.87659
746.85846	91.12316
745.82733	68.51828
757.52747	77.617935
731.91235	84.4061
751.1349	54.18139
764.7662	82.43604
736.8099	69.58239
768.94855	72.81657
738.80493	93.17582
743.6752	53.464806
156.22812	505.1557
139.7469	500.94916
153.72635	483.80206
147.43712	491.69952
138.41275	485.2565
163.56174	488.19238
148.74802	500.39877
143.34001	483.02155
147.23352	506.55176
137.53593	493.74835
154.83212	493.90683
140.48398	251.53625
133.45775	245.44205
149.80263	268.73035
158.38826	264.14105
162.38335	247.77922
158.64894	271.5134
130.4844	259.8867
145.12581	241.0264
144.29642	276.12643
145.99574	260.63297
155.81197	252.13936
124.303345	253.05966
173.19968	253.06734
148.51158	279.60144
140.18369	243.97383
163.001	254.45374
133.94394	268.18338
158.7728	235.6134
163.00082	82.73052
122.952675	104.42185
158.12912	103.48148
141.67809	123.17656
156.88034	76.82412
163.21208	99.79755
135.31847	82.93388
150.98296	71.26008
146.2115	110.92529
126.28396	89.017296
169.59433	72.722015
129.28467	113.306175
149.91647	84.85808
171.74332	119.38198
135.91257	76.85551
147.29202	60.373028
139.56407	139.64426
137.01424	73.4793
161.9045	89.59045
129.4563	97.31095
146.9172	53.270336
149.15831	124.15752
143.53891	97.59235
174.21841	102.807816
595.8541	414.05313
600.1513	397.29987
619.05	413.9536
588.19714	399.28363
623.246	389.6043
607.2866	402.04333
599.06604	384.49146
602.2275	390.23346
607.69037	416.7203
612.15967	386.17184
616.28577	400.28375
598.7349	403.15692
625.23615	401.6586
610.7188	409.74097
611.9529	391.7458
627.1476	406.3265
592.7714	405.61475
824.9954	392.07285
827.7871	403.26437
810.181	395.15277
817.49744	399.35965
817.6277	407.363
817.01306	390.1801
830.1095	410.31586
810.9762	403.80988
831.5643	397.41968
820.83777	410.99203
484.59784	387.81668
524.79126	406.54242
503.73608	412.8189
506.989	403.51553
510.12384	417.77655
506.9039	395.42657
517.8615	383.67743
487.47284	418.4511
499.38745	397.29068
517.3346	404.93002
485.8104	404.30188
507.97363	387.1377
491.68512	415.36484
488.67328	396.89886
521.8228	390.86102
496.15155	405.8509
499.56964	384.1061
520.52594	412.4438
496.56744	392.83182
707.4022	390.01645
691.162	411.09625
688.6946	390.22278
708.173	398.93445
692.0856	403.65475
701.4408	397.31454
704.9979	412.98584
683.5185	396.9868
697.9322	403.46432
685.7328	409.96967
697.3219	389.52704
706.0243	405.38528
682.52747	403.27737
166.35709	396.38882
146.38914	405.26926
137.66646	378.26505
148.71225	389.97998
151.05907	398.20038
155.3992	368.5897
159.70639	395.0705
131.65848	394.9671
154.01527	375.07516
136.83153	405.92288
145.55904	370.3755
159.59703	404.60663
134.16876	384.55078
152.28497	380.6031
159.00806	387.4158
141.49747	388.45764
453.33447	89.19667
448.29816	149.27682
465.36554	70.27114
455.41367	106.38751
423.60718	127.66051
459.28375	99.129715
474.66675	115.08708
429.42426	99.57344
466.93637	104.299644
419.92487	90.02856
478.18466	102.48757
459.7128	120.47081
430.85187	119.0911
442.97006	84.01184
448.029	115.95923
433.93423	83.497894
466.98422	125.09239
433.42896	132.0783
455.06586	81.07337
442.1688	134.05234
428.80103	69.89297
466.3583	98.0139
441.1949	97.15793
455.37656	67.12875
446.92236	127.08801
421.08026	82.64003
470.21185	80.11026
380.2372	429.51334
381.65356	392.8676
367.95734	373.66165
371.47107	424.91928
377.50174	374.7346
359.60205	417.3274
359.5547	376.1629
394.11786	389.27286
363.21323	408.56216
384.8243	373.24957
395.1053	421.36417
370.373	397.2685
371.0486	386.04657
378.241	422.52692
346.068	387.6798
377.66306	414.63736
352.4272	429.16632
356.55975	405.80927
375.19855	404.63446
346.0699	405.5418
401.43063	398.3156
367.46967	431.70624
362.97043	394.8248
386.2968	412.44058
354.13483	396.12592
384.251	381.89697
