791.99243	60.726532
793.0558	52.992676
789.52606	45.671707
794.92017	68.93388
779.59814	53.446045
804.88434	44.30846
789.50085	65.44679
788.56934	39.581802
808.5685	64.02165
779.5246	59.634285
797.5163	51.383984
798.8378	70.71011
772.3741	53.04131
807.40845	51.447376
780.88696	66.030365
794.0258	35.912956
803.2322	60.09675
773.6072	60.861652
801.43005	39.43089
774.93005	74.27471
779.33484	44.220512
499.36557	83.688385
456.7273	90.119095
464.01337	103.03557
476.8698	99.41629
469.90836	88.89259
503.5717	69.66222
493.33945	109.86208
479.87857	88.426
481.21866	80.32901
457.9064	104.11062
494.4311	68.9057
479.3585	118.161316
458.91757	68.45717
493.33383	104.81423
480.77228	112.51311
485.81494	77.750435
486.02203	102.28731
447.9309	79.42409
474.14972	65.564865
477.5556	103.05902
476.2762	72.97311
500.8745	90.86601
457.77856	94.37895
489.38177	93.94322
488.94278	120.6183
464.92618	80.489395
496.837	61.41377
462.38467	110.6094
469.60678	60.27884
499.13226	111.99967
180.27179	225.31467
169.13155	216.82077
176.79013	237.61382
167.9988	244.07999
192.21237	238.32178
157.64407	237.29532
165.81041	224.3771
171.87805	248.8356
151.61	224.50131
174.26834	219.64542
156.91287	254.39299
158.93347	210.59909
166.57596	232.42268
152.64084	230.1407
169.35399	207.40576
180.25494	242.17216
141.01147	223.33353
184.72954	229.98116
150.139	247.14458
163.66237	215.63667
179.80783	254.13777
142.52287	234.32854
186.11014	217.28662
164.80716	250.73502
154.89844	217.01126
184.87961	245.67241
147.8584	241.68286
179.54861	206.21375
403.79718	406.52463
388.48456	376.34747
404.82184	385.29404
392.69562	392.66367
399.02884	373.4265
403.71582	397.92346
390.8651	383.69162
413.00015	381.89276
389.22656	405.67245
379.23322	380.99567
399.57437	390.20447
397.80365	399.47992
406.0755	378.34512
411.1208	411.3213
373.0656	384.221
415.8964	375.38568
385.0224	416.2364
381.32928	370.82602
412.7862	392.2947
387.88788	398.44763
399.99384	366.56235
409.80695	403.87152
381.6269	394.64603
419.42426	385.31818
378.80063	408.19653
389.74014	367.04547
415.11728	403.5058
373.05463	394.53284
410.38086	368.6819
397.90375	409.03946
741.76056	377.97134
757.08105	400.5528
734.7523	390.58807
746.34283	390.08356
749.70593	404.94196
737.8228	380.3037
761.4881	386.51404
734.31116	397.11566
733.2241	371.69403
764.5718	396.3421
729.8049	386.81363
751.869	382.597
749.5058	396.54807
723.21967	386.53333
768.0496	381.09137
740.0557	401.43005
745.7145	371.3383
747.86255	410.88272
728.66077	398.30698
757.26086	376.86182
738.069	409.35736
729.96985	379.96198
755.7506	391.52744
726.41034	405.57703
750.0187	375.87482
826.13574	402.8727
810.9032	388.72583
828.3402	387.3825
817.6247	400.08084
818.89465	378.36542
833.59814	397.41992
822.2048	388.46295
832.6229	382.5912
824.8444	396.22812
817.74115	384.8111
835.00604	390.13702
812.1749	394.61554
826.98914	377.18762
175.17664	504.61124
149.4256	511.66562
179.58627	497.96036
160.33548	524.8056
165.0384	483.42206
188.25758	507.66193
148.14488	503.5774
184.18027	490.4502
170.42947	519.6629
166.69682	491.50763
160.6979	500.00424
154.74387	516.4592
170.263	497.40958
174.15837	522.6859
147.18295	493.34637
175.371	485.44516
166.67068	508.10248
157.32011	490.60187
183.46695	503.17416
159.7822	509.3536
168.30492	477.9084
175.08513	511.97128
153.38795	498.83432
633.4538	382.74274
642.0116	393.3952
638.5249	376.6229
651.47925	398.49216
624.3659	392.74432
645.84436	384.9596
626.77014	407.68387
622.42346	386.19543
649.3744	391.6251
634.67786	398.8297
650.83966	371.6675
639.11743	400.71683
631.292	387.09726
643.6505	375.76425
631.53235	413.9813
622.93854	376.81686
658.5721	380.52057
619.3297	404.5905
639.2395	368.38385
639.52563	407.51935
613.3356	382.48364
654.957	387.08304
628.52655	399.43466
629.9801	372.44604
657.1374	401.22073
619.62115	396.47333
883.78455	378.82916
879.56445	403.6067
867.2494	381.99915
890.5496	386.0865
867.49744	399.656
876.44006	379.06985
884.43933	394.36957
871.03467	385.59283
883.1791	387.81165
875.8666	397.34454
877.8922	388.91687
890.3348	394.253
869.2918	393.08075
526.7815	369.639
518.3944	398.08832
508.54874	381.57843
543.77905	394.8987
502.73883	398.1278
523.265	386.21637
540.7835	404.84344
502.46167	387.38428
530.42346	380.23383
517.1208	408.32626
519.5427	376.9579
525.61896	392.0737
517.86194	389.82626
532.6751	366.92163
524.1009	405.55872
510.5	392.85608
538.64264	387.98138
507.42047	410.2044
513.7154	368.27518
535.3163	397.40802
496.9252	396.9064
537.63324	381.71494
521.4018	417.722
501.5454	382.32425
544.8465	377.7355
511.78827	403.76135
519.584	371.66797
532.2294	404.5241
498.8409	376.88507
175.88481	359.68402
163.54633	401.14713
158.92752	375.66797
168.86028	366.61954
173.3909	372.98273
165.38107	348.48557
181.63202	368.88763
156.1658	364.78558
191.96053	364.28595
147.65103	385.35703
162.74892	359.00998
177.51099	400.85883
140.69156	374.85297
182.23366	362.13965
168.6483	386.01572
150.31381	358.60864
189.65823	382.39603
160.62114	385.44888
173.375	353.7287
181.52513	382.71423
153.37094	378.31427
191.72394	375.70532
156.52208	395.8834
159.17245	348.49283
174.26102	378.0846
146.91048	379.99066
169.69101	51.26647
155.6677	98.96724
151.32228	55.288383
158.8745	72.813095
158.15613	108.03259
148.01941	82.75153
180.19469	74.74318
173.0475	88.668724
166.28659	77.32472
146.25201	87.8907
157.77971	62.51214
179.64165	93.0806
156.83076	84.88759
182.28818	50.033783
186.52263	88.35561
149.67987	69.65398
195.18045	79.173416
175.42722	100.30862
171.94676	60.90287
190.24506	85.60844
138.60907	81.721466
184.83333	56.011242
167.26859	95.57369
158.02448	53.198242
181.74542	83.932594
152.76993	94.063385
175.19719	73.92116
171.2697	109.59652
134.69559	72.74294
182.6059	69.859695
