816.62537	391.7403
825.7223	395.19208
822.9626	387.66025
828.05646	402.98807
809.59265	388.8888
829.34326	389.91867
816.9303	396.64853
818.7456	380.51865
834.26855	395.5521
809.68915	396.78793
827.17694	380.68127
823.78906	408.40744
814.6012	383.9543
834.8815	386.54868
816.3468	404.07343
153.64066	460.99933
160.88663	474.1085
142.57835	465.021
162.492	468.1411
150.42348	473.32892
151.88348	467.6772
172.41809	474.04117
151.46182	487.5786
151.51968	455.5429
157.6701	478.20737
136.07791	470.62012
171.22063	462.4078
151.63356	479.22583
142.69539	457.35687
171.08565	482.3255
140.66557	477.28043
164.26181	459.69638
159.8594	485.096
141.19426	449.49887
151.49297	76.46696
139.58623	91.07655
161.37796	69.51245
173.86792	106.634056
146.63193	64.20318
169.85147	63.88555
160.28766	87.267944
146.60875	78.12569
177.74438	78.27319
125.48285	92.63572
155.39722	67.84233
164.44168	91.391716
144.61218	85.47798
174.25188	92.2101
155.01605	95.702896
138.3068	67.197205
162.57889	79.22212
135.73615	85.06911
184.20912	64.29174
147.92935	102.34486
131.57419	68.15815
181.30084	93.750824
145.07059	95.8347
156.49927	61.1906
166.57765	113.90376
131.56802	76.531944
172.87054	72.72496
141.46172	103.15609
146.20535	53.82909
756.3615	395.95618
749.8385	396.8985
753.5675	388.105
757.39044	403.34375
742.8294	388.4654
763.4144	381.92358
740.8869	405.19693
752.671	378.9187
761.9628	400.1505
733.9362	390.07108
765.6227	389.35315
749.40765	405.3869
747.8702	379.70267
765.74084	395.49814
740.6842	397.9421
758.56995	380.12302
761.55975	406.57278
741.1788	381.83722
479.55753	76.66965
462.37198	99.31727
448.3893	84.42821
457.40338	91.85494
441.8527	81.6211
463.10864	89.382034
435.44263	108.2618
430.31024	70.82128
460.92667	105.29677
429.6814	113.6225
438.8444	74.233116
448.53116	104.02008
441.5695	94.57937
456.31134	62.986137
450.11362	122.136375
440.78442	68.46684
465.12823	115.1625
419.5941	106.96616
461.17783	77.8584
437.69135	99.063095
435.03082	102.77535
466.23373	96.08398
437.76398	119.024734
452.64874	67.30179
478.67352	88.69798
416.00986	77.99456
468.15054	80.254074
435.82773	126.26505
430.6507	91.69181
470.7999	104.31964
479.81357	388.9373
489.68164	382.83524
495.5751	392.43683
482.3872	398.02637
510.59488	386.13452
481.7547	405.4084
490.21182	373.25754
497.09027	404.7751
470.7723	402.81195
488.35907	400.32587
489.0796	416.61044
482.1424	384.1835
495.3543	384.8908
476.5274	410.72778
487.4616	369.18683
506.01138	395.21185
462.17816	392.79422
502.75626	382.99765
488.18018	408.5445
482.67596	375.7409
497.58356	397.34106
474.78214	391.92603
497.26495	376.87317
503.38135	408.51886
471.38412	387.346
370.1243	404.43298
368.69537	395.89252
380.04587	397.83267
392.74774	390.01373
357.15848	401.30127
368.4936	374.0557
379.7845	404.6965
376.49823	386.7967
382.45844	388.8342
349.75934	403.24353
378.83832	366.54083
377.7684	413.8753
367.3726	387.16565
387.19916	382.93494
358.81165	411.66113
364.7034	382.02734
392.8382	407.23563
352.83392	395.58185
380.55023	379.07092
372.11786	413.4001
358.01968	382.43024
396.08417	377.87357
363.8674	404.03687
362.14325	372.29132
385.08734	407.48468
349.18442	386.62595
385.38763	368.79047
365.878	413.95026
353.17535	377.6386
390.41174	398.3808
567.395	395.36765
585.3825	375.35754
592.1996	402.15363
574.3298	395.4782
583.8457	398.31244
574.3917	401.56366
578.79175	385.28354
598.39374	398.72186
585.42395	390.92328
591.27014	388.1115
581.0021	403.56238
571.2348	382.2408
605.1829	388.0713
577.30615	410.57397
591.6645	376.2584
600.61237	408.0411
568.80835	386.53723
596.6992	378.63916
590.04846	410.9773
581.16125	378.35107
598.2942	388.78278
136.40604	368.5218
158.07927	361.87347
154.12206	372.69193
151.92851	353.74136
166.55098	353.77966
145.17972	378.50668
154.33653	340.40082
162.49292	367.32965
137.8333	362.99542
161.5212	345.1916
163.0679	375.3449
139.89713	349.8499
168.4632	362.12466
144.75946	371.97516
159.14896	351.8376
174.35658	370.2281
143.58205	357.80234
173.72575	350.80237
149.77895	364.1976
147.32162	346.8968
740.46826	70.500336
730.96765	96.49114
755.972	63.80551
742.62573	79.702614
718.3219	65.749756
749.35583	70.86203
739.9921	96.275955
740.6332	61.964222
767.71625	91.82219
733.9092	79.0862
765.8944	61.292397
750.5709	92.39301
743.0729	50.20166
766.2524	78.28813
717.6471	76.072655
751.92535	50.691277
750.3014	83.51841
725.8737	74.29622
765.16943	71.344055
722.646	82.94502
727.8468	56.218273
753.9779	74.56971
729.72534	65.13582
751.7157	58.916912
757.0128	95.90544
735.6145	59.81891
175.55724	231.34773
135.02022	232.0601
146.63177	229.08682
168.46773	250.91797
127.31693	236.21231
160.23018	223.51978
156.78514	251.66316
142.33185	218.2895
173.61601	238.79353
150.97556	244.92361
155.45468	221.23929
147.33507	255.13428
140.16118	224.70638
169.52287	221.7626
144.80608	249.88211
154.79672	233.09042
159.50687	243.28455
148.56676	237.1969
170.62822	213.85979
167.32693	227.6589
153.13568	212.39029
181.84091	236.50969
132.95712	242.51042
146.3257	207.03667
162.99673	254.78178
662.20294	388.69705
683.0625	394.12677
673.46466	399.8721
673.3948	378.65195
691.3017	398.6077
663.93835	399.7659
674.0332	385.6626
677.7075	394.51044
660.60547	376.68484
688.93396	390.78876
660.16205	404.11127
669.03	394.79327
677.07764	408.98334
655.9559	384.23074
684.15485	384.18176
669.8583	407.88037
667.11926	378.9632
681.7827	402.72894
654.6148	398.8286
680.9364	374.0982
