615.0865	392.97202
600.1719	406.8474
598.3382	388.23453
607.8541	394.11734
593.1638	391.2252
619.31793	387.5842
608.1474	400.58978
607.4968	381.2918
619.5509	404.32336
591.5718	400.16663
612.6179	384.23215
612.7748	407.84756
589.7251	385.43146
623.0092	398.2788
595.575	404.9492
600.4347	380.50867
619.02185	411.2194
597.95544	395.98355
621.5215	380.0423
604.2731	413.9001
146.1757	364.7386
158.00514	365.78458
156.20255	371.96225
143.38826	372.6219
162.60376	392.4763
137.07652	382.48856
165.9467	363.1616
154.51804	386.74847
144.94016	356.27444
166.13934	384.74127
137.48239	370.52975
157.85959	355.38754
147.13193	379.03827
140.4939	361.42447
170.33667	374.28296
136.53543	389.01376
152.81429	358.3526
158.82294	381.20807
684.0095	393.13727
697.6188	384.8428
692.2599	410.83673
693.1331	391.96884
698.6663	393.71875
688.0683	401.90765
696.98004	379.86298
699.66144	411.35126
679.3331	389.33566
711.2106	392.88837
683.8158	406.37994
683.7335	379.48804
702.0868	403.97348
679.3507	400.65552
705.5482	389.4906
695.2604	400.8521
690.2326	386.86407
709.33484	403.8211
155.28506	499.20142
148.47423	485.68512
159.12062	481.77408
146.39883	468.5498
164.69327	479.77335
143.77007	492.1442
132.63072	477.26212
169.21078	492.05722
141.26909	486.8688
159.98552	466.05933
153.84628	490.61377
144.72134	475.7895
170.20436	480.3758
142.06015	498.3421
154.08444	470.4793
162.6268	491.93237
133.2098	485.46844
159.76787	473.80795
367.47626	418.69684
374.15878	381.15506
389.39203	393.84753
375.8853	406.66574
375.27286	389.02765
371.0157	394.36865
350.87836	384.75415
351.222	390.36
362.00174	410.8737
374.97235	373.9228
398.17108	399.501
359.4873	394.50568
382.78464	396.3075
374.23834	411.9684
359.9788	377.06577
392.19214	373.27975
347.633	412.26938
365.83347	382.8794
384.20557	401.56076
353.24127	405.6431
384.09418	385.66196
359.98944	417.6334
346.96332	374.5203
388.02704	413.66095
359.43805	404.83087
384.69882	376.9797
377.4602	423.20526
347.2939	393.72275
393.53976	388.93784
820.8452	406.87827
828.02606	382.99896
835.8026	398.94125
824.4741	397.0861
838.741	388.8721
828.621	402.15833
819.56134	388.19736
832.24725	389.35742
818.5809	399.91705
827.8788	393.5418
833.27374	406.46075
815.118	394.33298
126.71051	87.0794
162.53702	111.334045
127.699585	64.98574
170.3255	99.97718
153.68497	84.95607
169.9332	91.11163
139.95493	83.90548
160.29138	77.189156
183.48639	85.56748
150.21806	93.62267
145.7932	62.98698
153.33907	107.28966
129.07495	95.087326
168.54663	70.28335
143.09163	100.284454
156.2833	55.968407
166.10555	82.45857
137.74155	97.31428
155.17233	62.292664
160.79366	99.022964
130.04211	76.08597
173.84195	81.70717
144.28891	109.39822
142.90948	74.41033
175.7117	96.56281
119.59459	71.58293
158.48514	63.989918
152.20583	111.90884
489.70963	391.79156
499.91852	407.10394
482.8601	398.83273
503.7274	396.12283
509.21695	405.45465
489.79926	398.1507
523.5995	395.0702
499.39948	414.8357
495.2182	373.28882
515.0322	395.688
474.94635	406.28036
509.9383	386.22888
507.12418	413.69888
489.7128	384.7645
499.329	389.3543
488.18292	419.20905
498.4042	383.8286
516.68414	405.62787
477.4537	392.3571
514.4904	381.5566
494.2588	400.7873
488.75717	375.7045
524.9721	382.94897
488.8693	407.63605
505.02548	379.25824
512.7062	412.28622
479.86255	381.65436
768.3421	394.51743
764.95276	407.2243
764.0924	390.37952
776.7872	400.1302
755.59033	399.415
773.9529	383.0656
769.58215	402.06882
753.76697	387.9328
780.25745	394.9573
755.6387	405.37762
765.9829	382.62872
777.98126	405.4854
760.1763	396.79327
777.3847	388.8225
459.41412	112.25802
439.56046	93.487595
463.7268	96.74681
418.30127	121.8408
458.8228	62.755516
444.63345	116.948654
423.98468	92.25681
481.55005	108.1026
433.26645	111.75386
476.49518	72.0479
450.1971	97.206474
425.01715	103.02135
467.59894	82.403854
448.6225	108.59894
453.2801	74.72226
469.23364	107.96787
430.84335	93.34847
424.5996	83.26018
472.09082	95.348015
418.41986	87.47863
460.66724	68.221855
449.6298	122.85315
439.83594	65.495224
473.837	116.798546
422.88214	109.44608
448.96924	91.25082
445.25824	134.56815
434.58023	72.69145
473.92627	87.51293
443.7455	98.081924
750.268	53.145344
751.95636	72.30882
724.0267	64.352486
759.3858	44.451355
743.54236	90.99507
733.6905	49.771767
763.0672	72.31433
734.84314	65.37854
746.9818	65.07206
759.42957	78.39257
728.3289	58.74372
752.95856	61.976093
746.93774	75.02917
746.01025	57.416115
750.8711	84.92508
731.34906	77.35171
743.3959	47.178585
736.7074	83.21822
739.8905	59.027386
769.61633	64.12946
734.2203	89.963264
762.4962	63.40589
163.25287	261.47885
152.40749	247.5207
157.3887	236.93376
159.496	247.69919
140.65512	234.20981
175.93668	251.62369
137.70879	254.26372
147.96417	228.1888
155.6235	262.1215
141.54697	242.07361
172.69777	234.09102
136.52364	263.4441
156.79602	218.50772
162.94202	231.36441
128.90445	241.81494
157.30835	228.11768
130.65572	253.92996
143.05046	221.32785
164.52985	254.19344
135.85849	269.83688
146.50053	245.7659
172.84398	261.30627
135.50264	232.4744
171.4219	242.93277
