776.74866	398.98053
770.2229	398.021
776.2578	391.30243
776.8707	413.48346
764.24036	399.23517
782.4213	396.16183
770.9421	409.11368
762.64264	391.80695
778.62946	406.1433
762.5356	405.30515
760.5994	62.6393
756.5305	89.58329
737.03723	88.67531
754.27734	68.695755
754.89636	80.0015
740.58215	53.43102
761.4254	103.596375
728.7011	74.81331
758.3893	53.24765
747.2587	87.465
742.24493	65.86101
772.553	77.33884
746.2651	71.67036
751.2172	51.796562
768.25385	86.53974
749.9179	60.222797
770.4496	63.321613
733.0282	88.37183
734.04504	58.39804
749.9911	74.99268
724.3572	81.64341
153.91573	487.39087
148.12671	502.237
137.03146	493.7199
154.79839	499.85678
138.11922	507.9817
149.76265	493.5993
157.18488	507.26694
142.34242	500.03125
160.4416	496.05167
146.20908	508.17764
142.59534	488.77826
623.9812	412.15704
619.94037	400.20148
616.40204	393.64725
613.73083	405.40808
598.89325	401.22137
626.0761	404.25644
605.8246	401.91272
605.6093	379.5905
621.6249	416.48526
590.6331	413.57828
603.9804	393.07202
605.75354	409.86157
595.5158	395.16302
624.60046	394.46466
597.649	416.5666
615.3615	384.0124
613.96814	419.04193
593.46326	387.73795
622.48376	385.85773
609.0279	417.00327
149.10573	250.63733
169.53583	268.7055
140.23012	271.3464
156.80891	259.92798
155.18515	278.04074
133.099	249.94394
147.40286	264.78134
136.39243	284.28616
141.06206	236.58069
162.24026	268.18396
130.55107	239.14583
171.20152	256.55035
146.29224	282.14963
125.254654	258.19867
150.10332	244.0809
126.87178	271.20612
163.73386	257.07684
154.96086	284.02307
145.20567	252.66426
155.41187	240.1152
140.91792	260.1827
139.65382	244.72974
164.54005	278.3075
133.58026	410.45392
165.48637	404.133
160.61082	400.21567
150.69258	401.86087
152.54562	394.27557
134.96039	399.45377
141.97731	396.84427
147.41061	413.26358
137.43193	382.8294
164.80597	393.25595
143.55037	407.59628
143.21387	390.4035
168.11111	408.89914
141.93916	415.30118
146.74733	383.06833
156.19482	419.1866
131.34174	392.60007
380.7622	394.81097
376.73557	408.86945
358.3068	398.05823
384.98688	415.41144
369.3911	397.69537
373.07788	386.2607
362.3965	424.2708
339.7718	394.9898
361.54623	385.78528
368.94904	404.34262
348.74643	390.87424
372.1029	419.54184
344.7585	398.93402
387.84393	393.65167
345.35736	414.0982
362.37408	381.05084
374.46594	402.81488
339.16162	402.91656
386.20236	383.85046
371.47333	427.95468
347.11743	381.01947
383.9186	407.38702
349.16162	408.99994
368.90308	378.95206
370.23627	412.89313
356.91476	407.97498
469.84967	98.43466
447.31503	118.44779
451.41055	114.36233
472.66763	111.75393
423.72153	110.149704
443.36172	61.058533
459.2066	128.79805
436.63678	96.14858
471.71478	82.44717
436.33682	104.33423
456.55084	103.29381
469.80414	117.423195
418.2187	101.66934
444.49774	87.11926
439.49136	128.8257
435.57846	70.62861
478.8055	101.66304
428.41656	130.38022
424.61386	81.16983
460.8561	115.80093
405.4312	92.24116
483.04947	82.68675
436.35602	111.48039
446.29126	78.64101
468.24323	125.52993
431.86783	115.42965
454.49277	88.76648
473.70493	134.29335
420.0336	85.035095
473.8554	91.05534
694.74176	407.39972
701.76306	404.10684
715.3136	415.2364
696.4613	399.36853
707.49524	398.42606
703.3308	410.40762
695.97656	386.56445
720.96436	399.23477
688.5626	405.63226
709.7551	392.008
711.5775	405.69254
690.9108	392.4624
714.47833	389.20596
699.75836	417.3791
703.9146	387.67596
715.49554	403.65152
815.2184	408.54504
829.96204	390.47592
827.17224	402.59735
820.80206	397.1537
834.884	402.5654
821.43115	409.2269
820.2086	390.63068
829.5106	409.4576
816.48645	401.16534
829.4157	397.0102
159.02322	92.18345
134.91231	71.64406
170.9153	98.08162
131.38715	107.00763
154.18246	72.48373
166.39902	120.78514
123.58148	84.65428
149.04953	90.23984
143.4574	95.627106
130.67603	96.15709
154.57097	82.02032
145.21921	79.28197
160.46593	73.43379
148.6675	111.75244
134.9219	79.09968
158.75323	102.006454
143.45482	107.00663
170.03154	63.078358
144.20471	125.023056
123.21251	91.945786
171.65166	86.52469
138.13304	114.55039
143.60593	63.713146
169.2537	105.44435
110.53429	109.632545
152.29776	64.235825
497.5309	426.7749
490.45273	407.3586
493.91376	393.7027
474.71173	411.68027
489.6188	377.10873
517.8744	412.87418
501.00888	401.05905
513.6051	383.28897
482.66025	414.9774
488.18564	381.48264
508.51602	409.9356
484.15665	400.49802
501.00693	391.92972
500.0058	412.34195
473.02173	406.06735
510.28482	396.78265
489.5647	420.23666
491.21323	390.27167
520.026	406.53427
479.3521	396.07156
504.73233	383.74335
494.7527	414.14996
477.5848	388.11136
514.8534	391.46143
