149.0018	495.14594
138.90805	501.36725
149.6141	490.52744
149.30853	500.73883
136.98488	492.46393
153.25075	485.4229
147.80989	505.5074
143.79991	485.28238
157.74554	502.1324
137.63573	506.07184
146.53764	109.01256
153.51411	119.44969
108.2582	77.152214
181.70494	98.76113
143.29868	80.947266
137.78842	88.520905
153.36694	107.13109
143.86935	96.59087
151.4342	85.88377
138.63614	119.699
124.75565	79.358215
148.88724	97.037964
118.25517	118.80762
167.57608	80.93496
169.82019	126.27482
122.6909	85.347565
156.18999	95.35718
132.8911	110.70359
156.57184	78.81095
169.05746	103.040726
128.03088	100.831985
144.64566	64.907845
165.87349	112.17564
133.11253	70.76283
162.45074	90.23436
138.9354	97.55199
361.79373	395.37253
383.63528	422.68756
343.65994	394.25958
382.22394	393.243
362.68762	422.79633
363.8317	382.35205
400.6287	413.87744
351.15887	400.1903
388.7193	386.2242
363.93863	414.17255
373.96188	373.6413
397.0583	396.43036
353.2824	429.73624
376.66885	385.9093
383.51074	411.49982
344.13535	413.78052
384.74564	404.18314
371.85544	429.40973
363.07004	404.71176
385.52786	373.08502
355.24652	406.24973
372.12903	378.54144
381.65558	429.3441
337.98523	403.89673
389.01523	391.46103
376.61127	418.86908
354.01727	392.87354
375.81708	406.05792
767.22156	406.4345
768.48553	400.31793
774.9532	408.54242
760.76184	399.43552
780.3437	400.9791
767.69305	415.3687
768.8572	391.95746
781.0333	408.2254
760.9386	406.9887
775.86145	395.49762
710.92224	415.011
709.9823	402.6624
715.95166	401.7957
704.2428	405.523
711.21234	393.3493
715.09753	408.1567
698.3668	396.514
718.04626	394.43185
703.703	413.96347
705.8098	392.1457
722.1808	410.35748
698.10077	405.10123
459.62906	95.93117
424.9566	95.19037
443.67636	109.71232
438.52155	119.093
467.70767	115.680336
463.18457	80.63032
471.2452	135.1585
423.9958	87.84096
464.86786	67.85237
446.8956	127.471756
438.112	78.130486
472.5888	82.371475
451.85785	122.28502
456.91537	74.737274
460.40747	135.6695
447.37573	95.970474
474.94962	106.75238
420.59467	129.2322
426.388	82.197464
482.3168	125.30249
411.0844	122.393875
468.85297	96.464676
449.1848	131.90413
435.846	88.25672
464.37823	122.49735
426.347	106.69415
441.78946	68.28874
449.066	102.7641
424.25323	103.28611
454.34863	109.425514
511.93027	413.7016
498.71933	388.51752
511.22208	403.94278
507.39365	398.65497
514.856	398.15067
517.94824	418.91177
491.20844	388.12338
518.89856	410.23672
498.56876	405.2918
516.06775	388.62778
529.2454	411.35522
490.33725	412.93726
527.23004	388.93774
504.94214	413.1355
506.07016	379.66437
527.7612	404.9471
502.4234	398.66632
513.32764	383.57825
509.5392	426.12314
492.58643	404.58075
530.9518	400.9037
494.6114	423.49567
150.80844	397.8609
160.98906	409.511
144.63661	411.47266
149.40982	405.15793
138.98723	420.8001
140.06087	400.34967
158.36765	387.9933
132.60324	407.60843
137.22258	386.81995
154.4112	411.40765
130.46567	395.45667
157.28467	396.46588
144.25922	415.86313
144.76695	391.3392
152.39441	419.36264
144.45094	286.2941
166.34341	265.44135
143.0931	274.17938
152.1771	253.73413
170.12672	276.23544
132.55809	288.75974
148.88385	279.11987
160.0167	292.4201
119.602844	268.93427
151.15947	242.09953
151.50723	294.88654
148.22646	262.86566
154.3032	264.79523
129.72086	280.59778
134.43419	255.63882
154.13498	285.03235
128.29948	260.21527
159.30864	253.95535
136.23051	273.18646
130.38469	250.23238
159.0454	276.04523
821.74774	406.81186
830.0568	394.34805
827.2311	403.27798
817.5562	395.46063
835.9415	405.80768
822.77716	412.9016
825.0797	396.43658
829.7116	413.74326
814.98157	407.59894
836.884	397.998
618.078	409.39374
610.3651	388.07123
626.5216	405.75543
606.0295	398.16656
633.3431	392.50055
634.07916	407.63168
608.4784	410.9245
625.2682	397.1228
603.735	413.1976
617.23334	390.2561
637.84827	419.16708
620.9325	399.70444
639.52795	401.53714
623.5411	415.87662
614.78094	402.95087
646.6313	399.63263
614.35925	419.67886
627.413	384.89435
631.86786	412.97974
759.3158	81.3578
750.6378	59.986095
749.4181	98.33307
749.86584	48.143703
774.87463	85.2633
733.843	78.671455
767.3667	82.50842
754.1322	92.80711
739.1798	63.422527
767.0301	66.85574
745.64984	86.43763
748.147	71.5554
753.96826	105.79625
727.0814	75.365234
755.8654	55.543224
752.58746	79.364944
747.4905	64.70984
768.9629	60.85824
741.27405	75.66895
746.70435	55.474037
