153.80565	381.4566
146.65263	374.70303
153.93184	370.26944
153.39822	389.1217
142.84271	382.62543
164.21313	378.95795
141.03824	391.30573
140.4465	372.12262
162.10043	385.4043
138.18619	385.95105
150.01907	366.66736
149.54361	393.6625
134.70049	370.4107
705.8535	400.67316
699.2403	400.6408
709.1963	395.55814
717.182	410.438
690.22894	401.00015
715.60443	391.85913
701.78357	408.97775
700.1402	389.3971
716.172	402.25226
699.6867	412.7811
707.0025	386.51797
707.6207	408.96533
694.6466	395.86124
459.07388	112.60996
441.92902	118.37693
420.0774	78.65069
457.89835	97.9596
419.88403	108.69674
428.6203	106.13503
465.8537	117.23183
453.55673	103.47333
482.41513	111.05342
421.94794	114.31897
451.0996	76.652695
465.20013	126.457275
446.6479	79.23421
459.08368	77.30601
439.10806	135.20297
423.3353	89.03035
464.8194	88.06189
436.55145	129.35654
461.22543	69.950806
442.44107	104.52116
449.46103	91.528824
467.61954	75.34689
445.2276	125.953964
446.11542	68.46422
473.55444	116.3076
412.9914	102.20613
479.16095	101.06267
454.26178	120.987915
440.02264	78.52788
161.15265	554.00256
140.62387	565.44275
148.34071	546.3603
150.52342	564.00696
135.47824	553.04803
147.59615	555.7532
152.20029	570.6146
141.87517	548.36194
157.73856	564.4034
144.86922	561.2605
154.84282	551.72974
400.91702	405.23138
354.96475	388.57758
367.5463	386.71432
369.72626	415.82428
394.39093	386.16696
378.28976	407.36533
377.5074	395.9627
393.6166	397.8447
384.878	419.0725
374.27554	378.54037
388.2416	416.94012
342.69904	411.02695
382.91943	364.45758
369.26825	422.34024
364.81476	400.68842
400.851	381.9116
353.40985	402.0362
353.84528	383.70746
399.64215	399.21268
364.85974	405.34857
364.55035	371.21082
376.68298	424.9322
358.0479	397.36972
395.11172	421.43536
356.43793	416.2291
387.56097	380.78928
385.93524	431.71405
349.3813	397.5848
376.8117	389.14487
155.52107	108.58665
134.11964	66.010506
170.6141	110.43489
136.76945	83.01143
132.9795	78.44002
151.57512	121.38112
119.908775	77.0722
155.51552	98.26023
146.21957	99.490715
153.35565	57.28069
132.04295	105.63043
167.59874	89.991196
145.16454	89.385735
144.91777	123.51282
121.16238	90.982346
155.22769	83.66783
131.49995	96.57766
155.65207	74.617935
161.90381	118.23378
141.94547	94.95955
176.44362	86.08571
139.0232	112.66362
148.88547	67.51565
177.49768	92.77312
126.00818	111.87272
162.92665	67.967575
749.5632	79.55647
734.3463	65.586334
766.55457	72.73556
732.9778	81.00717
761.48425	47.522526
762.798	95.19085
724.28973	65.658615
751.68225	73.46637
757.5199	78.5857
744.1868	58.577618
762.0465	90.67653
740.47577	85.61064
746.555	53.612293
750.5712	91.479965
728.69446	77.11519
752.91833	66.318344
746.514	95.67521
746.07794	66.43164
770.2127	83.5038
741.11273	70.642624
761.4715	64.59575
501.15558	413.96982
490.73492	384.9441
503.9127	386.72778
488.91748	411.20868
515.32837	416.07587
522.7662	413.15884
496.62207	393.69772
519.6738	386.70248
511.76083	417.30527
498.12787	385.975
526.4812	409.67047
493.09708	406.2033
511.32016	387.04617
505.19092	401.5956
493.4101	400.34097
522.3884	393.4904
498.82983	419.0128
504.364	381.0944
516.81555	406.3676
509.84564	394.10797
528.37933	399.1619
775.1875	405.69147
763.1108	391.74713
773.4135	400.0496
765.4012	410.4272
777.08624	392.3044
772.52966	412.04974
764.3299	401.56082
782.92474	395.88153
768.9789	402.78976
769.47736	388.55685
783.3053	405.54364
758.6613	399.73724
157.09831	457.8719
153.27725	486.2565
139.1655	464.55646
161.74911	471.1557
140.63579	482.70786
139.85947	472.83643
151.72142	471.6595
144.39197	476.2757
151.73343	466.9123
149.3538	481.14853
146.39935	461.56177
163.44023	477.72647
134.62065	472.23627
154.01453	255.26822
137.25461	275.0899
147.74156	256.02972
161.10498	244.6708
145.90666	272.37054
162.17642	235.83907
161.22235	277.80338
125.5189	261.89096
151.71463	236.84456
154.69691	268.2416
130.85005	244.92532
167.47882	257.914
128.62398	278.249
141.45073	242.27104
158.3101	252.1204
150.62416	245.97177
165.81938	252.93054
152.84271	280.01617
130.87448	256.26047
167.80238	274.09543
134.43042	267.3368
625.1617	402.84952
615.0467	418.6477
601.54803	397.08505
630.9149	392.8601
621.1239	395.41446
624.1279	380.59137
626.8647	417.3502
609.47986	401.00092
619.19324	389.14322
609.0183	415.63916
602.68115	386.8293
634.32117	401.8884
611.4384	405.43536
611.71954	382.8295
619.39355	402.15427
602.46277	405.03073
638.4378	395.30316
603.18506	413.12173
612.57007	392.76913
620.10205	411.43658
