385.71857	400.8183
345.96378	421.07672
361.39008	378.17267
361.98987	391.8019
344.71332	406.67834
397.735	391.48773
393.74356	416.69986
345.0258	387.47034
372.38596	422.87262
361.36176	426.05826
376.4943	373.91595
365.5573	430.0897
377.39426	394.767
404.7221	407.6609
366.42163	404.02887
372.34564	383.64163
385.59418	410.11407
352.7879	395.76413
391.48148	380.1878
372.67905	411.49414
354.60907	377.47678
392.44135	408.5776
347.09674	412.5795
371.28012	389.96567
383.11823	429.51944
365.0148	386.49634
397.50113	410.2191
378.27042	425.31
613.82477	396.81006
620.115	404.59357
610.71716	405.1988
625.77826	391.10574
626.5797	416.146
605.0126	394.42154
618.31067	394.30902
606.33636	412.6459
616.2237	389.17087
627.7013	403.9876
601.10345	409.24634
629.3707	397.73956
611.0658	417.64966
606.4894	390.30597
630.5946	410.72516
697.8246	402.06854
700.4535	395.43668
704.61957	412.43628
689.64136	400.19067
713.06384	398.01804
689.5218	414.0783
693.32245	392.02658
710.3907	409.7111
682.5207	406.91205
703.7258	388.7658
697.81	410.49716
687.11835	393.12238
704.1748	400.95483
690.5897	407.22128
739.7464	63.92919
733.93115	75.42298
750.7149	73.94957
769.4299	70.44735
763.09235	67.86812
726.14294	76.36758
767.6516	79.05968
731.9603	83.37565
755.38983	61.27903
758.7484	78.91879
729.8031	60.158203
776.89233	84.13842
739.8804	89.68389
750.27795	54.693108
754.91486	94.41236
744.77826	83.45246
768.2069	61.76882
746.2071	96.87684
742.51117	70.12995
754.63007	77.39137
128.54236	408.33014
155.42653	391.31488
158.96384	408.0955
140.44186	392.5252
151.4849	402.32318
145.29185	407.14746
141.15506	382.7259
155.6771	416.34628
138.08167	414.51776
159.81319	395.07233
143.38496	398.1373
129.90903	394.18344
163.12383	398.98154
148.03024	413.3177
148.90334	383.98285
151.137	502.20648
139.5227	490.73618
154.52594	484.21387
142.814	507.86298
144.26529	483.726
159.1492	505.11163
141.98238	497.41913
147.76071	495.36548
151.01218	509.35318
132.99762	494.23822
153.0981	492.95306
513.8876	399.25763
504.0171	388.64688
514.1874	405.8441
486.31094	398.06598
516.1088	391.64255
505.73105	414.52686
492.3838	397.6447
525.1677	411.97836
496.51172	392.18033
525.3628	386.0017
529.62244	423.83585
495.57324	413.8199
522.5292	398.80438
516.1282	414.3531
516.8058	383.26352
536.60846	404.21375
504.3278	405.22046
529.0869	391.87152
512.71124	424.16934
506.62222	382.93408
528.4083	396.308
504.28085	423.52582
444.68823	95.14931
462.98788	132.16652
439.38556	93.41784
470.21744	80.99019
450.48688	127.77142
416.54697	83.23247
468.7311	97.56526
427.15424	123.22612
480.13934	105.76466
456.22427	104.44771
423.7064	116.884766
465.51398	120.94679
445.1898	113.71071
445.77106	71.842804
453.27042	98.49051
413.2911	89.06978
447.94537	83.065475
449.85684	144.30981
434.40082	79.32837
460.7884	84.26134
428.73828	99.33263
452.83804	58.278522
459.4192	137.84157
432.94498	112.16544
468.5411	111.8558
441.05844	125.84404
462.88885	75.34301
485.05194	89.227005
437.7578	139.42886
763.9121	390.5555
765.9537	412.34506
756.7291	398.15286
777.92633	405.16824
759.1251	409.67554
763.88245	396.24103
771.1399	407.46613
755.1105	404.3283
771.85986	397.763
765.81396	402.89825
815.01025	393.23346
831.3708	407.08734
810.5115	406.52618
823.0374	391.04456
824.2347	411.4952
812.68665	400.37604
829.0542	398.88373
816.82697	408.83942
820.2941	400.1315
823.7711	404.49847
135.29854	284.78876
163.71906	243.8189
143.13231	274.4744
130.56168	260.15848
165.82417	278.7368
149.49304	262.56354
146.15015	246.74886
153.32376	287.66122
133.6152	277.61923
154.5871	248.42801
149.32146	276.11465
148.09486	239.84848
175.47212	270.65393
123.03121	263.29572
144.74724	255.29732
156.90096	254.86848
135.36111	244.32735
153.90976	274.61694
139.77206	288.9848
134.91318	254.36613
156.55817	280.04324
135.42976	103.11934
159.39941	88.42995
151.74716	122.56057
115.77467	91.54085
166.8425	97.22833
147.41513	120.129745
144.33357	92.06732
144.69734	114.25206
125.58411	103.743
177.87668	70.27024
165.58731	106.52161
132.32281	87.1285
161.70639	76.15729
127.17023	83.51326
162.3624	67.48067
150.9861	96.22459
151.25797	79.73125
176.83957	86.60091
125.87584	111.80536
142.5679	72.28856
163.46259	124.41207
120.74925	73.04874
163.9152	88.953316
147.955	103.24402
136.02983	66.6299
