145.33649	65.882805
139.89536	62.8461
139.59532	84.79059
163.5778	89.630585
151.72742	88.16517
145.77142	83.72395
165.24397	105.39604
134.50168	54.049488
149.10709	93.62113
122.65956	85.41528
162.0762	77.84075
158.6784	98.75041
152.44191	76.86938
172.22075	66.336655
143.1251	90.533005
161.79706	62.66048
178.92766	110.15004
130.829	77.19313
164.39288	68.12836
148.65408	102.21923
153.14891	61.835396
172.7702	81.759834
129.67639	83.8439
160.23837	55.06613
177.87094	74.96879
809.9711	395.0855
820.02325	391.43103
814.95734	402.2165
814.7284	383.6274
826.3915	400.74176
806.9386	399.65756
824.8411	385.91547
821.3366	404.226
809.97314	389.15582
825.891	393.97067
694.7491	405.8677
707.77106	384.62555
700.78864	402.00546
687.9459	390.4522
697.55634	390.8792
696.6888	412.38947
688.78064	380.03357
694.628	397.4521
686.88544	399.42798
698.42786	382.2133
709.4268	405.47488
683.544	389.6085
710.5971	392.4091
685.4226	406.2105
696.50165	375.90198
704.6884	396.8079
679.6725	394.85822
165.87341	358.5631
156.61351	372.79968
138.97263	355.88928
164.60735	368.89093
150.42725	379.15683
153.22763	360.39084
160.54611	387.01965
146.03247	370.9217
170.71762	376.6557
147.42743	386.2873
153.43915	370.40485
157.76205	380.21906
141.33368	376.2829
164.75032	353.0083
154.30429	393.5512
132.91034	372.51175
164.2728	382.2036
138.83292	381.98053
144.38036	362.63943
445.71704	127.788025
462.7295	104.22349
448.4101	108.94771
429.5651	93.468796
425.5843	106.31681
484.263	100.73185
423.5975	128.41786
441.3864	80.103935
453.93335	102.660904
426.76334	83.16677
459.21988	90.814186
444.0213	114.141396
453.54468	85.185974
480.15228	109.898254
441.98273	87.161194
452.26895	59.67625
462.441	125.45963
416.1534	87.89446
476.153	86.36338
431.2625	111.892944
448.99683	68.418526
464.13232	113.47255
437.86075	75.344986
469.14252	81.40992
439.9545	94.44087
442.4559	68.01275
468.05136	98.08238
423.0013	92.42761
769.35333	389.55927
767.66174	406.9966
755.03784	392.11935
776.7154	392.1942
755.3643	401.92596
761.6575	387.3742
772.80914	401.9023
758.4046	397.58157
770.6456	382.676
762.4092	403.77728
756.3738	384.57712
772.15186	396.0074
605.1872	401.85764
601.07214	386.6064
609.86053	411.84302
594.97516	393.56287
615.76807	398.44348
597.07477	398.94418
606.86725	375.98303
608.8529	390.22437
581.2147	402.47394
614.22174	385.5805
601.9168	412.77124
583.1572	388.2909
622.56726	387.29398
591.01044	409.63824
597.17365	374.35452
615.02075	406.33234
592.3111	387.48917
610.6359	379.0926
597.48157	406.56735
589.0515	381.82138
621.8274	401.91815
589.23065	403.7005
499.43604	388.10016
490.62515	413.7897
475.88495	404.18124
512.5405	390.31522
473.13266	408.085
482.43466	370.27655
504.56674	405.90854
488.93945	390.21588
504.17847	385.61792
494.5362	401.61835
479.40985	386.61536
498.7023	393.69373
485.38754	404.44794
486.54663	380.59537
504.56494	416.67
472.9839	391.57196
501.9182	373.64468
484.52203	416.66046
476.22125	381.15714
487.62866	395.01004
468.76822	399.55637
491.25433	374.53955
500.29834	412.20392
475.8642	371.8618
509.40643	397.58438
145.84415	489.12695
151.13693	492.32758
166.04625	503.88428
138.74251	496.15073
164.48293	468.3373
160.64928	493.89258
146.36662	477.36896
165.59393	490.02704
143.76302	500.64804
155.94803	481.90332
151.66464	506.17587
146.17682	483.2835
159.82875	476.42438
157.07515	496.34555
151.28442	473.26154
165.51242	481.94293
134.10225	484.5753
376.34125	372.35422
386.3733	413.05234
378.09464	384.95502
377.56784	392.67865
361.0651	406.68356
362.86618	376.8138
375.15158	409.46317
350.05856	385.52194
377.93393	380.6448
355.44537	412.69977
357.3277	383.1216
380.07416	404.28217
357.46222	401.86108
364.29633	387.74506
372.8907	416.9366
349.06937	394.23273
389.92255	388.39728
348.81348	407.1712
366.85986	372.63455
391.33667	401.86896
370.59787	398.75778
386.90344	380.25354
363.68866	414.77115
348.3821	380.2937
384.10684	396.5932
342.14532	398.65558
163.59578	234.08664
157.76624	260.60138
151.68277	219.23677
171.37064	218.17374
141.53632	260.53113
134.90642	210.45085
177.00394	234.33804
156.23749	227.1569
163.21367	240.33076
156.06082	240.48804
138.45718	243.55713
175.18465	226.02737
127.51609	250.02373
142.36102	225.17761
171.31526	253.7074
123.75197	242.25957
157.88138	212.83076
152.48381	253.03902
140.58798	217.70186
163.78854	248.97774
148.60226	241.29684
167.62863	226.81538
156.69121	246.09062
133.14838	232.18619
739.7921	62.64143
747.02484	75.92213
753.1421	49.494087
757.7229	83.00217
735.99384	73.23364
758.0687	69.92521
734.8314	96.884224
735.6996	54.560303
745.5054	87.85152
719.7624	78.64389
748.475	54.75827
745.7116	64.9738
729.5945	63.236725
758.48395	55.929302
752.39197	91.33504
739.1859	82.99434
766.20715	80.65156
730.62726	78.04514
754.0002	78.80947
768.1405	84.60992
720.9209	63.88808
762.7243	61.09101
735.48425	88.552444
