171.48158	126.37097
164.90787	133.2906
169.44305	117.39986
175.90213	132.76897
163.97798	124.34324
180.15309	122.3279
170.3556	135.29338
163.33778	117.8913
181.99043	129.65804
158.01563	129.66173
177.44196	116.74107
172.32265	141.41794
156.03581	119.31317
187.59201	122.94287
161.31763	141.8627
168.84811	108.91864
183.7761	137.49309
153.49156	126.01172
184.64499	115.834984
166.84654	144.00412
158.55336	112.71126
188.3716	131.5657
154.80266	135.93625
177.1494	110.05554
178.5137	143.54736
162.02248	39.379116
176.89043	42.31258
170.04514	44.54535
170.57877	37.415394
179.48866	47.29583
160.43515	47.86778
177.83328	35.988426
169.21127	51.28123
162.25975	32.392647
185.76724	43.13984
163.36221	55.42266
172.73184	30.071045
178.69191	55.69215
156.22537	40.80885
184.36064	32.884678
170.38666	58.058258
158.45064	27.18578
190.44908	48.554375
155.32779	55.702454
178.45036	26.959118
176.55005	61.387867
152.38368	35.843075
188.54303	37.485435
164.15065	61.62246
168.82672	25.83541
184.03001	52.813637
152.26598	47.22396
504.49747	367.55206
500.37314	376.25168
497.2317	364.39264
508.2497	373.23993
490.48846	376.16922
507.7465	360.27734
506.45917	380.84283
494.70978	369.716
511.66275	366.1964
497.4165	381.41962
500.904	358.76495
513.5466	376.1286
484.30792	376.05597
507.71533	354.205
505.75995	388.1787
486.4914	363.5942
518.2571	368.01767
490.71576	383.57974
498.594	353.1822
513.7238	383.351
488.308	369.75836
516.3435	360.27515
498.21088	387.53256
490.75952	358.42902
519.6034	375.06134
776.3884	377.5942
784.378	364.48846
786.6576	376.7308
776.8734	367.0486
790.18225	369.70688
782.1865	379.7697
779.21375	361.6538
792.6341	375.32767
775.15485	371.9228
790.7594	363.1518
173.96275	563.8182
161.97249	552.39557
176.2006	556.0705
161.76776	562.5495
173.07684	548.9064
179.72757	561.8678
165.535	557.4762
179.88278	551.28827
168.36157	565.5533
167.22794	548.9993
181.50955	520.2821
166.14262	523.2895
173.29274	510.877
173.36179	523.58136
161.85057	516.9968
175.35193	517.37
164.9304	530.2622
168.26999	511.98526
180.16379	527.02893
159.44739	522.93066
179.51755	510.67618
172.9819	531.1923
162.40617	510.57846
174.95575	352.50864
161.17955	353.94104
173.09584	340.5132
178.17757	361.70062
169.53923	348.08118
179.1226	345.69708
167.22858	356.54733
166.58012	342.91962
184.22336	352.96005
155.18542	353.32132
177.07028	334.47302
172.25995	359.60223
156.423	341.11682
185.2293	346.59393
160.77287	361.2774
169.07501	334.34836
183.95854	358.70676
157.15121	347.02133
182.9227	339.55655
169.72495	365.72455
162.24966	337.521
457.48138	71.631546
444.52472	77.5284
448.37372	69.12875
460.42178	86.03053
437.694	76.07323
457.38516	62.559685
451.51572	77.54825
448.23773	62.264008
456.56415	78.46427
430.98627	68.50042
453.32797	57.876137
443.92023	93.64455
441.70093	64.81043
461.71442	68.83864
432.746	82.2569
446.8981	52.078808
466.4913	84.66268
429.54785	63.588867
464.0809	60.88039
442.71735	84.0347
440.21832	56.276344
467.91547	77.25224
430.34286	74.94606
458.7835	51.952576
453.34784	88.450966
435.654	58.311565
471.31927	65.55141
435.187	88.97321
173.37978	409.66415
176.51419	419.30478
168.59795	414.37183
179.32895	407.76846
168.30142	421.8793
162.20828	401.40582
180.66457	413.87518
159.74261	419.72852
172.93855	400.58444
176.80222	427.18866
162.35672	411.60474
186.02014	411.50034
162.01138	427.06363
167.78079	403.69022
183.04575	421.30795
156.38948	414.22867
179.48195	400.4405
170.5826	427.82965
157.33894	407.1703
381.72147	369.62244
368.43005	374.5821
374.23697	365.4128
381.08624	376.22174
366.5249	367.67096
382.72144	362.926
373.25366	377.8947
368.55328	359.15997
387.7896	374.64313
362.31592	377.6874
377.52524	358.16943
384.653	386.0757
359.35956	362.46027
388.4574	367.34125
368.23926	383.02927
371.47968	352.31744
391.11838	381.66086
356.9206	374.18964
387.1627	356.56186
378.35663	382.61465
362.79718	355.99258
393.85425	372.73993
360.46307	383.58575
380.56793	351.76483
378.07504	389.43143
358.85712	367.93997
393.13058	364.0253
370.4677	388.62775
658.4255	357.8674
675.07416	376.62378
650.973	374.61066
670.91156	361.96823
665.45874	374.399
661.2461	368.32504
669.53986	368.49973
660.37836	385.27014
663.5399	361.65933
674.4212	382.54834
657.0687	372.88556
676.9677	361.5185
664.17004	380.2167
653.2809	361.16962
678.4921	372.71924
653.2345	381.34528
667.0697	355.94614
669.03723	385.4876
651.4518	367.21408
678.8305	367.4992
707.6537	378.83356
709.30475	359.80685
720.8756	377.06433
706.11835	373.24857
719.71533	361.9586
713.6948	378.0591
699.8649	363.34045
715.9099	369.4322
700.10266	380.5344
710.41376	366.8332
718.4683	383.3461
698.6737	368.36523
724.28845	366.51904
709.0964	385.4257
703.7892	358.09674
724.5397	372.6093
698.78064	373.93033
715.10504	357.9361
172.82205	291.58112
162.44136	273.32074
179.72833	275.28537
158.11139	291.80667
170.5704	270.17447
176.52621	285.38086
161.77502	278.88437
180.2074	268.07315
169.17928	282.72894
160.20293	267.52948
182.54947	281.17078
164.04414	287.16644
173.92758	274.89142
181.92209	290.8
155.23985	276.3366
185.9411	274.20932
165.14206	294.08505
166.49103	266.298
187.53792	285.547
155.92662	284.15756
173.94566	264.20767
171.77386	297.4196
717.3607	37.920223
734.35693	40.958908
720.2997	53.504456
727.52356	41.46008
735.28644	50.117302
721.0771	43.23734
738.2761	35.5756
725.3412	48.58172
722.3996	24.727285
738.5929	44.321014
714.254	48.786964
730.73096	32.414658
728.9132	53.68452
711.0438	34.236763
744.116	39.381767
722.73175	60.189777
723.50836	30.764908
741.85803	53.859364
707.0819	48.31575
740.78455	29.645605
729.10364	61.81783
717.26874	30.474112
745.4894	46.37882
714.03796	56.904766
733.05646	25.122799
736.1872	58.485645
710.8593	42.086956
620.51294	367.0813
607.6239	385.74054
608.11896	359.5272
626.504	381.58984
600.2591	372.75
618.8213	361.93655
614.9319	370.52936
607.53937	366.8095
624.1485	372.81964
606.95703	379.3114
613.43994	359.94183
619.2867	378.82455
607.54285	372.99234
625.33795	359.8111
613.83997	382.10864
602.6122	359.43677
629.944	374.85455
599.7533	380.47513
616.4499	354.27228
619.30334	386.00275
600.1062	366.37595
629.1841	366.13718
558.50964	381.7374
555.6185	361.68268
573.1676	381.35852
549.81824	371.99933
568.4484	357.99377
562.1448	375.76578
549.3952	364.80215
568.21875	368.47174
552.7748	379.65732
561.35065	366.25235
567.91003	376.53815
556.26697	369.59793
573.4436	362.02377
558.7796	388.01657
549.9449	357.64038
575.5518	374.18774
544.4832	376.27853
563.25323	356.8894
565.79895	385.1489
543.9726	367.17822
575.3885	367.88376
548.26965	383.89166
557.6209	355.5102
183.55214	213.74971
166.61845	206.05318
179.95706	197.36295
168.89018	218.62
161.6409	190.69687
177.25491	207.05185
161.83913	211.32304
171.87672	202.1314
173.6684	222.4598
160.32324	202.96692
187.72226	199.01494
163.72298	221.99516
165.77905	198.19627
188.71217	209.67477
153.72556	212.56772
174.14761	192.77513
174.79137	213.83362
156.91129	196.60167
183.42471	204.96143
160.87582	216.53043
168.19153	189.79718
180.12254	220.05843
154.05783	204.13156
180.5125	190.66257
438.46964	378.3922
435.85895	361.12897
440.9523	371.75192
430.82697	373.96628
442.27286	365.95514
448.4384	387.68405
428.65753	364.03986
457.13177	367.81235
432.55792	382.64413
442.0888	359.20016
446.00458	377.87225
434.9123	368.14655
450.37762	365.3415
441.63275	385.21594
426.47867	358.31073
453.07748	373.9563
426.59872	382.11835
443.74872	353.2576
452.12808	382.3879
423.80405	368.8451
456.53183	360.6517
435.46173	388.72
434.1805	354.70245
457.84415	377.6227
423.41147	375.23328
449.33047	358.34607
176.26546	484.96182
160.61473	461.8019
174.754	469.29907
162.5875	477.8156
169.81638	465.1747
182.56241	478.5109
168.26888	471.45905
179.13972	461.79828
168.60686	479.71567
167.12694	459.107
180.43864	473.02036
157.14096	475.55655
173.80855	458.61084
174.64284	478.37485
158.65712	468.81854
183.83452	467.0628
164.94054	484.97412
723.83606	104.60533
739.9376	123.39815
722.19226	121.33197
735.63306	105.59471
728.0775	122.311
722.9132	112.49341
741.24133	116.49095
718.05994	128.7938
729.722	114.01604
736.58887	129.80917
717.3981	116.75786
738.7518	110.56421
724.0086	131.60455
717.6802	105.014626
734.1713	119.39258
713.7213	122.74017
730.0724	105.11552
729.76025	129.96304
712.59393	112.39075
756.8265	369.61945
745.3965	381.49594
751.3341	365.08722
761.32806	378.1612
740.8644	371.47827
759.8907	360.49945
753.5019	375.53732
740.1825	364.80307
764.5305	372.2073
740.90356	377.74237
752.4023	358.41394
756.7932	383.03906
746.60785	369.20493
762.79236	365.91388
750.46936	381.31802
745.8701	359.0198
