805.4537	375.17847
798.8785	378.27792
804.91833	368.42654
810.9563	377.8897
796.9732	371.67578
813.65015	367.0587
803.31433	385.27026
798.4404	363.2451
816.41736	379.86923
791.71277	375.84882
810.3235	361.5692
810.2738	384.6728
793.2609	366.65186
817.645	371.9724
796.3746	384.05295
803.90436	360.93073
179.46391	217.1624
175.02185	212.15518
187.44669	207.5999
174.86273	222.25948
176.92372	203.73004
187.39658	215.10129
170.09444	217.21912
181.84274	204.31554
186.92346	220.65347
169.82529	208.16138
192.72507	204.15881
177.45476	228.74365
173.80118	196.4327
195.69887	215.17627
163.03175	214.09554
185.39476	196.1191
183.68156	226.54233
168.38368	200.82988
198.08925	209.18274
166.84503	223.78397
179.51614	194.8279
193.94089	223.49466
162.96887	206.89128
191.75325	197.43816
178.42123	138.29912
175.62015	125.51644
183.87216	130.90121
174.9723	131.6879
183.83524	122.64899
183.52884	141.27504
168.34077	126.99727
189.51736	129.23059
174.70244	144.15498
175.52959	120.06217
190.06503	138.1207
167.48967	134.60794
190.09705	116.22695
186.30019	148.05978
167.97203	118.45824
197.2125	128.60918
167.60733	146.35315
183.76353	115.601944
192.92123	143.84811
162.31174	128.3118
193.9943	122.60242
178.91907	149.20474
175.12775	113.973145
196.28508	135.16922
163.88663	138.4957
181.4574	521.1933
182.16238	531.3773
169.85956	520.92737
188.76865	520.7492
171.73367	532.54333
177.13336	515.8102
188.47215	529.9227
176.3073	524.9335
189.38335	514.43756
176.74034	535.45624
171.30496	514.7627
193.50822	525.5096
168.56888	527.5387
181.75255	511.9413
184.53636	536.9373
832.9302	371.02142
845.6074	371.6916
839.38837	377.40106
838.7964	366.91122
847.9136	380.8653
831.4458	376.49457
850.13165	366.38965
842.0751	383.1911
832.2707	364.89667
851.29834	375.0301
834.34406	382.96164
842.79407	362.67157
188.07256	52.433083
173.736	41.54782
190.23782	38.431328
180.74869	47.212646
177.02719	36.11061
182.02919	41.609367
173.71593	49.754707
186.57564	33.37246
178.2037	60.88587
167.84729	39.14666
190.62292	47.78144
171.50024	56.390053
181.09918	31.127853
191.23535	58.948383
166.55545	46.544193
193.69197	32.223717
182.99673	57.25238
169.00096	32.123222
197.43721	46.363594
164.62015	58.0543
183.80576	25.468332
185.50899	64.131
161.71645	39.746105
199.32336	39.865696
173.81726	64.20032
174.13704	26.52504
197.4668	54.085236
160.23361	49.607246
714.4311	364.80753
711.93005	378.61334
702.21545	367.63223
715.4214	372.4801
704.2451	380.50928
708.64417	371.18365
719.0178	381.11053
701.50653	374.84882
721.7301	364.6855
708.9857	385.0648
700.60333	360.80838
723.99896	377.50116
696.35754	378.59818
712.62006	358.3639
715.68567	387.09003
695.8258	370.20068
722.3621	371.22595
701.6725	387.0783
707.07184	362.33246
192.15579	421.6228
172.01181	416.55402
184.3143	406.60492
179.90184	418.20563
174.95665	406.14935
185.78813	415.30707
172.24286	422.8085
178.37833	410.8836
188.51631	427.03223
168.00336	411.60782
191.99954	403.7548
175.75768	427.88165
175.56583	400.1277
193.59116	415.6543
164.95692	419.55347
183.99234	399.31097
181.557	426.76007
167.31757	405.4407
191.17038	409.89462
532.55035	379.9669
536.23206	368.19586
546.9381	377.59293
534.4413	374.71826
549.59344	363.53824
539.5799	381.02014
533.0617	362.07166
542.5587	371.963
523.5562	381.51666
543.5206	366.10822
545.4923	383.59268
526.12866	369.37973
554.8203	367.44354
533.40686	388.38202
534.4658	355.62796
555.1336	378.60593
523.32983	375.88324
547.1466	357.90216
540.0642	389.17303
525.9337	362.10147
550.52344	372.8187
527.5186	387.02267
540.91595	358.41608
549.32715	388.878
520.49365	370.06662
784.3034	41.597336
775.1275	51.859356
766.7648	31.188421
776.5918	42.59724
770.7777	45.864597
781.68634	35.054173
782.74286	48.20271
767.8547	39.03558
796.4994	43.768814
770.8325	57.933083
775.6881	34.554123
791.1227	58.746716
764.6442	48.25259
790.11316	33.553047
777.6939	64.37327
759.5812	35.734077
789.3904	50.560932
762.7687	58.576904
780.09784	28.015081
785.2474	63.24452
759.7045	42.071224
795.52057	37.911404
769.5426	64.309555
771.7698	27.361835
796.1951	51.622803
758.93616	51.851906
786.22076	26.971323
781.8791	56.544777
169.75882	564.4167
185.28079	566.05554
177.4626	578.5482
178.59433	564.0317
186.91013	577.6832
174.10402	569.3704
189.97147	561.39044
181.83842	573.20105
174.6506	558.06213
190.1498	570.72327
170.77786	575.0378
182.5944	558.31775
661.5314	379.7824
646.79834	364.3533
671.4791	371.54688
650.51306	385.6844
659.7611	367.84857
668.0481	380.29163
655.84814	373.5152
667.26135	360.42047
656.4403	382.13663
653.41174	365.59735
664.35266	372.90533
650.70135	376.6213
661.05066	360.15704
666.7189	386.81894
646.3878	370.84106
672.4735	365.79675
658.6132	388.54733
654.10333	358.87643
673.4757	377.48993
644.13983	377.66977
490.4453	55.0442
483.92645	89.2077
472.66498	66.93266
477.45483	72.58415
476.5901	81.82843
484.0064	55.418938
483.39008	83.24086
472.91797	73.072235
487.1529	68.85523
470.1612	98.27796
469.29022	59.84072
487.39462	77.71803
468.9793	81.205154
479.61133	64.269394
476.95956	91.586655
462.6368	68.34071
502.25577	69.77326
471.65073	88.55278
469.14468	54.451637
498.69922	83.263214
461.3062	79.040825
495.0888	62.196754
489.93253	95.99739
460.74762	61.19091
494.58023	76.973366
463.9728	86.433235
477.18646	51.653065
491.3523	87.05615
455.9392	72.36808
492.88696	68.1203
599.80975	381.01758
596.7962	367.1153
606.9364	374.7992
587.2379	377.2776
605.2477	357.9258
605.563	384.36444
589.24866	367.11685
610.9098	366.65414
592.9233	386.7712
602.99554	370.37415
611.5253	380.98743
596.0355	375.53644
610.4103	360.0312
605.5384	390.54404
588.6566	360.6828
617.54944	370.95547
586.57666	383.09146
600.91595	362.03168
615.47504	385.06256
585.53754	371.46066
617.1055	363.47858
598.4806	388.10593
596.04895	357.654
616.94434	376.61
866.9249	375.00278
873.75586	367.31622
875.3125	380.9096
863.5884	365.50305
878.17834	372.80353
863.0117	381.4403
869.3008	364.943
879.8823	378.2537
860.6129	372.53574
879.8052	366.44208
870.01544	382.30127
464.06268	366.6136
480.20947	369.40433
464.6625	378.41656
474.1251	372.5938
478.28906	381.33255
461.3676	372.8243
490.14093	368.116
461.8087	388.20596
470.55722	363.79285
483.26138	378.49405
470.15985	375.9789
478.52188	363.03586
469.21307	383.5052
458.67773	362.9316
484.84058	372.89224
459.93936	382.4925
470.77832	356.62137
483.4641	386.19717
453.97763	370.5251
485.48886	361.94855
468.08795	390.40134
463.95148	356.91196
489.17065	379.46872
455.05542	378.1877
478.08685	355.72665
476.4204	389.92377
171.40222	277.47748
184.6318	281.54755
171.6771	289.7198
178.56152	276.50406
187.9916	293.99115
175.41153	283.26254
189.64444	277.4179
180.5347	287.7561
170.38884	271.7177
190.18224	285.99664
168.52611	295.7167
183.28673	270.93832
186.54233	300.09583
165.65338	280.7213
195.34972	281.0867
175.64163	298.79373
176.61105	268.5373
196.3812	289.30426
164.44186	288.39127
189.87216	271.7407
180.58998	294.05508
171.3772	467.27402
185.16208	473.21576
176.57039	479.88657
179.79547	467.93475
191.8487	480.82428
174.30363	473.3853
186.85583	465.763
182.70007	479.1503
172.08168	461.58075
191.93466	473.98438
167.77814	478.62134
185.44809	460.119
185.37466	485.1585
166.42923	471.6458
193.16171	466.8619
173.983	485.72943
178.46329	459.15787
190.82549	358.3503
174.85866	349.42383
185.34749	342.96405
177.9189	355.50647
173.19106	337.50967
185.05745	351.93637
166.81123	359.52777
179.98322	346.0169
189.03535	364.51178
166.56696	347.75302
194.47762	342.9903
178.01146	365.02695
178.77005	336.83615
194.85223	352.16803
167.02716	353.749
185.91582	336.46408
182.69943	361.086
166.88295	341.42462
189.84503	347.31882
173.42825	361.75748
759.1953	364.8135
766.78937	380.24005
753.46106	374.34793
769.32416	365.0011
756.88434	379.35754
751.7799	362.24152
762.9657	375.71338
748.56885	383.55426
761.7711	370.22968
768.0996	385.79596
747.80896	371.13324
772.6205	370.22055
754.20514	386.57034
756.7307	359.34076
772.66626	376.6993
745.28894	376.4671
764.8246	360.26215
760.6579	386.25223
747.10767	365.94366
403.4295	370.46664
392.24802	379.28607
396.76517	366.63107
406.80798	381.64203
391.86456	373.65698
410.6329	365.42462
399.2522	376.07037
391.515	361.12717
409.42874	375.263
379.49603	379.5345
404.57388	362.53766
402.41223	386.24033
379.9334	370.09958
414.94687	370.6796
391.30087	386.29205
397.90805	357.09183
411.7919	385.97565
384.7109	375.80887
411.01703	357.61566
397.33316	388.43304
385.00348	359.35425
418.30444	375.9702
385.02255	384.1982
404.2318	355.0782
406.5503	392.22675
386.83307	366.82538
417.41193	364.7617
392.00192	393.75873
393.19424	353.5968
417.1018	382.52798
