512.4405	375.75906
506.1223	373.20602
511.78955	367.42932
515.79724	383.39026
500.41748	368.02203
518.6686	370.2798
503.961	380.40063
506.25742	364.60367
519.5141	376.07587
497.08978	377.21207
516.4641	360.39758
509.08643	385.13275
494.17838	366.28693
526.296	370.14633
499.17017	386.84708
504.9872	356.86063
521.59015	385.80164
492.45273	372.25427
522.3365	363.04422
504.87973	391.50632
498.1306	359.7402
525.7501	377.1684
492.31406	381.46637
511.45477	357.17386
514.69727	390.72427
166.18903	518.5192
173.08908	516.6293
167.6915	525.2079
166.09134	510.60187
176.47972	525.33905
159.02864	522.3125
173.86378	510.3195
172.14433	529.69293
159.2576	514.8676
178.79291	519.51404
162.9023	529.62616
168.79645	472.99683
176.50847	486.21722
164.2839	477.4186
174.42477	475.0873
167.08405	483.11786
161.18028	470.67227
178.66925	480.52213
158.3797	483.35635
175.15431	466.88745
170.93855	488.85034
156.64896	475.69418
180.51976	474.24307
163.0776	488.8126
166.3256	466.0533
792.03296	378.18344
778.7846	375.57513
787.2257	363.78278
782.848	380.73087
776.9484	364.85394
788.2505	373.12393
776.10315	382.26202
782.3714	368.04794
787.9167	383.03607
773.14825	372.18185
792.88	369.26178
166.81694	366.3798
164.99252	357.54224
173.40532	366.5423
160.0815	367.87863
172.78804	358.45078
170.70123	373.2149
159.14656	359.1058
180.03757	360.80615
161.29019	375.77084
167.4226	351.16055
179.61252	371.11115
153.68076	361.78058
180.11649	354.8064
167.70226	379.2361
160.01065	352.0867
183.51384	366.18896
154.11195	370.27097
173.96103	351.16238
176.37375	377.85983
663.40875	372.08
676.1996	371.12228
666.9937	378.43182
668.8974	368.83017
674.3509	377.7424
658.61426	378.54724
676.9076	362.03174
673.28284	384.49338
658.92236	364.76355
682.95935	373.019
661.16345	384.02728
671.8299	362.0253
678.87054	385.5447
656.83496	372.34967
682.71497	365.94745
667.28107	386.72443
665.40857	360.18588
682.248	379.5473
443.8601	78.28818
457.81705	55.570076
450.74887	79.61531
441.3562	65.819305
452.89093	69.6884
439.44562	88.8266
444.44757	72.95566
457.8991	82.55257
436.88232	70.18288
462.85626	64.959526
445.5423	87.2292
431.52368	55.016613
461.93585	76.76105
434.34482	80.56072
451.40128	59.74012
457.98907	92.3918
429.9273	70.482376
468.9477	69.00304
445.1041	96.13387
443.8663	51.998352
470.01758	84.152664
428.65814	78.98686
465.45905	59.866882
450.6164	90.280106
432.03864	62.493187
470.73502	76.555214
432.4305	87.594925
444.78506	61.212578
464.58624	90.33745
722.10657	116.80123
736.911	113.74947
727.66095	120.85889
722.328	109.45424
734.0463	122.47868
721.4361	126.006874
730.9631	113.39458
737.29834	129.74808
716.4077	113.17812
742.43835	116.02014
723.6048	130.59995
727.66376	105.8868
741.41956	122.88235
717.1615	121.89467
734.3292	105.78292
730.015	130.57254
746.7945	367.70453
756.94806	373.88715
743.78217	383.85538
753.9195	368.53387
760.3496	382.96844
747.4636	374.59116
762.16693	368.4306
749.2936	380.77203
749.0889	362.01358
762.6694	376.5789
740.30365	376.3336
757.026	362.3722
753.75024	384.69202
740.6664	367.8288
178.87253	295.29504
160.95012	301.66324
169.92392	289.4696
171.86783	304.49646
163.57393	294.7315
176.54193	289.7104
167.30627	301.31158
158.67102	283.74838
177.28255	300.8635
157.62503	307.08044
172.35004	281.19592
177.78032	310.19162
159.24617	290.51685
184.25713	292.64496
163.09904	311.14673
164.81148	282.68195
182.70648	304.2149
153.83592	300.87018
177.62424	283.72714
170.81163	311.17795
152.19632	292.46762
172.8097	52.31211
160.94392	54.35215
168.47784	39.892815
178.37343	56.05064
160.25862	46.021523
176.04799	39.66863
167.24199	48.992306
161.0908	27.728933
180.52693	49.633766
150.27159	51.217567
176.23811	32.11146
171.35104	60.4399
155.46733	38.546093
181.32478	41.831654
157.7496	60.424213
165.8214	32.843414
184.36665	59.32948
154.54608	47.12447
183.08876	34.32222
162.86241	62.622986
161.41559	37.006218
187.15999	53.51156
152.25949	57.310535
170.77742	29.86879
177.36795	63.995422
149.88359	39.374245
187.53683	45.543297
168.80753	67.25872
567.67786	370.88055
581.8506	383.25848
553.0002	377.9593
572.86487	363.00275
569.0788	378.04797
561.7398	368.15167
575.7743	372.41644
562.95605	381.438
566.69354	362.18216
575.722	378.68658
560.10266	375.65897
578.6813	366.1247
569.8705	385.74457
556.1212	362.7144
584.9595	376.42242
557.62524	385.4394
577.03766	358.71008
576.12537	386.92456
554.0608	370.5193
583.9736	368.58197
565.1278	389.01495
562.69476	357.9572
176.20572	430.2164
162.80959	423.6291
177.54391	416.97144
168.58632	429.0127
157.80579	416.52286
171.82538	423.1171
162.36295	432.18597
166.61311	418.05328
176.58762	436.43515
155.72635	423.46484
181.95964	420.40656
162.92058	438.71582
164.87462	412.22348
182.28238	427.8728
156.06941	430.65826
172.35703	412.4986
170.17618	437.24554
158.5767	217.61519
172.93822	221.51436
159.54292	238.16116
169.83292	215.75383
175.82278	231.9397
163.03694	222.61617
178.02126	217.26009
165.05118	228.07678
164.66191	212.62045
175.08356	226.28142
158.06033	230.55167
170.81711	206.5604
180.37419	236.33566
152.1486	218.95268
184.36606	212.28513
165.72868	237.7961
162.60329	205.9777
183.16876	227.89432
153.40115	225.73132
176.92517	207.08395
170.76926	235.51688
155.79907	211.21481
184.65672	221.26616
433.25714	381.9609
445.7299	366.95447
451.53912	383.83322
439.69342	370.97647
455.6273	367.2636
440.82672	377.7931
432.4461	360.0911
454.08365	377.12875
434.9959	376.1973
448.2557	361.13184
443.59467	382.8359
429.41333	365.31735
449.70377	372.89447
439.32138	389.76248
439.3178	357.4897
459.17694	382.89737
426.00287	377.02933
455.1167	360.0626
445.7387	390.01556
438.0193	364.6747
460.27002	375.85562
432.12933	387.44708
446.4397	355.2111
454.25674	389.38846
428.88226	371.4557
461.7265	368.88678
723.70667	64.617935
723.60486	32.243835
742.34485	45.497208
722.8069	43.666607
736.16394	36.55451
732.8501	56.72058
711.63727	39.872807
732.09753	44.765152
722.2516	52.331623
729.0109	38.048912
736.7943	50.659718
718.7627	38.356537
742.15045	37.49856
727.53827	50.761127
715.3473	31.733456
748.1463	49.64965
712.50183	57.16029
733.26843	29.001663
737.57574	63.14997
712.4979	46.668438
748.898	41.001133
719.1023	58.401073
725.0743	26.638498
743.85364	56.822044
714.0174	51.79612
740.2023	29.958378
730.9291	62.230133
617.28143	366.69305
626.1613	376.13266
614.29407	377.37183
624.11584	368.42194
628.121	382.75522
617.8921	372.7906
630.34827	368.38007
619.86066	380.9223
612.6235	362.3255
634.98663	376.4395
609.8995	383.14078
625.8399	360.19412
623.6809	388.24542
608.0819	369.16702
636.47864	370.62946
616.8883	388.53494
619.2806	359.34363
634.225	383.08435
607.9843	375.26227
632.67194	362.00443
166.7026	142.17274
162.53493	128.13647
171.73898	140.17093
161.80225	145.62166
177.97856	132.48546
172.79099	156.3829
162.90903	135.20813
180.7481	137.19745
161.91914	155.8473
166.55055	121.33518
184.69759	148.67636
157.7164	138.66301
178.35349	125.99097
172.71062	148.23605
153.8223	131.25305
187.29298	140.5739
156.08856	153.16415
170.40063	130.45985
179.11812	153.24342
149.42096	137.37616
184.79782	125.48285
167.15	153.74995
157.85841	123.04354
178.44888	142.22707
152.49678	144.80707
172.28648	122.56362
378.10406	378.65903
364.8012	370.2178
375.47025	369.70306
369.82672	383.7956
370.699	367.13535
384.64178	383.59503
370.05307	376.9395
382.93686	363.14716
376.3803	387.28812
365.1528	363.6407
382.27563	374.6599
362.2379	383.26077
377.0026	361.67328
386.58893	389.72485
356.65427	370.15704
387.77985	367.8444
369.33026	390.95184
364.8935	356.3753
389.23184	374.17236
355.94797	379.0316
378.65558	354.77936
376.16022	393.50574
357.7186	362.92377
393.34906	367.48434
362.4313	389.5984
370.94424	357.45514
392.34036	381.15436
361.3944	374.3865
387.6899	359.03824
169.2588	564.2655
160.53555	549.2278
176.62648	555.9874
159.01823	561.4479
170.42728	547.6439
175.18758	566.9744
160.87819	556.32446
176.76122	550.5338
163.76886	565.9011
166.7258	552.2962
175.46695	560.8375
707.5331	376.2696
718.8855	365.33615
714.17365	376.9921
702.0146	366.28467
720.1256	372.34125
707.067	383.6152
712.1914	368.3539
724.0357	382.23053
703.7471	371.8269
725.5255	367.7225
712.84045	386.5207
708.03973	362.1155
725.422	375.39532
701.2506	379.1134
715.9763	360.19742
718.1321	382.24023
