614.0458	373.5808
609.0419	378.22083
615.13367	367.1198
617.63257	380.5156
605.9541	372.71155
622.5934	368.65982
610.2805	387.2625
605.1195	364.2207
624.6374	378.45712
601.29407	382.6432
619.74243	362.45282
615.99207	387.44244
600.14954	369.40485
626.8172	372.50836
605.6297	387.5388
611.4864	361.10522
622.71814	385.78305
599.157	376.34528
733.13306	114.16823
731.4201	125.21812
728.2286	119.479996
737.5426	119.34511
723.4125	125.48735
727.8013	108.72258
738.48737	129.49866
717.34973	115.85889
742.19446	115.01182
725.5541	131.09085
722.7422	112.54891
742.25574	124.63031
718.0909	123.883484
735.4201	107.65315
732.33813	132.31863
166.477	286.3947
172.41907	291.8821
163.78065	293.08542
169.85995	280.8924
173.98091	300.82303
159.08829	285.7087
175.38138	286.0288
164.72786	300.11206
158.98076	278.78717
179.96463	292.21564
156.72153	299.1504
175.74292	278.73785
170.34673	305.74786
152.32034	285.38348
182.32388	285.22992
160.50511	305.11224
165.7737	276.60495
179.92136	299.14703
154.00635	292.87018
780.348	368.64227
777.5451	381.58942
769.647	367.8189
783.9788	376.78125
769.6382	379.08182
775.29974	368.11655
783.6813	383.64642
768.7605	373.81693
785.74493	370.76776
771.9554	384.6906
743.5724	372.90875
756.1699	378.0526
738.48425	382.529
748.61566	366.29498
747.1622	380.2303
735.81726	370.47327
751.3494	373.65875
744.1262	385.82867
742.0513	364.79694
752.911	384.37976
737.05383	376.7987
755.6162	368.9201
373.53445	380.0155
367.9557	374.8419
377.71307	372.9151
367.93704	383.40674
371.9936	369.00885
373.54037	386.92807
361.83524	371.00494
386.65366	368.1966
361.17032	390.2041
367.78784	365.67142
382.1397	381.47327
362.11346	380.1356
378.3802	364.5575
376.93842	391.66364
355.1202	366.29456
386.5642	375.097
356.24057	385.49265
367.08453	358.11246
384.2195	388.21896
353.30453	371.6747
384.9882	361.50894
368.28668	392.7952
360.4324	361.79483
389.7189	380.15152
355.61282	379.4639
374.10602	358.40546
439.96112	380.5567
436.44775	375.7428
445.5808	372.58655
429.6775	381.64417
438.39087	366.99506
446.28485	380.4008
430.74658	371.78085
450.8543	364.58154
435.99237	385.9577
431.79633	365.79242
452.8111	377.6186
427.3903	388.5067
443.3697	367.0684
449.02075	387.69223
424.3234	371.4611
455.14264	370.94696
434.26358	391.1159
435.8856	359.47958
453.58026	383.1762
422.60245	378.80246
444.20596	359.29352
442.6618	391.3621
426.59344	362.9892
171.44455	422.3663
160.88022	428.2584
166.30878	419.91888
172.6729	431.7855
157.0975	423.3563
177.08435	415.18805
165.78262	431.38272
157.66977	412.795
176.58217	426.0844
154.36575	429.05405
170.94751	410.8146
170.41621	438.22372
156.90628	418.22177
181.34283	421.16144
160.74686	436.83014
164.28595	412.35278
179.53107	431.7326
162.2324	49.20202
168.04907	48.231922
171.26517	55.65517
160.86386	39.439125
175.6124	47.60226
155.38483	53.73118
174.37184	40.263596
175.99118	61.02054
155.63724	44.908657
180.8848	40.38264
166.4875	57.12977
159.77927	31.756184
182.15196	50.644615
150.31093	50.27955
174.18863	28.440664
171.17104	64.81696
154.11847	32.016163
185.92093	45.06218
156.45154	60.171967
167.20493	37.142265
182.1548	57.44526
148.8313	41.31248
179.8044	34.136627
162.12288	62.61968
165.53061	28.404287
168.77666	134.21497
161.8121	140.31361
169.29141	126.51495
172.43433	149.13864
151.79587	128.1666
176.91435	130.32619
163.03305	146.32225
162.43625	120.27489
175.73372	141.249
160.19547	134.44073
177.93399	121.60697
169.31337	142.91808
161.55623	128.91742
181.91232	135.5112
155.02534	147.7037
171.22859	119.18008
181.00272	148.95056
150.90512	133.67502
183.13034	127.53218
164.85776	153.39166
157.16885	119.97408
183.81691	140.17358
153.48746	140.25862
562.10974	368.48053
562.1166	386.3881
552.69446	371.27615
573.1142	374.83405
551.97736	386.29852
556.7423	366.61
566.713	381.25876
551.204	379.68683
568.2799	366.98535
557.2585	379.29233
547.80646	366.44098
563.9618	374.87405
545.0273	382.02362
563.22327	359.76666
568.9239	388.53372
545.50854	374.0062
574.05853	368.5672
557.6261	390.3762
553.8817	360.60858
573.7054	380.91312
448.30963	79.42021
451.65826	72.389206
454.00446	85.55568
442.36206	69.803604
456.8073	76.692955
443.1214	84.13655
453.31793	62.62275
463.44687	90.84036
433.792	68.966705
469.62994	63.77613
442.75946	99.75035
438.7479	61.956757
458.2899	86.5593
428.32837	79.727264
458.14398	57.416992
447.9105	90.91342
427.92432	71.8457
465.65298	69.63292
435.68985	91.90824
443.95673	59.130974
468.0297	87.2631
437.32797	77.10576
460.48517	67.611084
457.69366	96.30248
432.05988	60.311607
466.6643	79.55961
433.02866	85.39845
451.47845	53.11535
172.02211	364.10703
165.8959	358.2168
171.99374	356.4012
164.28699	364.75
163.86227	346.75726
179.4248	363.55643
153.39392	362.78876
171.26979	351.18
170.7566	371.81064
153.66093	354.3153
181.76053	357.8524
158.14873	369.62912
169.66162	344.18405
177.0489	371.21576
158.81693	358.1688
178.67041	351.01016
163.67833	372.66675
158.01495	348.30273
176.86707	529.7047
157.79497	533.2612
167.31871	521.90967
168.76791	533.6894
158.3663	523.05066
174.77141	524.464
164.10233	537.5502
162.79901	518.22925
174.57224	536.52423
161.60104	528.44366
173.34962	518.1234
170.74142	573.0166
159.18478	562.66705
175.0704	565.44006
159.02496	572.706
168.21365	560.8766
176.97409	571.12146
162.08817	567.63605
174.60176	558.8046
165.37282	575.91095
163.62952	557.6181
504.9603	376.75464
491.96884	380.2265
505.11774	368.85507
503.63873	387.3969
492.57794	367.91052
516.6113	372.92035
492.93588	387.3099
498.79443	372.9264
509.0965	383.94366
489.20386	373.8121
510.47607	361.75748
498.38516	381.83292
495.1539	364.52094
511.30585	376.0711
486.2812	383.30145
504.4184	361.54208
511.5442	390.10938
484.80508	370.29532
513.2289	366.7443
498.76862	390.63046
497.62085	358.9491
515.59607	382.1784
715.09174	53.414513
732.8163	42.465595
735.5372	54.205055
720.2848	38.54764
743.6007	46.889763
726.1648	52.20641
734.84985	35.819283
741.7499	53.970573
720.3297	46.451855
742.44824	39.644466
729.466	56.30906
725.7237	40.77402
734.05383	47.777336
717.1124	60.071136
733.0538	27.519491
740.65845	60.099205
711.54944	41.04819
748.84534	41.150932
724.722	61.893787
726.1985	30.825634
749.13367	51.8614
714.4841	46.79559
739.1481	31.62142
732.3035	63.826836
719.3944	32.16575
173.81863	217.75554
162.12657	218.80826
169.4705	212.44954
175.82748	229.28525
162.46281	211.81638
180.70155	207.78242
163.30788	226.63437
155.6379	203.0076
182.79369	219.80367
153.9956	225.83505
170.20854	203.37576
169.21585	222.35257
151.72232	213.54924
177.5172	213.2721
160.93987	231.22575
164.4019	201.81694
180.67397	225.95398
155.00584	219.81888
176.08704	202.82693
170.83562	232.84851
158.85414	208.19797
169.99057	483.29745
158.33669	488.67447
169.16177	469.40707
174.42465	491.90558
162.5533	480.52094
176.23415	472.8838
163.71547	490.1894
162.18861	470.83807
177.6	486.46744
155.15672	482.6054
169.6191	476.5916
168.37424	492.77472
157.18327	475.40952
178.49498	479.79825
699.66077	383.65775
709.4347	369.91452
718.2111	383.7064
704.7167	375.0276
715.9965	370.7688
708.2897	379.62738
700.20276	365.84137
715.9817	377.7486
696.8987	377.45822
713.84906	364.19208
711.64087	386.3263
698.3838	371.741
721.99615	374.37946
705.1863	387.06268
706.6666	363.47748
670.7943	379.12527
651.91425	376.0414
671.58484	366.2813
663.1376	380.56442
652.9901	365.00458
667.0673	372.57422
655.26843	385.03333
660.6813	369.4146
673.0378	385.77692
658.4938	375.1053
676.07745	370.8924
659.81274	389.52444
660.1614	361.60895
676.27985	377.1059
650.15515	381.73795
666.4898	362.53577
665.882	387.1786
649.16895	371.28824
