782.73364	36.771275
766.5814	47.41294
779.9929	34.526608
770.54114	45.88234
779.4484	37.79979
787.4315	46.217407
775.54065	42.99809
769.29425	38.329205
781.0429	48.16356
780.1582	40.994755
785.9513	36.186256
778.4498	50.111214
776.61035	47.07389
779.70087	44.260612
773.5832	50.819904
776.806	38.29479
784.4961	48.682644
767.6631	41.34115
783.834	41.598103
780.9662	52.60737
771.5229	33.775394
784.72516	44.453064
772.3043	38.36338
775.41626	34.185448
773.6973	47.386013
774.0397	40.57351
786.37915	40.002487
182.2926	213.66992
181.52585	206.60591
184.24362	209.26138
177.75458	220.22067
190.43974	214.38179
180.92426	216.20276
175.3533	209.4687
186.96541	216.98361
187.50305	213.67407
185.76181	203.31891
189.92719	218.61287
179.89449	211.28134
184.81244	206.53073
180.24826	220.63728
175.41959	212.43733
189.67049	209.78357
178.11082	214.93881
184.60977	211.91275
184.68353	219.04399
176.40375	205.36197
189.10918	206.65657
175.90408	217.72757
178.89902	205.2341
182.96478	222.3586
173.80725	214.90585
661.05695	366.54727
650.8369	373.51263
660.9009	373.7893
659.036	369.3063
651.71985	370.19586
657.8565	373.73935
657.1793	376.3159
648.39514	370.6518
657.7438	365.8207
654.4943	378.66574
655.3087	370.82294
663.7703	372.4695
651.6828	377.05902
654.5047	368.17957
657.34143	379.91788
651.20856	366.74207
662.1003	370.21722
654.63074	373.79596
654.4527	364.27814
661.19696	377.2924
648.40717	375.44183
710.4802	365.42352
710.4696	375.58044
702.6505	372.4449
709.47864	372.56256
706.3724	372.77695
711.7023	367.831
713.3373	376.35785
700.313	369.4367
714.703	369.1762
706.2953	379.09393
703.9277	369.88983
714.66846	372.71713
700.45465	374.7597
707.8959	369.49677
706.0384	376.04865
703.6757	366.18668
711.95935	370.6585
702.48157	377.22925
707.0562	366.0521
710.1436	378.68597
750.36554	372.18423
760.3977	368.8249
755.33215	378.00385
756.7205	367.15817
754.77167	374.34827
749.96387	377.613
752.05273	368.02045
758.00885	374.34735
748.8082	370.27228
757.177	370.21622
752.4242	376.6055
749.24316	367.47308
760.3684	372.74866
749.334	374.61606
754.4364	365.97122
758.8833	377.12094
753.81006	371.20013
533.61066	363.26398
540.69275	370.58536
536.83826	374.59293
538.09814	378.38004
538.1344	365.95502
541.96375	368.84637
533.96423	377.10867
533.5963	373.77896
536.3555	369.67148
527.1668	369.8072
537.5555	362.65533
532.88	380.9511
529.99084	367.56317
543.54156	373.99628
529.72925	377.4923
532.42737	366.0019
541.34045	377.1225
530.4607	374.72702
545.1042	369.69165
537.4451	381.21805
533.41364	369.77264
539.3991	373.42615
527.2843	372.60892
540.7953	366.42566
543.7416	379.69623
530.56415	371.34515
602.28	374.35992
596.31415	375.1861
596.8273	367.98
607.0258	373.55573
592.33075	376.97086
603.11487	371.42896
600.90234	380.46292
598.8834	365.69614
603.4994	378.8686
593.40216	373.29846
601.82513	364.19153
604.7562	375.8338
597.13727	371.71533
603.5321	366.88892
598.22534	378.49237
592.90234	367.24405
606.30176	370.72757
589.665	372.31482
599.94556	370.1656
599.6886	375.36798
594.00635	370.30917
606.30914	367.2061
595.2073	379.5279
595.1093	364.17215
838.9258	374.7847
829.889	369.36963
840.0459	369.74762
830.6483	375.858
833.371	367.4663
834.513	373.4688
830.3102	372.76056
836.2377	370.51288
837.22577	377.27908
833.13416	370.67136
839.0446	372.37677
834.19257	376.782
836.94775	367.30936
181.1941	423.35132
178.4361	423.5665
182.93315	415.5087
182.40433	426.10785
186.41574	416.81503
186.61342	419.4681
178.29013	427.14374
181.73341	420.1601
189.40668	424.43292
175.65958	421.27094
185.95872	425.95923
180.77138	428.83545
180.15602	417.09308
184.4463	421.6232
175.39	424.64777
188.20135	422.0122
184.80185	428.44684
177.85294	418.597
465.20074	375.65033
464.35187	380.86945
470.9629	364.1645
466.38867	378.65784
464.03766	372.99664
478.64487	372.68408
470.3668	367.62628
464.40585	369.35822
475.4669	367.46667
462.487	376.41785
477.72046	369.2907
468.15146	373.08026
468.09677	369.71515
472.09357	372.3479
472.319	375.31897
464.87216	365.00107
476.07236	377.3445
459.04282	372.09528
467.78143	365.68753
474.65982	379.44586
461.57437	367.12686
475.85303	374.48233
470.4542	377.92807
472.8458	368.96048
470.70117	381.46823
462.09595	370.03226
473.80533	362.87067
182.43253	527.78424
178.33363	528.68225
183.68591	532.87555
178.1599	534.44965
185.39665	526.18634
186.01448	535.88
174.94565	528.8124
188.0996	527.1909
181.9144	530.55054
180.55727	524.5115
186.26837	532.23926
178.94669	531.66785
184.13547	523.3888
181.55624	536.1741
177.90323	525.37256
188.02048	530.51013
392.96616	371.1134
399.52295	378.692
397.14883	380.77017
395.3271	364.5336
402.95822	362.70224
401.63223	381.83014
398.08658	367.9937
408.28	375.12097
390.16925	374.61353
400.2559	365.0039
398.34372	371.8786
395.49963	372.09277
402.19052	367.0402
397.40643	375.31586
405.6911	369.74283
403.85812	379.22482
402.33856	370.31976
407.32355	366.54852
408.13318	378.0594
393.20328	367.40286
405.7483	373.6912
393.6716	376.00116
400.9748	373.80173
403.36377	375.8848
389.79877	368.88538
409.4178	370.9812
394.09613	378.79767
397.86606	362.8553
186.95409	576.11743
177.56049	578.73096
183.35901	570.188
182.52068	576.33093
177.25374	572.67596
184.46658	573.8909
180.94939	579.91223
180.77382	574.14935
186.36775	578.9968
178.23703	576.0647
187.4037	572.563
183.58434	580.21954
180.2557	571.12573
178.87767	476.84048
181.45018	479.39728
184.80736	475.0521
181.35355	475.46616
175.72586	479.50775
188.33325	478.4232
179.7146	483.79208
179.53462	470.64825
187.38571	481.85663
181.36661	472.90668
187.90297	475.2835
182.71094	482.3387
175.8292	475.66895
184.978	478.14078
178.16522	481.3479
185.54933	471.68317
184.97328	482.96576
795.8101	370.4874
800.9431	367.147
795.28827	377.99564
799.64294	369.92438
802.66125	373.52673
792.606	376.67358
799.92114	373.38522
797.4616	374.40128
792.56256	370.31476
803.15186	370.3679
794.8086	374.21432
795.08356	366.63477
801.8134	376.77545
791.1097	373.08307
797.9923	366.23407
798.39667	378.27252
792.3611	367.42303
188.15761	45.40191
172.7138	43.41639
180.04068	41.994312
189.96262	50.026394
181.34987	37.989895
180.40488	46.50339
179.01587	54.292583
180.73029	34.034542
191.27603	47.19212
176.2041	39.06794
188.03879	37.68757
177.5	47.14165
183.0597	44.1637
191.65294	42.028862
175.31754	49.823765
183.46211	47.661797
182.2529	53.238087
176.56125	42.994152
190.5505	38.067425
187.14682	52.968567
178.30302	35.97322
186.04224	42.48576
172.5693	48.226265
184.66985	35.141872
186.45435	48.58953
172.71428	39.504936
185.56003	39.17637
179.79825	50.087418
184.00919	128.70317
189.38425	137.34837
188.31624	133.66508
188.42912	126.6641
181.30278	141.3606
175.50066	128.87514
179.87328	131.58937
175.57248	137.3256
185.02985	132.34286
184.3457	140.55525
172.96211	126.934166
191.09512	126.837326
181.00334	137.18462
185.4532	135.94061
188.34024	129.97537
172.61557	133.12791
178.39145	125.411514
191.39674	132.56444
183.9161	125.452286
188.17108	122.0885
176.63101	131.36862
179.43352	128.27415
181.39175	133.72206
176.11937	123.66499
184.37534	121.95097
177.89043	136.12138
180.72977	122.35811
188.49623	295.15784
184.13719	284.7938
184.27914	288.82147
184.1523	298.19208
175.15726	286.26703
190.44632	291.48636
188.00476	297.98224
180.7626	285.30835
180.68546	291.52005
174.95578	289.56635
183.45454	281.97275
177.13394	291.67645
177.18472	283.733
191.0131	287.12872
180.99596	297.9709
186.94418	283.65945
184.00342	292.95395
180.68207	288.50092
178.71208	294.91284
176.4443	298.17032
179.8862	281.16064
186.70596	291.8986
173.26746	293.28015
187.69083	288.03256
870.58167	376.27274
862.99475	369.66016
872.9417	369.7386
863.23615	375.4306
866.7513	370.78998
873.1835	373.55133
866.47736	374.44684
869.93396	370.14905
866.9839	377.54987
865.7791	367.6163
869.4652	373.34808
863.44885	372.47418
869.23224	366.97968
474.05234	64.54923
475.72836	72.72529
485.6482	70.51389
480.9909	74.22132
476.0228	60.658375
481.71967	69.64884
477.1337	75.6082
491.3672	64.19216
480.45078	84.86304
483.96405	74.7241
488.66968	73.50539
490.2774	78.35107
484.84195	59.444183
491.71332	71.8707
467.7085	69.47373
478.71616	69.14707
472.24652	79.059326
479.44174	64.29201
472.7171	69.71875
471.34433	73.18871
474.94156	78.11248
481.41412	79.70257
470.53522	67.0482
484.633	62.878777
468.64233	76.65898
486.94855	67.30043
485.51636	80.9027
477.89713	82.57005
486.30975	77.594635
176.08556	357.8083
181.4418	355.7151
190.4269	360.23538
178.05902	367.74097
183.76129	353.83704
184.52325	367.9462
177.48648	364.53723
188.32213	357.241
183.978	364.10522
174.63997	360.38223
187.99121	366.44913
183.91307	359.18317
186.87901	353.91855
181.16292	367.91107
174.16322	364.3122
188.0401	363.35333
179.9692	363.31885
178.13567	354.57098
186.87267	360.13525
181.78584	361.38736
179.09138	358.5559
