444.79282	369.40118
439.95502	375.2048
444.66364	362.6281
447.48608	376.779
436.08893	369.63623
452.6061	367.18024
439.7671	382.29977
436.04443	360.55872
455.4935	375.18475
433.89862	377.66873
450.7294	356.05093
446.87094	383.4517
432.43018	365.67767
460.4152	370.71417
432.1827	385.94244
438.50034	354.61523
456.69794	383.95798
426.63315	375.97815
455.79214	359.97256
444.46735	389.22498
429.2464	359.45148
461.61142	377.8899
426.96588	381.7158
444.7377	354.33893
452.51874	389.1872
425.2653	367.9643
460.2946	365.13068
438.95685	390.54758
716.5714	368.8826
723.41895	373.89032
711.0659	375.82806
722.1795	366.50055
719.39417	379.02267
710.9801	367.03403
729.7203	368.99298
712.2469	383.05563
715.3251	359.84357
729.037	381.53394
704.2274	373.86703
728.3681	362.76532
716.3053	387.03436
708.1113	360.38776
730.6272	374.90106
705.0175	381.5734
721.85876	358.7659
722.74805	385.53308
704.16925	366.8609
173.12143	215.53706
165.30466	217.65085
166.70804	210.65031
172.86496	222.65535
158.1594	214.99527
178.98882	210.68294
163.98459	224.7944
163.02974	205.27713
179.8223	222.04639
156.42477	225.33037
172.53879	206.48105
175.14987	228.93481
156.34593	205.42233
185.65237	206.69458
166.68947	231.26218
164.54164	199.72249
187.008	221.68904
151.46211	219.87741
178.90431	202.54648
172.49858	234.57773
150.94705	212.56168
184.66113	214.844
158.99358	232.20877
171.54959	200.37726
183.19856	229.02734
439.97925	77.89456
458.43515	71.52293
452.8687	75.31609
446.8986	70.65297
468.37045	83.20155
427.81885	84.22789
449.76947	64.68968
457.25397	82.41768
445.33725	58.418865
464.66876	63.31831
444.66675	84.120766
452.21674	54.362953
461.09735	87.11888
437.43344	72.34593
455.83014	65.991806
447.12958	95.538055
436.5725	64.65306
470.62054	68.86705
436.2713	89.38867
443.97504	52.72883
460.3681	94.008865
429.73184	70.66243
464.18912	58.56413
439.47675	93.817566
436.5876	57.01171
468.1336	75.12951
431.86334	77.8773
458.91025	54.96646
452.046	90.233696
430.24625	60.938976
733.45776	116.33018
726.645	119.40614
726.4366	111.318504
737.3063	123.60966
720.3986	119.70039
733.5155	109.33138
730.10583	124.32854
718.57947	110.36825
741.5145	118.50444
717.2748	124.9354
731.67773	103.98042
733.10156	129.73044
715.10583	115.570946
739.48773	111.39176
723.9008	129.1829
722.6666	104.68147
178.35512	364.05215
157.88785	362.87756
177.08334	349.82617
172.62343	366.7326
164.16733	354.82925
175.27536	357.73807
166.03018	362.6024
170.27135	352.6584
180.32465	370.7516
157.54974	356.81796
182.85318	348.86847
165.94571	369.01556
160.5387	344.2256
185.1077	362.52985
155.97957	368.17407
171.45335	343.8572
173.79103	374.48376
154.25648	352.4074
183.52438	356.09772
162.50647	373.5916
165.5562	347.3073
178.72896	428.26617
160.32208	421.6093
177.87376	412.3361
171.80542	431.1828
159.37704	411.1867
172.14876	424.5494
160.8181	429.5108
172.0953	417.09058
178.30444	437.08618
166.19556	419.73135
182.85248	416.30096
165.69843	433.2212
165.57082	411.89337
185.08363	428.80542
154.90984	427.0143
172.21378	409.9809
170.3912	438.6548
154.90051	418.12128
181.28656	421.91
159.71222	436.8689
563.7976	367.13046
566.2052	377.19254
557.2221	371.79276
575.65515	366.89484
559.6896	376.5158
557.11804	361.38763
569.27234	371.10553
553.64056	381.28705
569.62305	363.11646
571.2801	382.41852
552.1059	369.26788
582.0304	367.69748
562.97845	385.07407
561.62915	356.8469
580.1488	379.7332
550.22864	376.41174
576.06836	359.38312
567.75134	388.36032
551.06946	363.7126
577.52405	374.54108
557.5628	386.23138
568.1736	356.89835
576.5189	385.89502
166.22446	482.68317
177.37126	479.13297
167.28827	491.18393
165.25748	476.05826
172.88075	486.4229
160.94388	488.5236
171.83047	477.0688
174.76236	493.99414
156.96918	480.67374
183.55263	479.13364
162.30762	496.73218
168.81393	469.34302
181.52824	491.73413
154.42995	487.2836
176.47037	471.18384
171.86607	498.7945
159.90411	473.48648
180.46797	485.75586
170.0726	52.44341
170.7158	37.783936
175.62761	55.214405
163.79178	47.298187
177.80054	38.42642
163.77937	55.643288
165.00122	40.77908
174.25864	47.681602
157.46481	49.773888
178.88235	31.206976
173.94456	62.433174
159.22661	37.32019
181.87909	43.006126
153.82462	58.008453
163.5366	32.086624
182.1301	52.004936
154.7121	43.96499
185.29698	33.968037
167.09494	64.1311
156.3954	31.536276
188.5441	49.580593
150.92847	51.99358
171.94992	28.493923
180.1688	61.715935
149.28304	39.45287
189.26564	43.253796
161.2296	61.512585
166.61273	24.450268
185.88467	57.495502
501.91327	374.99152
515.0234	361.3363
508.37115	377.5781
508.278	368.82098
514.5303	375.4568
495.07886	380.03714
507.84097	363.12646
512.2313	384.64923
498.26187	369.73608
524.8336	368.78235
502.17334	381.52393
500.56744	363.52606
519.6471	379.4882
490.04156	376.59924
512.0018	355.46115
512.306	390.58408
492.64948	363.06537
516.1794	368.98865
496.99536	386.3239
505.48004	356.15735
521.4609	385.38065
492.01602	369.85858
521.2716	362.2787
504.03076	389.36395
498.32553	357.06653
524.12555	375.22775
747.3134	382.01007
756.3276	366.38043
762.8143	380.45367
749.2699	370.78326
763.4161	369.89148
751.90375	377.7365
751.5679	362.16547
760.9319	374.83258
743.852	374.82062
761.6791	363.3101
756.5953	381.82108
744.5816	365.576
789.8256	371.50262
774.8998	381.93173
779.75305	364.21423
786.0418	382.50397
774.1436	370.41937
789.87	364.68652
780.9	379.0451
773.62445	364.43475
789.4335	377.20773
773.06287	375.61322
784.21423	366.9334
730.7672	52.623436
722.3409	42.682278
735.8065	42.290237
722.4886	53.281464
728.2931	39.417458
741.11707	53.3106
719.43005	48.955772
732.4564	34.958454
725.82056	58.87091
715.1257	37.36518
736.5766	48.157455
716.9289	57.43926
730.4163	26.288937
735.9946	58.764473
715.6488	44.613384
747.91656	38.512104
723.09766	65.18032
724.74066	26.91442
747.94324	50.838684
709.8852	51.28126
737.4273	28.28771
732.16345	64.540695
713.6753	31.464163
745.90247	44.016808
714.60266	61.753166
724.0856	32.952477
741.60736	59.97445
708.4707	41.92246
740.33777	34.675762
168.00894	293.98727
164.26773	280.48764
177.07307	294.664
155.12827	294.2515
176.93336	280.48685
173.09038	300.41565
160.97394	286.61948
176.18686	287.84647
160.91362	303.95282
166.80428	275.74878
183.65279	295.93167
162.77658	294.2315
175.25357	274.8081
175.26012	305.998
156.41885	279.8625
184.75876	289.38367
156.34431	299.82468
169.9355	285.20593
182.19353	303.37836
154.66342	287.6191
182.73978	281.88675
167.4974	306.49652
665.74	358.11304
685.3331	376.82327
655.2676	376.7984
672.3722	362.76776
673.37604	383.2885
661.089	366.88556
673.4935	371.39923
665.156	381.8714
666.81055	368.6773
679.5242	379.13504
662.11127	374.83392
679.47046	362.3288
670.60236	377.0833
659.2313	361.3728
681.0285	371.72827
658.9107	382.72668
671.94037	356.5238
679.2333	385.4137
655.44476	369.73322
684.8939	366.2511
668.33386	388.20825
616.00635	366.5025
630.73645	379.59763
605.034	375.49945
627.07965	360.0224
622.30383	377.98236
608.7353	366.726
624.2956	371.18793
613.00226	379.50665
621.78357	365.0919
627.52826	384.33102
614.8578	373.62003
632.7445	364.39804
617.7229	385.0922
608.4171	360.25476
632.43176	374.76782
605.9097	382.44724
621.1024	357.34772
622.99133	388.35687
603.6273	369.52515
633.817	369.27466
611.6841	386.88324
614.58984	357.66135
179.96309	533.9105
163.56348	533.29254
172.53345	520.91077
171.82927	536.56555
162.15213	522.05347
174.1874	529.9122
160.21608	538.8793
167.8457	524.7092
175.72173	541.43726
159.7549	528.9237
179.46164	525.0841
167.02438	540.4357
164.79576	557.27136
176.7739	568.9606
161.24135	568.997
174.92955	556.7897
169.1886	571.6573
161.64717	563.11334
177.77795	563.2219
164.4916	575.32385
170.08932	561.0489
175.03954	574.9723
156.87129	133.93701
177.17017	127.34752
168.3716	143.99072
159.78923	118.46183
175.36687	136.13823
166.77383	135.90579
171.03667	128.2787
175.37671	145.65817
161.12192	128.5384
181.54831	132.76088
160.6246	145.15111
166.09885	125.036194
181.23143	142.43887
150.69728	139.12383
177.84518	120.766685
174.24113	153.41641
154.06165	123.871544
188.36087	130.255
158.78726	151.76787
173.72073	115.79289
182.186	149.18364
151.78758	130.17561
184.22232	122.29199
168.07692	150.86807
167.58885	117.272446
187.94502	139.58864
157.6078	141.1357
375.1046	366.16183
377.17474	380.48975
359.14005	366.9173
386.87604	371.85986
368.21252	382.8895
372.85608	360.30377
388.7835	380.09058
367.10266	374.88794
382.11032	365.0805
373.39777	385.66968
366.22852	365.96112
381.62766	376.22913
362.5813	379.52377
376.6619	353.5484
382.86407	389.20407
373.36932	372.54034
388.81744	364.60922
369.1564	392.30875
363.96466	356.30414
393.7375	376.83905
355.9499	377.57642
381.94452	356.93555
376.42014	390.94022
359.40366	361.19156
394.2177	368.87488
361.63116	387.05203
370.23093	355.20563
388.1761	385.9895
356.48004	371.8565
388.21887	358.6178
