780.7029	374.01007
774.9054	376.7551
776.7716	366.62378
783.72815	381.02155
768.33563	372.87012
787.24744	370.3097
773.42633	385.24158
771.0213	366.82315
788.859	377.668
768.6588	380.13632
783.04346	365.56613
780.32336	385.55646
163.66035	513.3692
170.74724	512.8117
164.28958	519.7897
165.99881	505.2916
173.40636	519.4464
156.35083	513.6559
177.84671	509.61646
165.09952	526.1183
159.56534	506.16644
179.35812	517.654
157.19565	521.6055
172.20918	505.1502
172.05936	525.3472
163.65302	409.66046
170.13428	409.51297
165.14316	416.27872
162.89677	400.99326
174.2842	416.2149
157.37225	417.14102
173.96243	402.71716
168.33131	422.4987
156.94588	403.8411
179.65215	413.98477
161.05179	423.1001
169.26012	399.3747
174.20901	422.8253
154.89153	410.956
179.20435	406.5997
445.98624	87.73229
443.4855	70.412025
453.9667	75.84219
441.65277	79.415016
453.3708	71.986305
446.68365	79.95401
438.2251	67.877884
466.59018	74.35866
430.64536	79.282486
454.35986	62.625378
459.0567	83.41413
435.9791	76.090744
460.48502	69.19641
442.27792	93.64127
445.90714	62.17156
470.508	85.05848
434.66513	94.27582
449.66928	56.418324
462.03384	92.99265
428.6255	70.22805
467.2045	64.63527
452.40546	97.939644
443.95932	54.978954
464.44522	84.52553
429.2194	86.53507
459.56323	55.745953
453.32828	88.83335
432.99854	63.706932
569.29065	374.13803
555.5104	377.25037
560.32465	371.40546
567.2931	385.77286
552.0774	372.02972
566.4261	368.97867
559.52277	381.7289
550.3617	363.05197
569.1959	379.5216
549.7474	386.1228
562.31525	361.21796
563.2694	389.1143
546.532	370.456
574.9022	370.68414
556.2739	389.23636
556.71356	364.21716
574.6053	382.47357
547.4415	379.013
569.3984	362.66354
732.04944	47.436874
725.05457	40.100445
738.84576	45.147255
726.2794	48.654205
735.921	40.16861
735.8793	57.17914
715.61487	42.99954
741.3552	37.261833
725.7025	56.010048
725.3434	31.94365
740.72815	50.560402
719.7533	47.10327
731.86237	34.48989
736.6741	64.53018
716.48883	37.554596
748.7689	41.473675
721.4693	63.75418
732.8765	27.68497
743.27136	57.97407
711.46155	48.21373
741.3451	30.963663
728.4439	61.805664
719.31744	31.642742
748.4493	49.89509
715.4037	56.805
612.5732	364.5654
613.51013	381.366
605.39935	373.95367
613.1949	373.49512
607.72516	381.3568
605.68396	367.7641
618.996	377.8285
601.46063	380.07095
618.6083	363.64645
611.09344	388.56958
598.1918	369.19818
624.75	376.04916
603.2235	387.2043
605.6368	361.56995
619.5508	385.73303
596.8765	375.807
622.43494	369.6921
165.40524	295.4127
162.10414	283.00272
177.56914	290.53314
164.29166	289.2544
169.1076	282.2475
173.90746	296.07568
153.95424	284.85147
174.00348	285.1585
162.16353	301.22504
164.93738	275.66327
179.64445	296.94684
154.87766	291.28278
177.5767	276.7591
170.19965	302.1668
156.72711	277.31512
181.84824	284.97345
155.54596	297.70447
170.17915	274.78067
170.26657	469.4558
155.90161	464.1845
176.48578	456.14273
164.86331	473.9275
162.48415	460.65707
174.83989	466.16177
160.3151	468.406
170.40175	454.87085
169.74026	477.53412
157.11607	457.2536
177.98213	461.94043
158.55045	475.1831
167.17728	458.1747
178.49533	472.35846
738.16296	373.73444
748.13477	364.549
742.7747	385.64957
734.8292	365.47543
748.4363	375.8795
736.2536	386.35712
744.2643	371.03134
749.15173	385.5863
731.305	371.29977
753.1994	370.75003
739.3451	379.82013
741.5952	363.98093
752.03674	380.02792
730.85693	379.27728
171.11926	37.453518
171.15718	53.422707
153.72592	39.074944
169.57115	48.10132
160.99557	53.007973
166.37897	42.055927
179.63477	62.765087
161.31267	47.615295
177.20694	44.72735
163.98355	58.71184
160.06172	39.551678
180.92746	50.108696
153.85263	48.145226
172.42767	28.972467
173.82336	66.886345
148.4548	43.39754
183.25124	39.340183
161.57661	65.81465
165.81389	31.446737
180.9313	55.503437
147.44147	52.663563
179.2055	33.728966
168.70114	61.75962
158.68875	31.360743
187.53918	49.87797
153.88899	59.431282
446.45132	362.63577
447.80045	382.96713
441.82895	374.93845
460.18033	371.1032
437.68365	384.9454
438.48114	367.41324
453.49893	380.37222
428.7495	379.1784
449.88858	368.64935
441.55444	381.1467
433.11197	369.5838
450.80664	374.87518
433.61475	390.6673
440.6105	359.1055
454.298	387.61472
427.94223	373.00787
456.40778	365.08228
441.21436	391.82635
434.54492	360.40714
459.1478	379.11646
429.08307	384.4069
449.4737	358.59528
447.6269	391.64398
426.81314	366.40765
733.501	119.71356
728.1084	125.01793
726.30536	109.13965
739.60754	125.12288
723.0966	121.68959
735.4647	108.44176
732.22784	129.81921
720.4833	110.78046
742.67535	119.41536
718.51794	126.46645
731.8202	112.92107
737.66833	131.05353
719.4234	117.42297
741.60095	112.11515
725.16656	131.66998
163.89772	340.21115
171.04546	354.4754
154.62949	355.30435
176.50832	342.34552
170.43105	366.76666
155.54897	348.7909
175.874	351.54874
163.08011	365.36395
166.54439	347.51947
176.43462	361.66788
162.48132	353.489
179.79984	347.85034
165.68411	359.3393
158.06094	342.2337
180.83609	357.26688
156.97897	361.53925
169.78673	340.33777
703.63434	378.21375
692.0551	371.6437
713.28204	367.86566
699.91534	386.6498
699.6364	370.39957
714.0834	376.6705
697.5318	378.62003
706.75415	364.70377
706.1947	385.88293
692.4242	365.5402
707.9999	372.90512
692.7885	384.69098
700.4801	363.61133
711.83813	383.40118
690.5515	377.6974
177.15869	131.4817
162.97089	143.32469
162.81532	122.63013
170.85074	136.78482
150.70374	140.50198
171.25186	126.302345
169.9286	144.01662
156.6196	132.36108
179.1259	138.6334
160.57135	151.3088
166.05005	130.86673
178.57729	147.90639
162.01126	135.34651
177.57832	124.198975
166.60689	150.72188
154.56987	124.30066
184.98819	140.37296
154.89682	146.58792
168.6109	120.404015
173.25607	152.89291
151.7301	134.36488
182.76996	129.86003
502.65137	387.71368
500.39023	362.2077
514.0635	380.14948
492.7501	379.331
514.6766	361.01974
507.58047	378.8136
495.42725	370.9989
508.76572	369.55954
498.50546	384.31076
502.53946	369.0343
519.49426	383.49753
501.24957	377.33228
513.288	367.22705
507.86758	390.3056
493.4781	364.2375
516.263	374.9193
492.17935	385.9311
506.54535	360.72668
513.6757	387.8123
489.63037	372.8929
520.3717	370.86365
159.20592	230.99268
165.58792	204.47227
173.83504	220.21814
159.94186	219.47415
172.61098	205.70915
167.54877	220.56465
154.60696	206.68723
175.76859	212.68625
161.54274	225.56885
166.12099	213.90579
178.35628	226.2976
157.30122	213.62317
180.77933	205.93791
167.39403	228.73459
161.02252	201.63858
183.79134	219.37883
152.31718	223.40698
172.82825	199.78957
172.54918	231.79749
150.85571	214.03584
182.38562	213.78464
362.82434	387.18964
374.84332	368.2414
382.77872	385.5031
366.8751	372.8973
380.3516	370.89325
369.6489	380.9757
368.23605	366.184
375.82867	377.9869
361.18768	378.81094
377.44327	358.41248
380.53278	393.26642
361.1136	367.2822
390.21677	371.01825
368.04828	387.25476
363.7861	358.031
389.4643	376.97107
353.94635	379.6775
383.53043	360.21066
376.69598	387.68735
355.40186	364.05722
382.9759	376.87482
357.0564	387.1502
370.90207	360.19153
388.80084	385.29706
356.67654	372.65823
384.94803	365.58093
371.3585	392.30344
161.15404	549.72986
176.72604	560.21625
160.24533	566.88635
171.84953	549.328
169.81848	564.3153
160.93167	556.26044
174.50299	554.81506
166.40999	568.95825
167.08768	553.1676
175.38388	567.6117
158.06538	561.1536
660.9381	368.28897
658.3529	378.95648
648.6173	366.86285
671.234	377.6582
648.84656	384.612
654.68427	370.79135
666.62756	386.10587
651.37317	376.9271
669.6754	367.70245
654.4752	386.9694
653.2893	362.01822
664.2052	379.2896
645.01794	379.50922
661.3916	361.85678
660.28644	387.53473
644.1969	372.34567
665.8111	372.35242
