485.41196	79.122375
478.7979	89.84192
476.54346	80.72016
468.91147	77.17079
473.1122	84.57251
480.8706	72.37011
487.0313	83.41487
471.44345	75.48582
489.2343	65.20759
466.47998	79.91192
474.86026	66.075424
490.5412	81.645744
479.35806	67.45213
482.2191	75.296135
476.92853	62.44706
489.81488	78.494156
481.743	85.07136
472.15884	68.56618
484.29584	69.05027
480.6661	80.24759
484.16373	64.96276
478.4231	76.8934
477.67358	85.117935
486.20966	75.34782
482.9354	89.434494
476.1004	71.141884
489.93106	74.63191
471.79584	80.62825
470.46014	71.77796
491.55396	70.54163
832.44904	377.491
836.0726	371.66766
836.6844	377.75958
832.94696	372.03073
838.97345	376.12006
830.513	379.55157
834.2886	375.24554
837.5505	380.7419
830.4074	374.2885
838.8719	373.3072
834.5636	380.45538
185.509	231.66411
184.37187	245.7421
175.04408	238.87204
178.874	232.14847
172.89389	245.02902
179.22128	239.58672
176.88538	242.14145
176.05264	247.27274
182.84286	233.82495
183.55496	241.11874
172.6396	239.22238
180.84512	229.14583
179.94904	246.41382
170.75873	234.56653
181.975	237.62497
178.86214	235.1835
174.6882	228.70137
187.39879	242.09485
174.77452	234.6908
186.15414	235.27963
181.33075	243.77707
176.07195	232.4237
186.5841	238.90169
169.83195	242.74825
478.29062	365.52563
477.50317	380.48102
473.7851	369.45505
480.62555	369.00586
484.45825	385.6202
471.12085	375.50385
483.64136	374.6045
473.44897	381.66776
489.62183	376.78583
485.26456	382.01624
476.98257	377.9615
485.91495	377.1234
476.21298	384.67252
483.976	368.0675
480.0587	376.08484
470.68774	371.5861
487.5966	373.59875
480.7338	382.31927
478.7111	372.9786
487.95575	379.5771
469.51508	379.2608
482.46597	371.8671
479.79828	385.00717
476.7648	368.9894
486.7636	369.93076
472.91217	377.61002
475.527	374.48898
482.47208	378.72122
179.93655	158.81068
184.5151	144.44646
183.18996	157.50998
175.04298	143.83418
181.41637	153.00941
174.97131	154.60237
181.67767	149.70177
177.31107	151.83968
179.21054	142.47052
185.00656	148.38187
171.52513	153.4259
171.90317	150.29607
188.17825	153.0371
167.9522	147.04477
183.5126	140.2835
185.19382	154.67174
172.16263	140.24197
187.75557	150.37479
167.85165	150.9263
175.331	140.28714
178.53793	154.41566
171.62944	145.19803
188.6644	141.2269
174.92896	158.98996
180.92049	145.2163
188.47389	145.30084
175.53009	147.47195
180.56558	138.30086
725.9254	378.11826
724.103	371.6978
719.8732	377.4687
721.8565	380.68256
727.1156	370.73663
728.05994	379.94772
718.99316	374.03375
723.31976	377.55524
718.2702	380.81857
722.8224	374.30426
728.8861	376.4968
716.8791	377.3427
721.6185	369.63992
724.14594	382.69705
718.0121	371.8485
727.2964	373.88525
183.72314	39.826496
174.96634	49.801506
180.27959	57.17035
171.46246	57.925385
188.9415	44.997932
176.90274	46.813675
169.06438	52.6018
171.4451	53.881737
169.05063	48.52432
183.89755	51.07631
185.38925	58.815205
169.36545	44.719418
183.51915	54.317284
177.13463	62.06891
177.27524	39.10777
187.97527	55.920433
177.34409	53.530724
183.7107	43.649975
179.83301	50.615322
178.88495	44.281975
188.82597	48.184944
175.8069	57.470604
179.51065	41.02662
181.01582	46.067993
173.59816	45.50622
186.92899	52.529457
180.8438	60.45588
172.66083	42.675972
184.7305	46.60293
861.402	380.40878
865.7293	372.29733
865.94904	380.26535
859.9305	374.20593
864.0714	375.38696
863.42737	378.46158
862.4136	372.2583
867.7875	377.35864
859.9753	376.96124
867.77966	374.52228
678.63385	382.44928
669.5953	372.35352
678.25183	375.05737
668.63214	376.66626
674.5899	373.97833
681.42194	380.18787
677.5376	379.27975
683.01044	375.4602
674.26556	380.37347
673.06134	369.6649
680.9671	377.17352
674.9103	377.03604
681.6329	371.6283
673.18567	382.82968
671.4311	375.08817
676.99524	372.03946
670.78	379.98337
677.707	369.38724
624.97943	383.99118
610.4056	377.46527
626.4971	371.5703
612.6679	380.90173
615.87164	368.8705
622.63446	374.05612
616.0366	383.8277
619.73596	375.31348
621.2685	380.5477
618.62244	379.01398
626.71075	374.7502
625.72534	380.66315
620.36365	370.34283
623.1612	377.376
613.59375	374.35162
619.15173	367.38828
616.71454	375.06393
610.80066	373.69794
626.3482	378.3859
614.83923	378.80072
623.4744	369.57184
619.81366	384.82452
615.6937	371.8454
764.8072	373.91678
765.8662	376.67822
761.45135	371.3424
768.6322	377.81674
759.269	378.03375
765.13965	370.8056
764.75476	381.19098
762.37225	378.36542
769.5425	375.19266
761.6423	381.45844
762.04016	374.785
768.1294	380.40945
758.80035	374.42773
768.8055	372.23734
180.80081	539.84143
174.06631	535.8744
184.0003	533.3386
176.32977	540.4628
181.471	530.8992
183.83745	537.7753
175.45576	532.7391
179.37125	533.842
177.92741	538.4054
177.4277	530.488
181.38066	536.2275
177.16522	535.5699
184.20786	491.94083
176.54764	488.83966
173.21976	488.23135
180.23724	491.7719
174.63051	495.21548
179.46985	489.03867
179.64116	495.98886
180.0945	485.01416
183.50937	488.66504
177.51433	493.83334
176.8204	486.1231
183.21779	495.07465
174.45541	491.57886
183.47191	485.9333
405.6817	378.84323
404.05377	370.19635
400.53256	365.7484
388.87518	377.95377
398.37457	373.06342
399.55588	378.89005
402.6482	373.86096
397.57803	376.33044
401.3167	387.34598
393.3457	378.50336
406.3025	367.97736
395.4166	384.3139
389.78033	369.8732
409.7391	378.06036
402.86142	378.00616
407.4686	376.4601
396.5739	379.65598
389.84412	372.88977
407.5518	382.9178
392.38257	382.97546
407.5218	372.0241
400.5363	382.20755
393.7774	368.96307
409.56485	373.2759
395.82327	371.5777
400.12097	368.7362
404.3329	383.01312
392.49115	374.93042
396.6612	368.12683
397.6354	386.41476
176.59128	435.22598
180.68044	439.91177
177.50092	445.76886
179.52394	433.93564
181.40414	445.39566
173.46532	440.8798
184.70258	438.03793
176.4623	441.7483
177.59479	438.81097
184.82678	444.3864
174.3371	444.81494
181.48553	436.6311
179.29405	443.16992
173.25516	437.06952
184.26974	441.22144
176.21799	579.7112
178.2496	574.01953
183.79489	577.61536
175.2364	572.78577
183.45493	572.43494
178.42523	577.242
177.39745	570.25916
181.33975	575.6667
174.7699	576.2622
180.57828	571.51965
180.7743	579.67926
172.63188	312.1784
180.49492	314.5893
171.44627	314.3217
175.19646	309.77496
182.67903	324.17633
175.32222	320.92596
177.94768	316.17792
184.33536	316.2702
175.77556	313.74713
186.8539	313.79578
179.82649	318.43777
181.94603	307.9948
176.58908	324.43192
174.35089	317.7214
183.8045	311.8058
171.44829	319.48984
178.84758	309.08572
186.72334	319.48636
179.13893	321.49228
181.39798	311.544
183.53616	319.7335
773.8085	55.047356
769.2533	49.360416
777.74805	49.26934
784.3272	39.411003
791.2545	51.650085
784.398	50.805847
789.4404	45.952908
782.5644	61.75001
775.4386	41.0997
787.3878	53.9216
774.3534	47.242756
780.93286	42.523445
779.54926	56.727898
779.49963	53.703606
788.38586	50.546906
771.62665	57.061516
778.1582	42.816032
782.1036	47.450657
776.6701	52.296955
785.6094	47.489853
784.36444	56.413963
772.18756	42.858047
791.53284	47.541077
782.56744	54.093224
778.2446	46.584354
788.3769	58.281616
772.63434	51.04872
785.14014	42.47309
775.7255	58.084923
178.5085	375.5351
178.51366	384.76407
172.5103	386.43256
178.09613	378.48697
181.70773	390.65182
172.3245	380.8642
184.46481	381.1167
178.1547	388.21725
182.49532	384.65826
186.9877	383.44965
176.3623	381.93094
180.50629	381.35916
175.54831	384.77417
174.77753	377.9924
180.73085	387.68134
174.85173	389.394
183.10046	378.17773
184.65193	386.55896
554.0458	380.27545
561.942	374.6496
548.3559	381.62738
551.98413	367.72327
558.09576	380.63773
549.01746	384.489
554.4752	371.58878
553.12836	377.20587
546.9309	373.53693
558.8227	371.83813
558.9606	377.51904
554.88635	367.11234
557.06116	374.79276
543.85345	374.79733
557.0232	368.89484
555.2612	384.7354
549.44385	369.38882
550.74426	372.04282
545.2831	378.44537
549.6537	376.22122
557.93646	383.83594
545.79504	370.00064
562.112	379.08847
551.8793	384.0441
548.702	378.99008
803.03143	377.41037
796.654	375.31198
804.34827	374.5559
797.706	380.44977
797.98865	372.07825
806.4638	378.484
798.09814	377.6914
803.91156	371.1816
804.2566	380.66437
800.6874	375.447
806.9738	374.5191
801.362	380.75452
800.8076	371.62503
