733.9648	371.5154
729.4156	374.73788
735.4856	365.7637
739.20935	375.6127
724.035	368.63452
741.5406	367.05447
731.95374	383.24536
729.48	361.28625
746.4295	372.52554
721.41064	374.85516
740.8237	358.4053
738.5685	382.9063
723.3152	362.43497
747.59985	365.21866
725.63763	380.76996
734.43225	357.52438
744.98157	379.43332
647.87964	368.97424
655.1875	367.29047
650.4874	375.72772
647.3985	362.73233
658.1678	372.67264
643.0191	373.68796
654.17206	358.8676
657.724	381.09183
638.5914	366.86063
662.64465	365.049
647.933	382.13
648.04626	356.5426
662.9307	378.62625
636.74384	374.42114
659.9854	358.80597
653.4018	385.0202
640.27356	360.19888
665.819	371.30023
641.588	382.1648
171.38103	391.19565
175.74127	401.47906
164.13774	392.51477
177.78072	391.68195
169.4137	399.53278
162.30882	385.1771
182.4446	397.5458
162.65437	401.24448
173.71353	383.24127
175.11136	408.214
157.59349	390.73737
185.15395	392.1028
162.03195	407.42978
167.87302	382.62262
182.53462	404.63416
157.55437	397.28235
180.89297	384.9182
168.47362	408.80237
165.33038	121.40122
175.16959	126.5542
169.6721	131.95073
173.52426	119.14884
176.97617	137.11284
159.65189	120.77399
181.22385	123.2417
167.16928	137.65172
168.05081	115.15049
180.28433	131.27754
161.57057	127.5912
177.3805	112.01717
174.56735	142.6917
154.38083	118.56195
188.23447	122.96549
158.95636	140.26048
171.19978	108.83583
184.38814	138.09822
154.10875	128.1732
182.95686	116.37687
168.14621	143.79375
161.54251	112.09646
186.68445	130.5985
158.71715	133.90738
776.2648	364.65137
773.48914	376.18613
768.3363	368.84094
784.64044	368.0293
768.7201	379.83182
769.555	362.1159
783.3264	374.48956
763.40735	373.43732
782.1669	361.62766
774.3893	383.3001
763.4518	361.08014
777.20807	371.1267
762.4321	379.85953
774.0981	357.61215
782.0771	381.0008
759.97095	368.3708
455.4433	58.724464
446.00674	79.41744
440.1144	68.299706
456.16977	69.42386
438.48627	74.42977
449.49316	64.42938
458.56146	90.35872
432.1994	65.509964
460.45526	79.26483
438.26474	85.444046
445.47055	59.720085
453.70978	77.415596
449.5687	72.693054
464.60736	59.853252
446.1626	87.07056
439.00723	51.862263
462.91888	70.33293
431.00845	80.23051
452.14706	51.695534
464.05865	86.720566
426.37906	69.88274
470.4191	65.469406
442.35986	92.24458
446.5268	54.200184
470.06744	78.58577
430.9707	74.82347
459.80206	52.02079
451.76773	91.24516
434.81625	58.993298
384.16153	368.0013
371.6859	381.1335
372.12067	368.50882
381.76266	376.2005
368.31427	374.1668
379.09534	364.0072
376.1364	373.92877
369.13403	361.61554
388.5171	373.32666
362.16415	375.57364
379.42795	357.7846
380.295	382.10837
364.22342	366.37622
391.94952	367.04623
364.80453	386.13715
372.61942	354.5963
391.0683	382.5102
356.22052	372.96222
386.7524	355.63562
376.8527	387.6417
361.69122	358.5919
395.07123	372.78226
360.74612	381.72638
379.26578	351.7075
384.06635	387.36215
357.6504	364.9203
390.89133	361.34045
370.782	388.831
366.47772	353.93246
177.45784	556.9392
168.74818	556.26904
174.05609	547.00146
174.93973	562.3537
163.82701	550.6944
177.69931	551.34174
163.69438	566.141
169.08249	546.0988
179.79523	565.3772
158.35712	553.31757
178.184	542.98846
169.7115	565.34015
163.7341	543.0054
184.06094	554.6118
160.53745	559.59924
501.5998	368.7772
504.06528	378.87173
494.67368	369.26083
509.51425	365.05334
494.66608	381.9947
497.72778	359.54697
509.98373	376.59247
489.6708	373.17126
504.54965	360.65747
497.68033	376.3362
492.15253	362.69757
508.2818	370.95523
487.87518	381.70645
500.16382	353.55658
509.7309	383.7699
484.1048	367.94232
515.55023	364.67197
495.2395	387.88324
490.50848	356.17053
516.1031	374.4782
482.9938	376.09283
508.66626	356.23492
502.3576	386.21765
485.91083	361.79108
175.31686	196.71617
168.40999	209.31108
169.83925	197.59674
178.43687	206.45476
164.2205	202.31065
178.39005	191.45143
172.46994	204.69151
162.65192	193.8189
184.54478	200.66399
160.01273	209.48535
170.78128	188.2423
179.38991	213.50305
157.00981	198.75806
185.84866	191.89
167.95969	216.37976
161.58789	187.52458
185.2656	210.09598
154.87668	204.47876
179.41013	186.0442
173.55264	215.49084
154.757	192.6654
189.94466	201.64001
160.51048	214.81465
169.11307	182.89116
174.36508	509.3415
164.14487	503.70392
179.58746	498.10034
167.6561	518.12476
162.41472	493.52768
175.4664	503.44278
166.60953	509.19565
169.74023	492.52963
179.26074	516.44977
158.2526	500.1245
184.8085	502.3167
161.64937	515.7869
169.43678	499.81787
183.20728	509.89835
158.3343	508.63394
176.94955	492.59628
173.50406	516.1674
688.1419	366.44223
696.9412	370.10336
686.9303	378.1112
695.2756	364.93497
702.27057	381.98642
685.3664	371.79947
704.1244	361.63272
693.805	376.06506
686.3591	359.40143
702.54736	372.0707
680.09644	375.2195
698.9698	357.64886
695.7034	383.21988
681.05457	365.33478
707.5136	368.0783
688.82513	384.07367
692.60876	358.91666
706.57874	376.88654
164.37253	41.29354
177.25618	41.440315
173.4383	47.99249
163.7319	33.534035
184.08984	45.562195
163.3976	51.000572
169.62552	39.611267
176.94846	54.45339
158.48936	46.03956
183.61339	38.79377
165.78644	56.882824
166.3996	26.048351
181.85547	52.2588
149.74461	47.730545
179.77397	28.0722
172.11797	58.9829
158.11807	35.850796
190.65033	40.342373
158.7496	58.940807
173.76154	33.168114
183.6022	59.806236
154.09949	40.352375
185.24402	32.86117
166.33812	63.600086
158.91766	28.127045
189.1546	51.40047
155.36371	52.356853
173.49959	26.095041
178.0739	63.311012
160.99812	448.24225
183.90166	449.07013
164.15631	462.30988
167.5019	445.4759
178.99979	456.0252
167.40027	453.44473
174.65945	444.04404
173.48045	458.2115
159.69826	441.95248
175.80365	450.09024
159.27174	459.19547
173.95529	437.25845
176.91951	464.40103
156.2757	452.45514
182.13583	441.7116
170.02304	463.2941
166.38742	437.4431
184.78232	456.5104
432.74835	374.66553
443.48813	362.26126
443.6832	381.43494
429.7455	364.8523
444.5844	370.32233
435.12564	382.83844
437.96396	360.41992
450.14932	379.4478
437.15674	367.9606
448.92563	363.1585
439.51505	376.46393
432.11224	357.4272
449.82758	372.0023
425.51764	378.06848
444.99176	353.16214
453.0468	384.07202
421.93524	367.4515
456.04868	362.30975
436.6508	388.50348
437.059	353.09058
457.69345	375.85342
424.36725	372.91318
451.21198	356.68893
445.29828	388.12897
425.42862	359.53674
457.13394	369.8768
428.16226	385.09824
171.58008	268.39368
178.34227	275.04758
165.14537	268.49326
183.60422	261.87622
167.89061	277.50555
163.1811	256.26788
185.57852	274.128
162.20392	274.61737
173.41403	254.70027
175.1084	285.18784
155.32571	266.23987
177.3554	267.1231
166.58658	285.18805
169.07474	260.34113
182.8273	281.67972
155.11252	273.11066
178.98964	257.43613
173.92876	278.62305
160.46472	262.32043
184.23918	267.0408
159.96695	281.69983
730.65125	41.362953
728.6227	46.89576
722.7359	44.372322
737.0098	36.91018
721.3131	50.453056
723.9128	36.398224
743.62256	51.646687
707.9396	45.139164
731.82117	32.62986
724.68567	56.02116
715.9338	34.13837
739.45496	44.77774
713.06055	56.016365
725.3855	29.38638
734.04016	50.310287
715.8755	40.97334
739.9457	28.546566
726.9684	62.255424
715.87463	27.801868
747.019	44.275368
712.78894	48.9502
732.0934	24.550827
734.0983	60.12336
709.3052	37.68145
743.636	37.1288
719.26196	61.156017
722.9251	23.798683
738.0818	55.58841
599.7995	372.1636
609.9059	362.85248
604.9606	376.68076
597.5148	365.2426
614.66003	367.81628
592.5536	379.65448
606.2023	369.4016
614.08856	383.0139
590.18384	368.76416
616.7904	360.83746
602.4224	384.43076
598.60114	356.7155
612.0337	375.43552
591.97516	374.0928
608.5545	355.65927
608.35767	383.6688
591.902	361.3737
620.7112	369.39923
597.36145	383.80978
603.7333	360.39542
618.59515	377.16467
167.5452	337.1018
176.8856	326.10358
171.60918	341.37323
163.62228	328.43945
177.26303	335.22052
156.55032	343.84366
171.17621	330.69284
177.83975	347.73392
156.94444	333.25284
182.49606	327.34625
167.10486	351.03513
165.63371	319.2521
186.55028	338.72812
159.00526	338.589
176.06946	320.04474
171.96642	346.91016
157.50595	326.19745
184.63675	333.0117
163.92003	345.54132
169.595	323.77362
182.86826	344.27875
714.2724	114.350136
741.624	111.45565
725.02795	133.06778
722.0423	104.18634
731.24536	119.92867
712.05554	120.361206
731.283	110.12801
733.22595	130.81287
719.9537	111.93197
735.7858	115.53699
718.6009	129.25438
725.7974	112.98197
738.8959	126.643295
724.68335	120.839195
736.43225	105.860596
727.9974	126.59613
713.2665	107.80023
741.2809	120.354515
717.1085	123.36647
728.5006	103.05693
559.07227	379.00775
550.4851	369.9926
570.3965	364.71466
547.55554	386.1004
551.0023	356.10422
563.76154	375.35513
539.02594	374.46973
561.67175	356.18005
555.8619	373.51233
543.44257	362.0864
562.3002	368.55795
546.8656	377.49942
553.5259	364.46652
565.45465	382.8148
544.3165	369.4124
563.41235	362.59634
552.6417	382.27112
545.52014	355.46957
569.9941	373.37424
540.651	380.91223
556.30145	358.81403
557.994	386.3647
537.3832	366.4117
