182.21611	373.48297
172.56529	373.1747
181.89073	366.72025
186.00108	378.29898
172.91661	367.59274
188.30077	366.63678
174.44792	380.86615
174.8615	361.70804
194.56078	375.19827
167.05612	376.2501
183.55234	359.10056
184.21219	384.38306
167.83113	361.85712
194.36443	368.1918
167.98279	382.82553
177.10066	355.82675
191.44185	381.61282
164.75052	369.80383
190.3966	360.1118
178.06847	386.69562
536.6671	373.13556
547.73285	376.82208
540.6366	377.77747
543.39954	369.22064
541.4922	383.29987
530.69666	370.88422
551.90735	371.56824
535.76245	386.20242
538.3927	363.9215
552.80273	380.78693
531.78107	379.22867
548.0329	364.49506
545.79504	388.08945
526.0077	363.70972
558.4591	369.45215
528.65533	386.95987
538.6007	356.48395
551.40704	387.72324
524.2109	371.23407
554.26587	362.4385
538.8505	392.1877
532.192	359.59866
558.7213	377.66537
525.1759	379.733
545.46893	357.88498
181.4266	227.09265
172.53958	218.63387
186.70279	220.76907
173.4062	228.04614
179.00381	216.04428
186.65927	229.59402
167.61502	222.22441
185.94006	213.4847
177.37962	232.7852
172.00507	213.13818
192.58276	223.3271
167.23279	234.6746
181.16391	206.94644
190.0358	237.14449
162.8253	217.11447
193.04199	213.12752
175.00386	239.0334
174.92038	205.31404
193.18475	230.12112
163.50224	227.81209
188.13165	206.18408
183.19588	238.64351
166.37163	211.19173
197.82881	220.22327
463.01968	380.5048
471.75433	368.3834
477.0035	379.3154
464.14853	371.17352
478.56046	371.4439
470.46304	385.328
466.70923	363.15442
483.704	381.84378
469.3521	376.96777
480.1966	364.3382
479.13824	386.24475
457.04932	366.4372
484.63437	373.38666
467.2785	391.84064
468.99503	356.75705
490.2518	378.16507
455.85944	379.56097
483.55093	357.46613
475.85645	391.37085
460.0589	361.41034
490.66006	369.87445
462.2351	387.14914
474.68292	358.06345
487.02924	386.97177
457.37677	373.46808
488.37836	364.07147
774.7	49.897778
769.7267	39.453552
780.3831	46.10368
768.2794	56.63614
782.6555	33.950436
782.6629	52.288208
770.8382	45.251736
789.9286	46.33049
775.8775	58.96524
776.2392	35.238518
789.60956	54.136406
764.7351	48.937912
787.82996	39.988182
781.77185	60.354748
768.89355	32.459743
796.7426	44.296978
763.6371	60.361034
780.8396	28.207256
791.3126	61.36424
762.18005	42.919624
795.1366	35.93028
772.8977	64.45642
774.09314	26.393661
795.62537	51.43266
758.9552	51.010727
787.58215	30.64885
782.21484	66.34463
759.7076	36.957287
185.77419	51.333668
175.09933	56.412476
175.02135	41.30506
191.69759	61.297913
173.03915	46.873573
184.62833	42.17594
180.14145	48.470833
170.8374	36.175976
192.56499	50.56946
169.30153	51.758522
185.95029	32.524956
183.43242	58.170555
165.73654	43.468338
192.97595	42.094883
168.47177	64.118126
178.15059	33.08074
196.83298	58.80897
161.53578	53.754803
192.97699	33.428566
180.03047	63.62661
163.70602	34.896225
199.48828	51.965576
165.87085	58.282074
181.89005	28.425192
186.65521	66.712234
159.1355	44.42474
199.77893	43.22638
174.35141	67.51916
171.81064	29.386768
668.52924	376.0403
649.55115	377.3695
668.10785	363.64917
666.4286	387.60278
657.8649	368.45792
671.59064	369.9609
657.0015	383.44965
663.8424	368.72162
670.703	381.02612
654.0526	373.614
675.63885	364.13943
661.8278	378.23193
654.607	362.32697
678.6624	376.58295
651.5021	383.90924
667.2662	358.36456
672.71075	387.09174
649.667	367.7899
680.38245	369.05667
660.4662	389.85138
660.2014	358.47144
677.82947	382.5194
175.14883	540.34894
184.36127	531.54486
182.57213	546.01324
172.9324	530.0719
187.038	539.21643
170.23059	545.5165
179.00438	531.1901
188.61728	545.9594
170.75313	536.239
189.36575	534.04236
177.23459	548.0238
715.6012	359.9779
723.78015	375.4859
706.78796	378.30573
723.9335	369.09198
724.0289	381.43073
712.162	369.67038
730.16284	372.1006
716.0467	388.7779
717.46063	366.6185
730.83234	384.56805
714.9117	375.94583
729.4685	361.70618
717.80164	383.221
708.7773	363.39352
734.47253	378.14423
709.112	383.99127
722.58856	360.50177
724.45447	388.60162
705.1009	371.9815
733.8688	367.60992
802.30884	381.21072
802.6915	369.6635
816.43805	375.3931
796.21924	377.46793
808.9097	364.06293
807.95386	377.92365
794.728	366.05972
810.14655	371.43906
796.1022	383.57755
802.2657	362.16232
813.93274	382.33133
795.3699	372.28607
815.9297	367.5743
806.62604	385.7421
469.1522	64.828354
486.5949	69.917145
475.69785	82.532875
481.43243	65.59797
485.82306	82.93884
465.2293	75.28458
491.7932	64.20131
480.73007	74.03575
476.27838	55.15783
492.09286	88.37996
470.14618	80.14624
483.7679	59.634533
475.65283	97.82978
461.39545	59.028862
491.19913	77.8336
465.57928	86.27626
473.89032	70.03007
483.92252	90.914986
459.06216	76.83471
497.3111	69.42547
479.70685	86.63877
469.67047	59.819782
499.74527	84.27987
457.1109	84.90235
490.4289	56.325584
489.2081	96.103806
461.8754	66.34318
500.0786	73.85803
469.971	91.4258
480.3856	50.440693
771.87427	379.45685
762.48254	372.64236
773.95844	362.57532
765.08	377.9475
758.9723	364.40033
773.52673	373.6894
757.8251	382.80145
768.4208	366.87476
771.0594	385.68985
755.16376	369.83173
777.8041	369.12552
763.83124	385.54794
765.0245	362.05
778.3329	378.78238
754.7614	376.6855
184.9299	128.16226
182.23174	144.2609
169.5539	131.45268
184.83438	139.00966
169.04068	146.18973
175.24442	133.73389
190.17245	153.17659
175.51192	142.53989
187.08554	134.00754
174.27115	151.576
172.74477	122.21504
191.58134	144.6027
161.89128	144.60562
183.95757	121.699425
182.9483	150.21915
161.8641	136.15678
194.97897	131.633
176.16187	157.31084
177.14584	126.053185
199.49913	144.74872
168.7363	139.00903
190.90822	124.36922
183.10918	157.37845
166.33783	126.53678
196.79102	138.0175
166.77603	152.99503
839.8903	366.0428
845.6019	382.41302
829.97314	373.18
846.5983	371.99487
833.49036	381.79437
835.2347	367.897
844.5011	376.79407
828.78564	378.74512
845.73987	365.58664
838.9549	382.87164
829.4321	366.48068
873.4203	370.1311
862.1252	382.6697
865.0133	367.77042
872.31946	382.48773
859.45917	372.75806
869.9587	364.80023
866.8962	378.8282
858.58856	366.0874
874.13916	375.82996
857.0778	377.8548
605.5283	370.72934
609.1806	378.11334
597.5016	371.6225
621.1595	370.67618
594.692	387.82742
602.4138	364.48163
614.0526	380.92786
599.86926	377.3659
610.2776	364.81342
604.2846	383.20938
592.53705	367.03336
613.90784	371.3508
594.47736	381.30664
603.07764	356.98846
615.3957	386.5219
589.51324	372.64426
617.7401	363.53937
600.87354	389.14648
594.8012	360.57608
620.3577	378.09528
588.6077	378.60202
609.3518	358.9729
608.8771	389.18622
170.79526	571.648
187.39737	570.5583
177.89264	584.1706
179.478	569.49567
188.37723	583.03766
172.78555	577.0194
183.78677	565.4833
182.44662	581.23846
174.19263	565.45557
187.86201	576.3493
170.70738	582.87146
180.23715	491.35727
182.69487	506.41202
168.18625	495.5346
187.5614	489.31958
176.53098	507.57095
171.35837	485.1452
190.70396	499.32074
172.74275	499.77002
185.633	483.42496
179.85811	499.26962
171.01405	491.02863
189.93552	494.25186
168.3029	503.37933
179.2228	484.04257
188.50084	504.75375
176.21152	301.37512
185.05922	290.72455
177.75198	311.07202
172.32452	284.13815
190.77487	304.0865
171.38618	305.1672
178.10016	295.0334
181.34566	316.52225
167.21274	298.89453
186.21059	296.9584
172.80945	314.95282
178.09055	287.14993
192.90686	310.61456
162.11736	304.77737
191.15698	289.77463
183.15358	305.23706
170.31825	290.91467
195.3838	301.14978
166.97958	310.20422
184.84872	283.39175
187.08603	312.5889
163.46121	294.46313
196.57115	294.32404
393.98743	378.78348
395.0368	365.2698
411.76093	375.5822
386.22104	374.94427
405.78824	362.51804
404.98663	380.8476
387.2318	368.07523
402.6725	374.4149
392.5733	385.91797
399.35828	361.02444
411.2919	385.7523
396.10492	371.6117
407.00198	368.82257
397.89276	391.38956
390.60104	359.36023
418.17462	376.72726
384.60175	382.35587
402.85004	354.4505
406.3059	391.23343
380.13312	369.83826
414.25385	364.40533
391.47858	391.89764
394.62503	354.85437
416.18057	387.0921
379.78882	378.04565
411.60083	358.21042
401.98172	387.85037
383.34094	360.6109
418.29257	369.95712
383.943	388.33383
176.71579	429.93854
187.56264	451.50995
174.78935	436.91766
192.76749	428.9297
176.38118	447.67474
172.45595	424.13824
185.41809	439.19806
170.75986	442.73788
183.20302	432.6049
179.64171	441.01392
164.51764	433.7355
193.00198	435.18427
170.34128	450.996
180.43307	423.6066
192.57974	446.39902
164.32065	441.0603
186.24948	425.6142
180.18613	453.13184
168.88654	429.65558
192.39261	440.47577
