171.62686	211.76038
166.69646	214.69986
169.80045	205.02002
171.30661	220.41704
160.97116	211.61917
177.61777	209.77678
165.90044	222.48111
162.41013	203.71416
182.27518	216.98508
153.69595	218.90762
170.99445	198.61028
173.30153	227.50745
153.86868	208.02505
183.12991	209.18515
158.82365	223.79166
164.8345	196.808
178.01582	221.73636
151.44473	213.2824
178.03421	200.91597
165.29301	228.68942
156.13597	200.00095
732.8406	45.52499
724.7516	53.49932
728.3782	39.65991
734.9606	53.57435
724.2356	45.839535
738.76953	40.807438
728.5941	57.838387
724.7866	34.412636
741.3988	52.33534
718.0077	49.472954
737.8492	35.175858
732.3117	64.01329
719.4413	40.40989
744.5192	45.639183
720.1505	59.633583
728.0885	28.81314
743.5791	59.148888
710.98895	46.972652
742.0801	30.944483
725.83563	66.04619
719.8036	30.417614
748.5523	52.396107
713.84955	55.974346
734.25275	29.056278
739.32117	64.22313
713.65027	36.338173
749.3304	39.724865
552.17346	377.69778
556.5393	373.28336
559.82916	381.63068
548.2488	373.15128
562.47	371.36142
552.9611	384.4778
550.1925	366.2984
566.2441	377.9022
546.1303	383.28928
559.1103	362.09674
565.7723	388.1751
542.01624	372.80585
568.2582	367.5185
550.09216	390.3671
553.08167	360.59766
570.51013	381.881
541.1637	379.5849
564.61633	361.09012
558.9187	389.7965
544.17883	365.09613
571.1524	373.37195
369.1095	384.41122
371.42328	373.57404
380.65363	381.18576
363.78906	377.02673
374.33722	367.16156
374.30536	381.3183
365.66446	370.88745
378.23984	373.13522
360.73395	382.89264
374.75946	362.31158
374.49576	388.3287
358.08698	370.28195
385.73746	372.9022
363.70258	389.70758
367.41412	362.19016
387.42105	381.8937
354.26538	378.11508
381.27582	359.8643
377.7466	394.54926
360.43448	363.1541
391.11612	370.041
356.1879	387.26776
374.735	356.672
383.75592	389.73712
351.9495	370.56137
387.09836	362.96527
369.49246	393.91473
364.64288	356.4589
392.6166	380.51675
157.1066	483.80484
172.91273	470.13077
170.1847	482.77765
162.90402	477.1059
173.0267	476.95865
165.52214	486.34723
165.15326	470.20117
178.32506	484.935
155.58627	478.59857
179.4041	470.4957
167.10744	493.45795
159.61687	466.23956
180.64584	477.70404
158.9885	489.8111
169.75981	464.62198
174.65068	490.0713
154.2857	473.08163
504.133	373.0645
497.19962	380.60483
497.13437	367.312
509.0652	381.5369
486.002	378.12262
505.9637	367.4794
503.15323	379.84766
490.65454	369.6684
512.8356	374.9599
493.24203	387.9287
498.48886	360.57312
510.79126	388.38437
492.89728	376.5187
510.95175	363.93243
498.9898	389.1182
490.75513	362.36957
515.64734	380.88263
487.7352	384.91898
504.9247	359.5347
503.97345	390.12408
484.60107	370.40207
515.54407	369.7975
164.46179	54.12165
172.4216	46.103428
174.02292	51.59896
158.95155	50.264565
176.21729	34.50663
170.24637	55.56432
160.6514	39.561214
181.36877	49.866257
155.31506	56.717537
169.451	41.52308
177.11623	60.569527
157.2714	43.45057
181.02141	43.30254
161.99979	62.68355
161.81229	30.510595
185.90488	55.35733
147.37997	52.87615
170.33101	28.882404
170.33307	63.021717
148.01901	40.178894
187.7644	45.76841
154.69363	63.568848
166.75981	35.9478
180.82968	64.10303
152.57484	47.442253
183.45839	36.388035
166.06256	68.17184
154.04968	33.349327
737.1068	117.82622
726.70654	122.60136
729.24854	115.314285
733.75214	124.01579
719.82697	117.04213
739.453	110.10996
728.2486	130.63487
726.4011	107.53286
741.97986	125.3729
719.7917	122.82422
733.1792	108.3799
735.6377	130.93657
720.5232	110.3725
743.0755	116.86704
721.0627	128.74875
745.2102	371.7258
753.61584	383.5245
739.79865	374.75653
754.53253	368.97916
742.4224	383.3875
736.32056	366.56506
748.8043	377.39456
734.3961	379.71588
749.31775	365.10013
747.62695	386.12576
733.06476	372.9117
755.76263	375.8824
737.0993	385.59897
742.7919	364.1277
664.09	379.7786
650.3819	376.34442
661.1861	367.45596
657.74817	380.18756
648.9375	366.59772
663.173	372.833
648.2297	384.80298
654.974	372.51883
664.95844	387.27954
643.39923	373.72052
669.7578	368.6974
651.725	389.16418
654.33984	363.65698
670.2151	377.64362
644.28204	380.22528
661.40247	361.56653
657.96124	387.40982
643.5326	367.9446
169.48808	133.15164
163.16983	144.99828
165.22589	126.60616
173.77676	143.67657
161.9448	134.5095
176.9231	130.29724
166.37717	138.57458
158.31195	123.22841
178.41406	136.58594
151.67441	142.3562
171.4441	125.02513
174.44705	152.17484
148.97025	134.1407
181.91774	129.26443
164.55708	153.18192
166.44836	119.07709
181.01567	146.69676
156.37973	137.50627
175.66635	122.25281
169.07608	149.21324
156.03076	129.93434
184.23831	136.94731
156.35635	149.12332
166.58856	520.92456
176.62704	539.44165
164.76517	529.74255
176.68216	522.61115
165.3846	538.2109
159.8485	520.2223
172.24132	531.6766
158.04848	533.8306
171.01035	523.4332
171.06549	538.94104
156.54276	527.0352
178.75551	529.61005
159.972	540.84314
164.387	562.2714
175.38669	575.68933
161.63684	570.14404
176.4528	564.10095
164.36844	577.90857
158.41357	564.60693
173.80072	570.019
158.90192	575.52454
169.9345	563.1941
170.30428	578.95074
162.2811	283.5134
177.2665	278.44113
162.4449	301.41748
164.03229	277.3384
174.2626	286.75433
158.70956	288.28482
170.63585	277.3098
167.88506	287.6465
153.16434	279.33258
180.71068	283.45453
161.39912	293.96536
163.23087	270.82574
179.95499	294.44318
151.94919	286.39124
179.5262	273.4651
169.18271	296.0334
156.4514	273.7882
182.76987	288.61017
154.96762	294.61575
169.49197	269.16226
174.77596	300.71817
768.9204	372.05658
784.07904	370.77826
774.8319	380.98004
776.2578	369.03656
785.4784	381.88315
768.14325	377.52997
781.2438	365.34543
779.54926	383.93558
770.5495	365.50223
785.1049	376.00775
769.27924	383.9183
442.2082	368.98468
446.15326	385.73972
435.60504	373.47156
456.7609	369.81952
433.79916	391.0497
436.618	364.47818
452.68903	382.84613
425.9056	379.5877
448.6158	370.09433
443.19913	377.8647
429.59702	366.28625
450.74155	376.3469
434.955	381.0987
441.24716	360.82413
452.04434	389.79865
430.20566	373.12555
453.34082	363.34583
438.39502	386.57428
432.71582	359.09277
457.7911	377.11703
428.04364	385.8318
447.99365	360.08917
443.44278	391.66095
423.9874	371.68243
621.6028	373.58115
604.31604	388.58917
604.91174	362.0523
618.0924	383.689
601.4128	377.2127
612.25476	366.4146
610.1568	379.6648
596.0508	367.4975
613.35626	373.1064
598.6153	385.05957
605.70526	373.00024
614.6486	388.1085
595.0841	373.20093
620.59143	366.48337
608.9895	388.10773
600.8455	366.02292
622.4844	379.66846
595.15295	379.66086
612.1874	360.69763
172.87822	431.83246
160.78366	416.00885
172.77254	414.90033
164.58223	427.06235
165.9527	412.4271
180.59552	424.88217
157.86967	421.81696
176.59117	406.485
167.60367	421.81876
156.63559	408.3433
180.89352	418.21344
153.37354	425.925
169.82877	404.3316
174.31735	425.32706
154.0469	416.22797
179.05637	412.06168
163.4386	432.59848
163.49815	406.10184
179.05182	365.30658
152.81567	357.09683
171.0832	344.35446
168.88504	360.7395
158.48824	347.77866
172.19984	351.46405
160.06718	367.26202
164.54457	346.31522
174.12277	358.16245
163.94551	355.16766
177.95602	344.9578
165.28653	365.21982
158.9527	340.21768
181.0639	356.49426
156.47421	361.76703
168.95924	338.2741
172.12624	368.0994
152.66283	350.63937
180.49564	350.14322
442.09088	88.15526
442.5922	61.781208
465.12054	79.52464
445.33936	73.72511
452.10663	77.99432
454.34943	89.15506
438.39374	69.552574
465.42032	71.509964
447.2601	82.61213
449.7316	67.94544
468.6131	89.92876
430.02734	68.787056
457.232	67.99129
435.65338	89.70048
448.3832	61.23237
458.36954	84.47118
428.55682	75.355545
456.04614	58.782032
454.05963	94.57935
425.09766	62.01116
468.26602	65.31336
433.43457	95.348404
449.73608	53.246655
461.54166	94.604515
437.78622	76.639015
463.11206	63.372612
445.25903	96.0853
436.21182	62.542835
471.71753	78.549225
434.89923	83.75813
703.8827	371.21442
706.31464	388.81537
695.9347	372.30682
709.6334	371.2574
698.70886	380.4449
699.28973	366.49268
712.2202	380.68524
692.5665	377.68552
710.97	363.47336
704.2791	382.00873
693.80383	363.87952
714.447	375.7474
691.2126	384.21262
702.7597	361.346
713.33484	386.44412
688.3849	372.37997
715.9089	369.58783
698.22943	387.77002
