481.30298	76.479324
479.77582	82.28474
477.5401	68.77209
488.72812	77.15166
468.4673	74.36651
482.39215	64.64604
468.84293	81.44598
470.35825	66.416794
496.7246	71.66865
454.28647	79.01718
486.21353	59.703835
481.3548	87.072655
461.30273	61.02019
500.00473	66.58527
478.02075	91.46331
476.40533	60.176678
495.24252	83.57387
461.3106	74.22381
494.20557	56.579834
482.4894	95.32431
468.08685	59.3951
501.42694	78.74346
463.1609	85.92405
482.72223	52.525787
490.70435	87.72279
462.58334	67.950806
490.61514	65.34311
469.1836	92.23245
475.71982	50.850395
185.46541	475.742
175.5663	473.3788
184.4166	469.10757
179.56543	478.7604
174.69154	466.74356
191.84879	468.10687
172.42538	481.17838
180.45938	462.33414
191.04515	480.42188
166.84201	468.33765
191.34389	462.59302
178.96677	485.18472
174.01178	459.95966
194.2332	473.97632
167.32446	476.1491
184.78041	459.69702
185.92715	485.32886
389.6943	367.87775
405.97568	370.88336
395.13873	380.04483
398.07758	366.97235
408.01385	377.92053
393.4412	373.65607
406.6362	364.68253
401.65884	381.25012
393.68713	361.52164
413.52563	373.42685
388.3385	380.46893
402.28632	359.1224
407.76862	387.6765
381.27396	365.64618
415.8693	364.28394
392.16074	388.26587
390.89114	354.58716
417.99185	379.8674
381.78867	376.87863
407.14267	353.73914
402.91763	390.58163
386.5178	359.60782
419.04468	370.3046
385.21417	386.18875
396.87823	353.83112
413.7303	384.72742
385.61664	372.13773
412.13412	359.09497
397.28802	390.5982
176.11967	567.9608
187.95811	573.32135
177.02351	576.13153
182.55112	568.9696
186.64359	581.7616
170.02695	568.4147
191.4586	567.6859
175.57315	583.3263
177.96524	561.5507
192.24617	577.8479
170.25441	575.9
186.14746	562.4944
181.30692	582.29645
644.3306	365.18774
651.5505	374.98297
643.38464	374.80774
649.70447	366.7376
653.5665	381.59518
639.22723	371.25153
655.49115	369.30487
646.04895	382.19183
637.9192	360.19305
661.3822	375.6975
635.4662	381.2024
651.9657	358.64813
649.97437	387.79648
634.8614	366.52008
661.55237	368.31735
640.4586	385.17947
645.0148	357.76694
659.5625	381.12677
633.1667	374.18027
658.4911	361.45163
832.23474	376.32367
828.117	363.07602
837.85315	373.35312
823.47675	380.10825
837.0812	365.93158
841.25195	380.57587
827.58514	370.09573
844.3416	368.8084
829.21857	383.3003
832.9453	359.8999
845.27844	375.47476
821.8537	373.87863
841.31995	361.6193
836.1481	383.98782
821.53937	366.1523
796.6086	372.27814
785.4275	375.39832
792.26825	367.35922
796.3477	380.19595
783.8984	369.70615
801.6166	362.20367
790.2898	378.69916
783.24414	361.9017
803.54034	374.39194
778.8575	377.87534
795.24725	360.36832
793.0763	385.75674
778.4366	368.28857
803.6854	368.28592
784.9679	384.45343
789.39624	360.47928
802.7014	380.56622
532.6476	372.30518
544.1879	367.77963
536.68835	378.12732
532.02783	364.1452
542.8518	375.32303
527.1449	379.0725
537.79755	366.74207
542.1352	383.89532
526.80774	369.85803
549.01227	363.505
532.35486	384.16516
530.5414	356.9601
549.287	376.57306
520.3566	376.49518
544.15826	358.46533
537.41583	388.65277
523.88324	361.35764
551.19226	370.3827
525.9197	385.11963
537.9673	358.0572
548.5091	383.07513
520.53076	369.27713
705.8949	367.99762
696.3978	374.1616
693.9697	364.29315
702.48303	376.70206
690.6361	377.09958
700.086	366.84723
704.9664	383.4517
690.30804	370.23575
712.41144	367.30438
693.86914	386.38763
693.10657	358.76993
710.6799	380.97705
683.2227	373.09586
706.90625	360.48676
699.2922	385.64816
685.64966	364.6015
710.1778	373.7272
686.94275	381.53326
700.2252	358.84967
788.56604	52.050434
768.6372	42.557686
783.72614	34.639244
774.38544	48.766113
769.9865	34.76546
779.2052	43.379078
768.0314	50.375202
785.69275	27.35426
780.7843	50.344326
761.17224	37.45824
787.7897	41.340588
768.30615	57.111473
777.0123	36.80491
786.1392	58.597023
762.19275	47.534603
790.9486	34.2987
778.2041	62.25434
765.315	31.21607
794.42664	47.475346
763.8875	59.929436
778.5979	27.968954
783.99677	64.64595
757.2791	43.13813
794.76654	41.45813
771.8175	62.287853
770.4068	26.992666
794.9192	54.18994
758.1848	52.436718
187.06055	406.81155
184.74084	419.66196
172.50134	408.4714
186.50427	413.74722
171.5538	421.53436
180.33438	409.04617
191.38553	423.14227
175.02022	414.88574
192.94974	404.64938
179.77408	425.37335
173.31772	403.31915
195.73276	417.61923
165.38931	417.9743
185.1857	399.03848
185.21194	427.7522
166.75	409.9706
192.8481	411.52148
174.39911	427.41333
178.41975	399.7813
190.3693	531.7715
175.42818	527.083
188.80812	517.6317
182.66718	532.00397
170.57239	517.7806
182.79271	525.1095
173.57652	536.1095
180.16669	519.99475
187.78566	538.2767
169.25104	523.80145
193.34409	521.12537
179.86497	537.86694
176.34387	513.53375
193.53421	527.14886
169.10739	531.6353
183.51869	513.45825
184.8564	149.74889
168.4401	129.24617
182.83064	135.92934
176.98207	147.55167
178.9873	130.89996
189.91122	144.06938
169.50452	136.13602
191.99265	129.03325
180.8915	142.31598
173.76886	125.110825
190.65121	137.43095
174.19437	139.86183
184.35756	125.5918
193.59186	150.28413
162.87944	134.08066
197.796	128.16342
175.09589	153.16269
178.24178	121.04608
198.02625	143.56898
166.87508	141.97653
191.99373	121.17308
182.30751	156.28186
166.17665	123.38883
197.37312	135.45659
165.6941	147.38657
184.53224	117.94698
749.1536	374.52798
740.82025	371.69217
756.5995	364.2558
744.3186	378.66364
741.95026	362.83154
755.51654	373.54037
736.662	380.48172
748.6459	367.55807
753.7824	383.55157
733.8289	368.6778
760.1941	369.9698
741.16394	385.47122
745.5595	358.57404
758.9069	379.28986
732.9447	374.95322
751.73114	359.08777
748.08093	384.4081
735.35583	362.87872
188.23984	47.12134
174.74803	51.73103
181.37807	43.0768
186.20683	56.563667
174.97092	44.819355
190.38992	40.23014
175.49861	59.83497
174.3574	38.218197
194.42583	50.856457
168.20111	50.67093
188.05243	32.98367
181.77164	51.898674
167.46321	40.700935
199.67679	44.082226
169.54333	64.58239
180.40358	32.069992
194.50175	59.85301
160.3706	51.09531
195.31807	32.16604
183.05957	63.54817
166.85126	31.973785
201.62514	53.225475
166.64182	57.122913
185.88199	25.841724
189.6439	65.265495
162.30952	43.10734
196.47969	38.563477
176.63509	65.456375
175.32199	28.675034
187.71748	217.96455
174.77878	218.24966
185.63785	203.75412
178.33401	230.07385
171.66714	206.89743
190.30759	212.0135
169.78683	222.50772
183.30963	210.8186
187.58682	226.30403
175.8186	211.30998
194.08093	203.19443
181.15472	218.61658
170.08574	201.20961
196.63931	218.55977
165.58823	218.52534
183.23325	197.61472
181.65625	225.04597
166.47882	209.97205
195.96129	209.27332
172.41666	227.75424
176.99886	200.86005
193.08728	225.33305
858.3875	373.74496
872.5077	363.9997
864.9459	377.8948
861.94696	363.40598
873.9263	376.2173
858.8587	380.428
866.4915	367.03986
869.5793	381.41193
857.07355	368.54926
873.2946	370.492
592.63477	381.93195
591.07745	366.42752
608.52026	378.01794
580.808	374.73004
603.1405	357.75043
595.07336	377.2348
580.2625	364.0905
596.3074	369.76144
586.05804	379.6364
589.52545	358.29352
602.766	379.39764
587.7306	371.68005
601.59424	363.54376
594.8573	388.54742
583.6454	358.69894
603.1676	371.49298
578.2765	381.12326
595.4281	357.51642
601.8644	385.6209
579.1577	369.447
609.1874	367.49188
586.6685	387.08585
179.2048	341.3747
186.85872	354.5788
169.68411	350.41003
191.95598	338.9909
179.66937	359.79602
170.88461	340.63416
181.34177	350.919
172.97098	358.37036
184.85893	344.79068
190.83276	361.16177
176.88034	349.30893
194.02014	345.59247
175.13536	365.4601
176.51009	334.9107
195.27425	357.1947
166.17368	357.15146
185.17873	336.84595
184.56241	365.5904
166.30585	345.2938
194.41122	351.13123
467.06015	380.48227
471.33798	367.20917
482.7645	377.9326
465.11505	371.28986
479.77643	365.25287
473.86823	379.49353
466.3217	361.43887
477.44742	373.53058
461.76987	375.3436
472.72772	359.27252
480.54825	385.81506
461.40048	365.2198
482.7086	370.52023
464.6651	386.3182
466.8056	354.60458
490.3482	376.83575
454.5401	377.35574
482.0218	357.95804
474.39508	387.4012
456.65616	360.58707
489.91187	370.49237
458.06177	384.27487
476.00287	354.1717
486.7748	385.59378
455.36572	368.50357
488.70493	362.09308
468.986	391.6252
174.06657	269.20062
188.87009	288.42242
166.99185	288.05627
184.34834	276.0652
185.59189	300.1322
170.4722	279.8777
196.87398	280.96985
178.35046	294.078
178.75064	280.16986
195.86488	288.81653
175.39517	287.4394
187.9675	268.8946
182.3505	288.7901
171.25949	274.4478
187.62248	281.3708
169.34811	294.98264
180.67859	270.04578
191.21681	295.14456
165.00462	282.24966
192.78824	275.15063
177.17516	299.84518
