779.41315	376.39133
773.1211	379.10385
778.2705	369.7401
781.95374	384.2114
770.82404	370.7276
788.21045	370.54797
774.3721	384.8035
772.92523	365.49628
787.4981	378.29156
767.89124	376.1679
782.5556	365.45084
168.33545	142.77672
158.05069	132.11313
174.8352	130.66177
164.92587	137.38968
163.49034	128.41379
178.55508	144.34096
158.56474	141.4385
167.73898	130.5011
171.33354	152.16725
156.32541	125.81582
179.3696	134.2554
165.38643	148.0774
172.09521	120.75104
177.0642	148.90561
151.21054	131.24281
183.33945	129.60947
162.1067	153.50308
164.11015	121.86522
182.05167	139.39777
151.13889	140.82123
177.97107	122.48555
453.82162	71.218765
437.43994	76.23842
456.15112	65.54094
446.35425	73.455475
433.0086	56.820568
462.13177	78.72602
444.78345	84.80115
466.19717	73.8635
451.65707	80.62018
460.94427	58.397545
455.82495	86.90407
425.0362	84.518234
444.94833	65.79253
451.44824	95.86355
425.2932	68.20111
469.51483	65.60161
438.91187	98.84627
444.08685	53.929688
465.3072	86.317825
431.11777	79.60258
464.36533	62.38378
445.0312	98.13815
449.4025	59.459404
469.54477	80.25198
432.75537	89.81237
451.17242	50.543472
460.04047	93.67997
430.79214	71.96112
513.7524	369.3636
501.95294	382.587
500.02765	369.15332
511.97333	377.34326
498.10596	377.97733
508.22543	368.0312
507.82758	379.76755
494.50336	368.95694
520.062	372.00018
493.53662	385.88956
500.6147	360.3793
515.4388	386.0207
489.893	372.63513
513.95264	363.0207
500.45712	390.1485
494.06274	363.09448
518.19293	378.80988
490.26334	379.09564
507.82495	360.82367
508.44083	388.66315
546.13934	368.03217
562.45197	370.6773
553.55176	386.4521
555.234	370.92093
566.83716	380.20807
552.4705	375.9575
564.3447	364.51663
560.2462	381.87024
548.9565	363.24078
569.46674	373.0662
548.8805	382.6362
560.3274	359.97052
564.3136	388.02042
543.3793	373.48987
571.0749	367.17438
556.45715	390.7467
554.9307	362.55814
572.27606	379.21124
542.5212	380.34286
730.74176	114.81781
727.16565	125.8929
718.3667	114.993614
735.04486	119.35773
723.40393	133.35774
725.72107	116.79088
741.20056	128.30809
721.17224	123.6734
740.51715	115.043106
731.04315	132.62294
723.9586	109.30908
741.3827	121.63765
716.8445	126.650696
734.18536	108.80387
736.28375	131.45413
654.1312	372.68808
667.0143	369.2067
654.80945	382.7335
655.4149	365.05304
671.4815	379.62003
645.4343	379.92368
660.9152	370.35886
659.94385	379.66107
645.1307	369.04922
667.271	375.9905
649.5593	384.94797
662.1257	361.6388
665.984	385.53345
647.97723	374.39923
671.6794	367.03503
658.96796	389.01794
650.59924	361.87915
178.58	523.726
158.0464	526.54626
170.98003	512.08594
171.27385	528.7113
161.15115	512.9999
171.10765	520.9652
163.74036	533.5424
165.93414	516.36945
176.03947	532.45245
157.53856	518.9501
177.12296	516.2899
164.44064	526.0605
733.5025	44.752335
738.26624	47.833565
722.5378	56.551125
725.64154	38.890434
728.2461	49.025658
723.79285	46.41882
744.4212	41.013393
733.31726	59.89444
717.1538	37.019363
735.163	53.62928
710.3077	49.272484
735.0963	35.38418
740.6354	61.262695
711.44135	37.95048
749.66943	43.512543
716.6922	63.421295
726.5833	31.847553
746.02045	55.423817
716.64124	45.131413
743.3055	31.227621
724.31506	64.210594
719.3644	30.493622
750.0164	50.316948
715.09705	54.91048
734.8492	28.386505
730.9783	68.313095
164.80472	347.64804
182.19553	346.48636
162.80557	356.55878
163.4439	340.636
171.19604	351.36896
157.2518	351.8083
174.14023	338.08856
170.72379	359.24762
157.39851	341.09476
174.92638	345.87457
156.55875	358.60083
168.52904	337.49738
177.41309	359.4124
153.37975	346.87057
179.21284	336.99588
164.94617	363.16513
163.6115	333.70047
181.28314	352.89554
153.12524	284.94574
176.51274	272.0525
169.75041	282.38428
161.2869	276.70135
174.7417	278.28864
162.20206	288.6828
166.13443	275.55032
180.57005	288.32748
160.15085	283.52197
172.68979	266.72174
171.93655	291.3045
157.43845	267.48862
181.08165	281.39923
157.84543	292.96442
166.35262	269.55515
177.96078	295.3266
154.50896	274.63406
183.09525	273.9015
165.18837	296.30646
163.11452	397.13373
171.40923	413.1087
154.19113	416.51538
170.74103	402.39056
171.94429	424.24213
154.0806	408.9615
176.81052	409.72818
165.69435	424.6501
166.38309	409.0903
177.54247	422.06305
159.58456	411.6566
182.16136	407.33453
166.25816	414.97308
159.41942	403.597
180.98378	415.29462
158.27142	422.92822
173.13513	397.34863
169.73387	486.37524
163.30356	469.75043
179.62018	469.3178
163.22572	477.5022
164.85939	458.23676
179.71643	475.21136
157.02545	474.02524
171.54178	459.5744
170.04752	479.50766
157.90784	463.26895
171.23282	471.7453
158.1209	482.72305
168.31256	465.0565
177.94792	481.41684
154.61667	468.74155
177.95538	461.9003
166.5654	569.0836
164.5399	553.1938
174.66757	565.9809
161.79298	563.29944
173.30345	553.3711
172.35861	571.9723
159.13011	558.4522
176.92267	560.1438
160.02872	569.5846
168.53462	557.98364
714.5887	384.7024
698.855	372.36844
707.5767	370.16034
702.4635	379.0926
697.26013	366.83304
709.6536	375.16473
693.04376	382.85767
705.7313	364.17316
708.0779	382.1031
690.83704	369.92673
717.3201	369.31982
699.9753	387.73654
701.4479	359.96194
718.00146	376.49396
693.2892	376.69443
712.0422	363.3439
705.871	388.35364
159.74908	204.62473
173.0065	206.73677
158.27542	223.76338
166.83806	211.83064
173.94315	214.94492
159.49736	209.91724
182.62639	203.62698
168.0903	218.34929
159.97275	195.79506
184.73135	216.08157
153.69705	218.50095
170.42284	197.81361
171.39175	225.23186
153.53363	202.51675
181.3029	208.95662
164.52206	224.34346
164.69109	197.38019
179.10738	219.6967
151.9017	210.45435
176.7455	197.53409
440.53696	382.3345
435.55215	373.78607
454.70184	366.87457
442.0761	375.05
447.67667	372.53107
454.0691	390.4942
433.96207	366.7248
460.74213	364.88837
435.38223	386.16196
436.7212	361.10367
450.99576	375.9165
425.62466	376.4807
448.48138	356.89188
446.55582	384.9915
426.132	367.85272
458.10406	373.89258
439.38834	391.92514
442.56842	358.2818
456.41815	383.90756
431.0005	378.67178
448.69977	363.06586
445.85336	392.50754
430.86646	359.5416
459.53262	378.91254
429.26996	385.88242
612.6515	365.08163
614.35034	389.95587
594.7297	373.7387
623.01135	372.56055
600.4516	387.27478
606.8535	360.44064
622.0336	378.75873
595.7377	380.19748
616.8216	361.4303
611.3292	379.46906
599.51953	369.46494
614.307	373.92398
604.2235	380.88544
608.2974	369.07172
619.06433	383.6687
604.2406	374.15735
621.8421	367.43692
608.0739	387.9357
598.709	362.75555
756.69086	375.4611
735.7228	378.41034
749.82306	364.5489
747.70056	380.84024
733.17737	369.9408
749.55414	373.85092
738.38995	383.90155
744.934	366.92184
753.3844	383.26752
740.30817	374.72296
754.9618	368.2468
744.2909	385.46185
739.653	365.37637
380.48242	377.72687
360.70172	382.47305
375.57782	358.77817
379.07794	383.9102
366.64087	371.33075
374.21722	372.13214
367.88217	387.4483
369.33444	365.18985
388.97833	383.8725
363.60086	375.54767
379.31723	366.58228
370.2671	379.5948
362.00433	365.42242
391.50073	372.66714
359.0668	388.48883
369.38943	356.3957
383.41605	388.79803
356.63922	374.27414
387.21613	363.05743
370.41315	394.73453
361.7104	356.3361
390.47867	378.31128
354.84885	382.04376
381.8651	359.03888
378.34485	391.82355
355.31778	367.64996
385.20767	369.94913
161.30156	61.8236
163.64479	53.931335
183.19029	55.65093
157.30809	53.13564
179.61612	38.04928
170.90344	66.23244
162.212	41.34796
187.32655	48.6523
151.78883	58.644634
165.04121	35.947098
176.5447	52.352333
147.51547	41.11306
169.8458	42.20559
168.465	59.931366
158.75896	32.87873
177.11537	44.520287
152.98773	48.726665
174.05267	34.45848
177.48495	64.00354
154.96158	38.21936
189.57489	43.88511
158.3177	67.273445
166.78651	28.791733
185.57787	59.74001
146.45663	49.499077
185.09668	35.275906
167.23276	71.155655
