173.03252	530.0421
167.23465	533.9126
168.80817	523.7133
176.33131	537.1255
161.74936	528.6105
179.94785	525.87885
165.65941	541.3109
163.10284	521.7045
181.44803	533.3833
160.41383	535.0687
174.26479	520.9791
172.42998	541.3323
164.25253	371.27045
174.9448	372.1997
165.7382	380.02667
168.62984	364.7989
173.64357	377.23315
160.46597	375.78992
177.60281	364.6635
172.64282	385.05017
161.68912	359.5978
181.24423	371.425
156.78244	381.87872
172.952	355.39984
184.64267	383.74933
156.5573	368.4829
185.66035	363.18
168.95145	388.98364
166.3481	356.37286
186.11877	378.58252
152.85893	374.8849
178.94351	359.55737
178.20822	385.35895
155.7418	360.76117
187.2768	371.94705
160.42824	387.2783
161.57397	130.17375
169.24333	141.04805
163.94513	139.58377
178.91385	128.23434
176.29784	147.23854
171.45335	126.587845
174.823	134.51581
154.64677	141.48868
167.43048	120.77671
183.41644	146.75641
156.4713	126.47378
183.88947	132.93674
166.28423	146.93271
167.77748	114.05336
181.02773	140.3279
149.5011	138.01366
181.09164	117.04244
172.60437	152.42612
152.69229	122.00899
189.7313	128.29366
158.24812	146.28745
175.2363	117.1628
180.79178	151.78532
153.44254	132.54993
182.94489	123.09019
162.75836	153.12253
161.8912	121.218834
189.04942	140.04884
718.2945	123.834946
731.0397	109.23667
730.57465	122.136734
722.06464	114.90581
734.4858	115.09556
723.09534	126.78139
727.41223	116.35387
736.9735	127.10603
714.80804	120.26561
739.7294	108.77335
730.02	130.79196
716.4989	108.19847
741.55945	122.127365
714.83704	129.40114
729.98883	103.65812
735.60803	133.66495
713.2651	113.91644
740.8904	116.02366
724.3539	133.9551
722.4128	104.53621
177.52074	300.43073
166.01039	301.91983
170.62823	294.71564
167.01514	309.1511
163.06897	292.87616
181.28078	295.49542
157.48003	304.3089
173.51811	288.37555
171.9525	305.1062
156.03766	290.78152
185.07645	287.5069
166.40274	315.50198
165.54099	286.94293
187.73933	301.78186
153.59679	301.47797
174.66972	281.01837
177.91031	309.3658
159.18452	284.41473
186.8027	293.8908
158.75998	310.64114
168.22299	280.08417
184.03812	307.8288
152.89912	295.60825
179.72885	283.52698
174.21611	316.8262
679.5838	366.778
686.35474	373.637
677.06946	373.6895
685.46954	365.14975
688.6481	385.68256
672.2653	368.51694
691.20917	366.73456
678.49786	381.9332
673.7372	360.9882
694.1699	375.27954
667.00476	378.10745
689.31335	356.90826
684.3112	379.88278
666.8469	364.61578
697.507	369.87433
672.06555	384.15128
682.8056	358.6264
694.597	382.44855
667.027	372.55173
695.26184	362.6583
680.0438	387.65625
677.57733	355.49786
165.52426	224.71292
170.88828	212.76775
173.63647	205.09978
179.27551	222.56787
156.37584	210.35442
181.51015	210.57027
164.87148	230.23367
166.21553	206.94685
181.16037	229.64685
159.27075	220.37334
170.38675	220.71223
169.40561	233.18039
162.89928	214.88742
180.98909	216.8179
156.06061	229.67929
173.17111	200.0701
180.94443	236.29367
152.29141	216.48479
188.19339	206.51059
160.7304	234.38
165.05016	199.73265
187.14294	225.70865
151.64392	222.60869
180.0427	205.37773
174.6608	235.03061
155.5863	203.42706
188.59311	219.01608
716.4418	381.8418
720.76086	366.84125
732.8375	377.4657
711.9439	371.60577
730.526	362.7354
721.50085	379.70575
715.4055	360.60846
727.8555	373.17465
712.25476	377.15057
724.18866	361.2886
726.7605	380.6989
713.8561	366.54065
730.8431	368.53534
167.63828	503.4113
167.31212	489.08862
176.7789	495.67325
167.28586	495.12045
174.24889	484.47647
173.31229	501.76825
160.24855	485.94864
179.09903	490.85074
161.61295	501.16962
167.74951	481.97656
180.1179	501.26498
159.28333	493.24277
180.84729	485.23773
751.6372	382.3886
748.86444	367.08173
761.18616	372.59537
747.2176	374.14703
755.2167	361.37933
754.69336	376.4847
741.6244	365.9366
755.8298	368.53757
745.0854	381.44647
748.1516	360.42096
761.2777	379.24835
740.6606	373.42108
762.2021	364.82745
779.2322	377.63043
769.86755	364.26108
785.6479	372.7992
768.9014	375.3259
781.7892	362.32867
785.06274	379.07904
771.9209	370.3793
785.51294	367.1122
774.1907	379.59332
776.5281	363.98663
454.9227	65.09051
442.24615	70.72187
464.7684	57.324993
447.64615	81.185776
446.07318	66.13957
462.16278	63.490448
438.80804	79.84355
449.34528	75.03386
462.34766	73.404945
437.76324	63.32677
471.46225	63.708607
437.28418	92.7961
435.74078	55.8303
464.84723	79.34532
429.80438	80.82854
452.69116	58.84086
460.54498	85.76474
429.29898	67.750534
473.92792	78.4691
447.41602	96.29495
446.90942	46.03254
458.871	91.92607
426.09253	75.13409
454.9059	52.58214
448.25836	89.32987
430.47626	60.65632
463.27725	68.48183
434.09845	87.41945
443.55923	57.83558
456.63647	79.99742
721.2462	42.895782
730.5433	41.80961
719.10016	49.87502
726.7662	37.336506
735.3153	49.952705
711.96185	51.716957
723.49243	30.63973
727.3241	47.698265
713.33386	35.88238
742.3948	43.546516
725.21295	58.691383
735.03503	36.42713
745.0954	59.82008
714.57587	42.60766
735.47766	29.107086
732.6285	55.78316
715.352	28.245123
748.0756	46.058674
714.5719	57.44414
728.881	25.304102
737.8094	59.17446
707.4158	37.768215
744.6472	36.662865
719.6798	63.20022
723.34576	23.911104
742.1957	51.56774
706.68005	46.422283
742.6747	30.3708
728.5533	63.338978
620.2031	366.27026
632.2446	368.59656
625.0798	374.85416
626.04926	365.69467
636.33435	382.2669
618.43994	374.31467
639.24695	365.08823
630.4127	376.3999
618.67566	356.1442
638.2573	374.57822
620.26117	380.56366
634.62085	360.97894
632.0648	385.3129
612.4216	366.92218
645.5204	366.45993
620.78766	387.25443
625.5277	357.05725
642.1781	381.82773
611.4083	374.38748
640.4829	357.89636
627.5568	388.07254
614.9351	362.0119
644.2904	375.11285
613.52783	382.59705
630.0129	353.93176
378.09802	372.12555
373.93225	368.0898
381.8415	362.9291
374.36047	381.31866
367.12286	356.71542
387.02838	374.70526
367.73938	372.30106
378.08722	358.86322
380.4956	379.75327
364.1656	362.93167
383.39435	369.9745
367.1197	379.31628
371.79166	361.2432
386.27704	385.14972
359.92325	371.68997
392.8428	362.22366
370.59418	387.75784
359.0907	357.6923
395.41855	374.1834
359.97504	381.2475
379.2263	353.26736
381.44952	388.3003
357.49008	365.74075
391.31485	368.04553
362.065	387.877
371.4074	352.21515
392.70523	381.2692
354.90408	374.90912
386.74738	356.45685
375.37494	391.8813
430.18124	365.9029
447.1233	371.2726
438.85458	380.0824
441.74057	363.71802
447.7426	378.8593
434.88882	370.3696
456.55536	362.12994
440.82065	371.8156
439.575	358.55743
454.0275	376.03616
427.06436	379.52365
447.16098	360.97116
449.6254	388.9659
425.62128	358.16193
452.79477	367.98505
433.49277	384.1422
439.4833	351.8945
460.02847	381.89938
429.3046	373.7527
454.47885	354.9869
443.23526	385.5639
432.56274	356.62564
460.96622	374.62875
427.30038	384.5636
446.54767	355.35004
453.84857	384.66492
423.43912	368.50244
459.88422	367.4094
439.1556	390.75552
502.73306	363.34247
517.6195	372.53027
495.99863	374.6424
512.73584	359.93002
513.8937	378.9576
496.29755	367.2973
510.61996	368.75055
499.7128	381.01724
506.3177	359.22952
517.4149	385.52496
502.69882	370.80148
517.1024	364.34442
505.31796	377.39697
498.5583	357.90884
526.0011	376.44012
495.72842	385.4284
511.5878	353.0598
512.51917	391.98517
489.96158	369.05145
524.69006	364.08167
501.19965	388.35425
503.518	352.8385
523.43713	381.67245
489.9625	378.86972
519.7708	356.80365
508.27045	386.35193
490.6186	360.48373
526.21674	370.25964
559.6361	376.02573
571.8612	365.96405
573.0216	381.6629
564.28284	370.04575
578.9149	365.5288
566.9518	385.16965
563.1055	353.7654
585.44464	375.5587
551.005	375.87646
579.55524	356.5334
572.5033	388.7961
564.2887	362.97415
573.97125	375.29224
561.7265	387.9749
568.40765	356.12842
581.9139	381.5715
556.61444	369.12253
583.952	361.53488
565.9757	377.0124
558.37573	360.15363
579.62604	371.23276
556.8734	381.78854
573.98425	356.31512
579.5802	386.91733
551.1941	365.8758
587.1954	368.4798
168.65591	573.4849
166.2297	557.4187
178.16647	568.9066
164.667	565.3859
177.70937	557.633
174.23105	573.33105
160.90555	560.72
177.78244	563.3932
161.99539	571.4641
171.8931	556.9596
175.6646	53.18688
167.6762	41.86268
178.51192	39.986774
165.61624	58.789055
163.83072	35.64423
176.09766	45.097145
154.679	47.16086
181.02707	30.390463
177.55766	59.838646
151.2968	37.368217
183.20914	40.72172
162.85901	50.039158
167.3854	23.93833
183.40614	54.738335
148.62253	50.346092
186.5181	33.181988
168.82507	50.766914
158.54509	32.731712
187.46564	46.623264
157.5978	60.978798
172.17334	36.363853
182.58395	63.696857
156.73212	41.912464
191.3868	40.566498
165.64383	64.61715
159.2095	27.297459
189.24077	52.48582
153.31296	56.752525
171.54448	28.313745
174.90341	64.474846
157.41704	431.09946
176.98264	438.76117
162.36116	451.6093
170.96768	437.66147
175.78725	447.37622
154.93723	440.9435
181.80191	432.8099
167.5693	443.7002
164.49625	431.5795
180.95647	443.79388
155.43716	450.08194
173.04193	429.78223
177.74661	454.41113
163.72685	437.091
186.24025	438.73788
164.36086	457.33893
167.86525	425.29825
185.56024	448.91342
160.4077	444.841
177.71382	425.2752
170.65987	451.43427
