172.67294	132.958
162.74254	132.09123
165.27786	125.9171
177.4371	145.44559
157.04262	125.46859
174.89027	123.92684
165.3185	139.96664
160.75285	120.991776
178.48033	132.87534
155.06377	133.70903
178.27197	119.41996
171.48117	144.44247
155.3993	115.46289
186.35617	125.054504
160.71417	141.9064
170.59966	114.756424
184.80566	137.6821
151.8955	124.694786
184.33598	117.20305
164.72397	148.3861
163.76688	113.129234
184.03964	130.5443
150.25656	138.40898
176.0836	112.51526
183.50826	145.02042
704.81354	370.46716
711.8314	371.37604
703.4916	377.7168
705.48456	362.64142
717.42816	378.94223
698.03394	374.03082
714.6459	363.8496
709.84814	378.84073
699.4695	363.0098
719.495	373.5098
697.5527	381.6837
710.56384	359.35324
714.12256	384.732
694.71674	369.3013
720.37	367.6439
705.88293	385.05606
369.96823	367.54517
365.31973	373.13025
363.08932	378.9505
375.6932	366.37164
377.35205	378.24896
361.82394	366.29855
379.06543	372.75662
364.71716	384.16107
375.73132	359.5314
383.2246	381.07724
358.14456	371.5724
383.17645	367.54828
372.4586	383.21
367.25192	360.708
388.3626	373.3348
358.6525	386.28015
377.7543	353.516
383.63388	388.0581
351.95163	368.79434
390.08713	367.29572
368.8236	390.48132
366.98178	354.443
389.9872	379.75748
354.903	377.82144
383.88812	359.6354
376.9383	390.69962
357.64172	361.28964
668.75885	371.3493
660.7313	374.27435
664.98553	366.73868
667.5928	379.02118
656.51697	369.8826
674.4091	363.9255
661.9798	381.26123
656.21185	362.55484
675.09937	375.07013
651.7251	379.28998
664.77313	361.1546
669.8158	387.08038
649.6378	367.1727
678.14185	370.32333
654.5776	385.4328
659.13116	357.53375
675.73486	381.46722
649.7844	373.16312
671.1737	357.66595
662.1344	387.70676
164.85239	37.8209
174.04509	42.572388
161.8201	52.931458
174.18633	36.217995
178.39757	51.061806
164.4604	44.768814
183.70525	37.623455
166.49055	64.10944
162.43405	31.056416
181.95956	57.089977
158.13655	46.614014
169.34155	30.240839
170.25204	50.33737
151.88428	35.246086
188.83423	42.229736
159.83643	59.86439
167.24828	23.866009
188.23154	50.288017
149.68301	53.589275
181.58098	31.794983
177.50717	64.4471
157.79597	31.201462
181.73393	44.193928
158.01535	55.328785
178.43329	25.45494
171.44962	57.27057
156.36197	41.523884
176.77711	477.96255
167.25601	485.60953
170.48529	478.3078
182.96353	486.63297
156.74289	486.2127
173.92494	469.66528
171.79193	490.961
157.56447	477.9939
177.95515	483.56445
160.69345	491.6127
166.96336	471.61115
177.04642	494.2997
162.50717	480.71323
181.63577	474.50104
166.70787	495.6788
160.60501	470.83237
176.76581	569.3771
162.42197	577.5686
170.97765	560.8873
173.14993	578.17175
160.3009	565.65906
176.40605	564.1183
168.09097	579.3412
166.59755	565.0777
178.57991	574.86475
161.98283	571.8153
455.6953	72.93011
450.3912	82.47783
440.35577	57.36193
463.93564	80.64989
444.46323	77.26297
448.3714	62.085327
471.38373	87.62993
434.02338	78.24806
458.92285	61.28942
442.69858	84.77752
445.63788	69.558525
458.69058	83.24887
437.18106	89.657455
470.93805	58.133354
449.68497	90.94382
437.8788	66.67039
460.60107	67.860886
431.6613	86.0558
445.45416	49.31667
467.5551	78.2968
427.0368	70.68112
453.81342	57.95758
454.9768	99.468094
433.08624	56.210827
466.44702	68.758316
426.3397	85.190186
456.125	50.59925
456.8142	92.2281
428.1273	64.007965
443.34937	369.9418
437.83087	379.334
435.2207	358.4018
452.07983	381.6126
431.01254	375.3606
444.37222	365.00327
432.2614	383.44394
431.6006	363.7913
447.08417	375.08197
425.24448	381.24344
436.18912	371.22888
443.19342	379.78555
427.05585	368.47284
450.72086	359.80203
435.59503	388.47342
427.35977	357.94995
455.81128	374.76508
419.1499	378.49286
443.7403	357.445
441.18417	388.88098
421.6093	362.94928
455.00934	365.9888
426.25116	387.41
439.2894	354.23892
446.51495	387.2121
421.63956	369.88858
735.85876	42.38845
733.0352	60.675682
715.9923	36.655235
727.876	43.747112
729.0992	52.461212
729.1569	36.641922
731.4507	66.24489
720.1704	42.561855
740.978	39.23387
722.89777	50.697483
724.4472	30.314255
739.5878	45.7827
716.81036	49.68895
735.6862	26.46398
735.336	51.80951
708.14343	35.926994
748.87897	39.02825
718.68396	59.739067
730.22516	31.67046
741.8067	55.934643
709.18695	46.02621
740.62	33.17404
725.5774	61.126263
718.1869	30.977253
747.5277	46.972225
711.58203	55.04902
724.87933	24.156803
503.6019	380.3231
487.1042	370.94473
501.59717	371.84207
490.3191	379.17657
497.0288	357.90814
510.70206	380.85992
496.2068	375.14597
507.19962	360.96375
497.48993	384.13696
493.34848	366.89438
509.54913	372.12024
486.06528	383.98367
503.62457	365.58606
508.97754	387.42822
480.919	368.91293
512.7958	360.1714
491.8321	387.58817
491.19223	357.39584
515.35223	375.5562
482.01865	377.98145
502.4164	356.12738
501.94946	389.20163
487.04608	362.4129
514.93695	368.7348
554.976	378.39392
552.9364	366.57672
568.9392	380.32648
546.85455	367.83453
556.3857	372.1263
558.5613	383.3144
548.38434	357.69318
563.04926	374.98145
548.5456	380.23682
562.54004	365.2309
566.49713	385.62494
539.98206	371.31796
573.05164	363.7646
551.6379	386.3836
553.83777	359.72806
572.74915	375.0687
544.1457	376.04105
566.3871	359.78458
558.59875	389.5085
542.1369	363.41827
568.4259	370.358
544.1947	384.12637
559.57935	356.918
784.4912	379.8249
769.38904	372.95172
782.46246	363.5581
772.36676	380.38312
770.9282	364.6032
781.3446	374.4751
766.1173	378.87122
776.5966	365.09085
777.80817	381.21127
765.90045	367.6853
783.5659	369.65582
740.61316	378.81036
741.69977	363.76733
756.4872	377.35052
738.38855	373.7368
752.8392	362.11627
749.32306	376.5013
736.77374	363.47446
755.69775	370.43585
734.0239	378.54596
746.4501	364.23944
750.59106	383.68805
733.94763	369.07767
749.1645	369.57913
743.094	384.2081
167.44565	206.96114
173.72716	209.46182
155.72182	214.623
178.4866	195.87762
171.46025	216.33516
158.68945	201.97258
184.9	207.42525
167.28949	220.65067
165.2326	200.27786
180.6592	211.18039
163.65036	213.51497
173.96762	202.82452
172.68825	224.71826
157.20891	195.91122
187.71744	213.49472
156.57784	221.41956
171.73761	194.52115
178.15515	225.99858
155.9229	207.19572
184.03601	200.5631
161.49962	226.75789
163.68372	190.32947
183.8691	223.54797
151.24849	211.049
178.96179	411.61148
167.71951	431.3812
161.87874	419.71768
173.6127	428.16074
162.0215	433.346
170.28241	422.7453
182.08405	433.13184
165.08432	425.9721
177.11734	419.4091
168.80022	439.5751
165.83078	415.46133
184.44432	427.94687
154.63173	425.0899
173.043	414.10165
175.5167	436.6464
155.15833	418.754
183.08496	421.737
156.36581	434.9594
165.11224	408.4581
178.36264	289.88968
160.4371	281.33438
178.43451	274.3942
167.09283	299.87054
165.2129	276.56924
173.17929	283.7114
156.72336	293.88248
164.81209	285.39484
173.43336	301.102
150.62167	283.20505
182.63797	278.03427
164.98207	291.43036
166.0242	270.8499
185.39572	289.92532
154.24028	288.4549
175.64734	267.68454
173.64664	293.9804
156.11134	275.27252
184.86984	283.1125
160.92755	300.3764
172.45604	273.55206
181.14427	297.23703
725.97437	118.77223
739.00714	108.93855
725.45636	129.20035
724.37244	107.64412
733.62634	119.58236
721.1282	121.0755
729.9513	112.955605
737.3095	127.50177
717.57965	113.2964
738.9059	114.630455
719.57446	128.2118
728.73895	103.520836
741.28613	121.20007
714.50616	119.43182
735.8275	102.27923
730.6218	125.73662
717.1247	106.84037
616.133	376.3952
601.8289	379.57843
613.4176	370.11725
615.0049	382.56512
604.5226	368.09793
623.99133	361.81143
608.3703	376.29974
606.2544	356.4716
623.0101	375.89508
595.27295	375.7137
617.32825	357.95053
614.68567	389.0682
597.8497	364.26956
626.71674	367.8924
602.06995	385.6492
611.517	360.7569
623.2533	383.7795
600.4546	372.02338
618.9501	366.75824
608.5106	386.09186
607.27527	364.17383
628.3868	375.27127
157.63474	362.5331
170.7521	355.85468
177.04424	373.47186
152.66547	352.8394
185.327	352.03293
164.4518	373.63116
162.9986	340.39163
176.19598	361.77267
164.51402	362.01825
174.92854	346.03763
172.58762	370.74487
166.613	351.28506
179.10805	354.53418
159.03783	369.22003
170.74979	341.76776
182.87827	366.61255
159.61002	352.80795
181.41899	347.1139
171.15163	363.846
161.14413	347.1234
185.73366	359.17502
152.93423	359.42978
173.4165	519.31165
173.42381	542.9256
157.47476	528.5254
182.4098	528.5347
166.5039	541.55597
165.41641	524.59894
179.68924	539.02356
161.10037	533.524
176.29173	525.32446
169.22818	535.00085
162.772	519.4936
175.60849	532.8901
159.79752	540.5377
169.7862	527.95844
