172.12068	555.5247
165.54214	557.65155
168.43082	548.50616
174.34827	561.9797
159.88626	553.7628
178.98833	550.9371
164.54407	566.1187
162.89253	545.81287
180.35934	558.13464
159.04501	560.9975
173.62943	545.8581
171.52573	566.667
161.39299	36.198044
176.86942	56.03939
161.03685	49.360905
174.53342	41.45836
171.7941	47.800415
162.04538	43.295567
180.03683	34.010906
168.82565	53.775078
162.87943	31.469244
181.25905	47.150146
157.88374	54.22447
167.70827	37.130165
171.45518	61.72152
150.15332	37.058483
181.71495	40.081028
163.69357	60.470715
163.45285	25.206982
187.25194	49.14645
149.1736	51.507027
175.28	30.750927
171.13475	66.62117
155.2771	32.23397
190.39966	41.860924
157.13028	59.939842
171.561	27.64169
181.38742	60.412262
155.40572	43.66388
184.56801	30.480373
167.61954	419.399
165.37454	410.02045
175.53645	417.95767
161.35397	418.9952
171.82446	410.98013
175.18353	425.06537
158.47885	414.1015
178.67618	410.77606
165.6554	429.81305
168.07712	404.1553
181.40396	423.72452
155.69884	420.66495
176.6326	404.01056
173.40768	430.746
159.81804	406.584
183.56874	414.65176
159.94824	427.04663
709.74036	367.09006
712.0997	378.0435
703.338	372.26202
713.79443	371.0013
705.2838	379.18317
702.367	364.67902
720.7825	375.3238
697.9508	376.21872
714.51215	361.0853
709.8976	385.3542
697.05774	368.4366
720.7484	368.35742
700.6158	383.22858
707.2051	360.2024
717.4423	381.5748
166.17522	469.129
173.33789	463.75238
172.64447	472.80804
162.48003	462.2693
178.53873	469.58017
160.986	477.992
168.32228	459.49146
173.31932	480.14862
156.21938	465.23413
181.11226	463.6297
167.43643	478.694
165.15735	455.05048
180.34143	476.19003
158.35583	471.70038
175.82573	457.789
170.4245	138.38565
155.85324	123.735825
178.23636	128.18889
166.25684	134.75584
162.68118	119.764626
176.74681	133.60878
161.90097	131.12317
167.20721	126.22811
167.76439	146.10197
172.13724	118.616066
183.88007	138.2148
153.4512	133.18864
180.8166	122.40865
174.54036	144.77304
152.34146	127.06268
185.19522	125.73826
159.68019	148.59401
163.72086	112.52101
183.83983	143.49953
149.95844	138.9156
182.46751	115.97166
172.96172	150.29514
156.04382	118.00316
188.56564	132.57205
158.57794	140.62813
175.30211	111.95876
171.69559	371.2375
164.56653	356.43427
180.45433	355.55206
162.02463	362.8597
170.48312	357.7405
179.57585	365.1918
158.77426	357.37234
174.8507	350.12073
162.30966	369.02148
158.19545	348.3068
173.37553	363.00388
157.28392	368.5875
172.20558	344.37094
178.34966	371.26917
152.5706	359.02493
181.07239	349.64063
166.98894	374.33185
165.44348	346.75018
184.93492	360.9273
556.1141	373.6153
561.9408	370.54807
564.3699	377.4742
548.96716	362.8902
577.85956	369.8771
554.20245	380.02762
563.2887	364.07697
567.427	384.9279
551.40344	369.43854
569.64734	366.43097
558.732	384.21878
555.24255	363.22144
571.0631	376.46194
546.44214	383.0527
563.2563	357.2508
574.6525	385.46674
544.8212	369.94046
574.85345	364.08478
553.86487	389.07928
556.731	355.83737
577.5078	377.70117
546.1293	376.65292
571.2225	357.15622
563.92224	388.96475
717.01385	108.5649
732.60504	113.28774
722.1388	122.58828
728.621	105.64833
734.18884	124.07816
723.806	115.465836
740.4281	107.923355
728.3743	123.20296
723.74945	109.416885
737.3414	118.68935
719.2573	128.01431
734.23364	105.74486
733.1623	129.61427
712.7251	115.054825
743.60004	114.190384
726.65045	132.28821
724.8168	100.67237
742.3916	123.86379
716.4895	120.166565
174.6354	508.42462
169.98914	520.44214
159.1838	510.18423
176.34186	514.51373
161.27498	523.17035
167.00711	508.95346
175.35666	525.4712
165.61711	514.99146
180.97484	509.7763
167.18307	526.3561
163.49867	502.95337
179.94398	519.3069
157.85086	516.16296
171.35605	502.46094
673.50806	386.22247
659.7031	370.87198
672.1002	371.03232
665.025	380.62772
666.27625	365.90924
682.7916	376.34064
664.9823	374.70932
677.87976	360.5836
673.0719	378.83502
657.59094	363.7625
680.24475	371.35895
656.9855	380.88635
671.7535	360.75168
679.8631	381.75043
655.26544	373.90808
679.45844	366.26215
666.2723	386.23236
665.2655	359.35587
505.76523	373.9928
492.92865	379.03174
506.2076	366.19415
503.7792	385.5431
490.1363	359.47446
512.4231	367.89453
496.0284	384.27008
499.8816	367.49213
508.6839	381.6167
492.00946	370.50775
516.7095	361.1854
497.8575	375.02072
495.05493	363.0834
516.11426	374.2668
488.3107	383.40753
504.6985	358.1912
514.48956	384.4034
486.8776	366.73123
519.4631	367.52722
498.50156	389.23184
498.66937	355.9692
520.29755	381.4381
485.76337	373.79858
510.72446	357.97836
506.10855	391.0557
440.64194	62.90206
458.5106	70.27944
445.15903	81.8915
462.82535	63.22823
451.70883	81.86484
433.03574	71.31593
466.48993	55.542152
442.03247	88.90567
448.57446	76.173035
460.61978	95.6106
428.07974	77.43641
460.06705	54.79197
453.9265	98.17965
422.43326	67.866356
469.36636	74.985886
433.3878	89.67549
452.4144	57.08927
460.5992	78.15342
433.90048	61.709053
446.53085	48.155144
448.61328	87.96897
435.27505	56.866596
469.77847	82.50414
428.1541	87.48145
450.42862	67.39685
457.05743	87.86939
443.66498	69.67229
471.63974	65.11237
442.4367	97.46316
444.3554	55.066376
183.3471	292.12875
158.33708	292.54236
171.86307	283.6939
172.89406	297.5186
158.31564	281.16193
176.97495	289.70892
166.1299	295.9571
166.17574	287.10706
178.76352	297.28857
161.10739	286.13898
178.34755	280.13934
167.17732	304.9059
156.33333	275.02365
187.51462	297.47546
155.70891	301.17657
171.79843	275.24298
172.25296	308.14578
153.61153	287.70343
186.55936	285.3582
161.85268	307.46222
165.77994	274.12976
178.67293	305.45218
152.34976	294.84296
179.76555	274.88205
171.7167	217.29044
167.7056	207.97116
174.09001	211.04126
157.82204	220.25748
175.24681	201.95988
180.68517	228.12637
158.0881	208.04861
179.73196	205.98459
163.35498	224.08334
161.28389	202.35608
180.6154	216.75908
152.75504	211.34343
173.79924	195.34824
173.63223	228.7292
154.29866	203.70187
186.68637	208.87671
159.99034	229.94214
167.39487	195.65762
176.67972	222.7087
164.7299	214.72702
183.92175	198.02426
167.8223	228.74467
160.43166	195.55833
186.2775	218.17415
152.23198	217.59583
729.32385	31.281916
735.2506	49.180855
712.8699	45.377113
742.5962	38.869286
723.79016	61.664783
722.76697	32.5691
740.5083	46.754044
720.9136	47.949265
735.9455	32.551537
728.1393	46.59972
718.0122	41.394516
735.7206	41.099953
721.43506	54.808105
725.7989	40.29241
742.1939	57.90937
713.7579	36.823524
743.00543	32.127605
731.3441	62.89379
718.8736	28.098072
745.2451	50.928226
710.7709	50.651226
736.3393	25.542072
734.1484	55.36538
710.9823	32.095043
748.58777	40.611843
715.4535	58.020977
728.4988	24.539146
630.00696	378.89648
616.0822	374.65112
626.46985	362.4499
614.78357	382.53064
610.4708	357.08954
624.0449	374.00012
603.26544	381.55414
619.22815	366.26593
624.0204	385.11008
610.56934	371.34174
637.27576	369.45154
616.2626	390.31116
613.0973	364.15308
635.0133	376.27188
606.70715	376.7729
623.0453	357.27365
620.57605	379.55112
604.35834	363.64972
627.9255	369.5936
610.27374	386.5241
617.2213	357.55927
628.95807	388.90274
602.86255	370.77853
634.03015	362.98083
777.4409	375.58246
773.3365	361.76645
790.0885	373.3339
769.3659	378.01108
783.41345	360.78363
784.6285	381.3676
773.15625	368.97748
783.0075	370.82806
773.3861	383.0552
779.5048	365.6659
789.88806	379.34363
767.3021	370.51425
790.1363	366.69226
779.69867	383.40546
433.1036	366.3685
444.27997	375.78995
431.3733	383.9943
444.17584	366.7496
449.4711	383.0726
438.21094	372.53876
458.14496	364.9052
435.52655	379.0011
438.5127	361.44232
450.8125	374.8139
428.219	376.68073
453.07706	357.59943
440.8979	381.31122
424.04013	364.21573
454.49902	369.76605
433.24667	389.82507
436.22223	352.43863
455.40884	384.4903
422.23065	375.72427
449.16302	361.6219
440.0251	389.7473
430.4702	357.9613
459.01596	376.83234
424.9501	384.04727
442.90826	355.91754
447.00568	390.20016
424.83185	369.72565
755.27356	370.24554
740.58716	376.71677
740.3633	361.62448
748.76917	375.83603
733.64136	372.70175
750.00226	367.36725
746.03656	383.18372
733.88025	365.6792
756.50226	376.2309
733.5211	378.82523
745.24634	364.75504
752.7319	383.72443
741.05396	369.7152
754.60187	362.56226
739.9946	384.8213
372.90207	370.47324
379.88727	377.46378
363.2314	374.64813
377.22412	361.336
377.1879	384.94833
366.68048	367.58084
378.77924	367.32245
368.67865	382.50873
368.44925	360.9248
386.25162	382.57037
356.08963	374.5352
384.24493	362.2129
371.29306	377.88422
362.48434	355.0479
391.41998	372.78467
361.85544	384.38654
378.21088	353.89392
384.30374	390.8012
356.81244	368.38855
391.0612	365.34045
370.38226	390.82343
369.12015	354.2181
391.30295	379.6729
354.7605	381.12653
385.20816	356.31915
377.0423	390.8937
355.12027	362.42596
383.88873	370.3758
362.82635	390.9344
