170.3601	228.77519
162.51907	227.79337
170.27882	220.69145
171.22328	236.2666
156.19266	230.42258
174.91139	223.79578
162.9304	235.13907
160.06174	221.7684
185.3203	237.92752
156.24646	238.70183
176.88661	215.65097
173.66708	243.32236
153.66623	215.73132
181.149	225.89844
162.54688	244.83328
164.2714	210.5754
179.77512	239.61963
150.54626	226.52402
183.85728	216.2159
169.15984	245.18156
160.81006	215.4668
185.67221	230.1177
149.80585	238.20007
169.2694	214.74544
447.45013	375.04938
441.52637	369.317
452.50772	372.07892
438.9938	378.33197
439.41577	357.9063
450.53223	382.67145
430.64258	378.51566
455.49097	367.01923
444.87833	384.8288
433.9549	365.36023
459.13754	376.47485
436.83478	388.63654
445.60156	362.76654
454.9545	387.6951
433.22186	370.86337
457.7718	360.07507
442.62518	391.64063
432.33746	357.96036
466.36856	379.14114
431.86792	384.42426
450.95084	357.40536
450.26788	392.54694
428.10394	366.16992
462.33063	369.61676
431.34747	391.1332
444.54022	355.28366
460.59042	382.78204
424.8941	375.94687
735.35547	108.90373
730.6514	127.20376
719.97205	112.495766
733.63904	120.4797
722.63025	124.52385
730.94214	113.23836
736.38617	129.37833
725.7561	118.211975
739.91547	115.195984
725.6427	130.85269
726.27954	107.79836
740.5611	122.91461
718.2755	119.83053
687.53827	370.80927
689.7793	377.16605
680.3002	370.94302
695.24927	372.3471
683.9555	379.8338
684.21716	363.95734
695.81165	383.02908
675.5351	376.31482
695.744	363.371
684.4022	387.85443
679.67676	360.8322
700.32733	379.07272
673.5489	381.35095
689.3538	360.40985
691.3573	386.80713
673.27966	369.51468
699.7165	369.58755
678.82117	385.5241
371.06757	370.57578
385.0006	377.96582
370.6238	377.47168
377.93005	368.87943
376.81607	378.21924
364.31085	366.27283
384.69516	372.70135
361.31927	379.64352
378.59418	359.97772
379.96823	387.89276
359.04367	372.59415
382.648	363.56488
368.81323	384.48154
372.04715	363.17728
384.34784	384.48468
353.62643	380.04373
375.15128	354.64645
374.7324	389.79742
355.8639	359.35135
392.30887	368.7788
364.63135	391.9754
366.4699	357.29395
384.54178	391.33267
352.6602	372.25787
387.03644	359.67044
370.85846	394.6772
360.08484	362.3731
391.51263	379.60187
359.63654	387.39728
582.69165	368.42844
582.48157	378.69165
573.2271	373.6071
586.8907	372.76526
575.8402	380.65643
576.9666	368.6148
588.56134	380.08862
568.3693	379.9396
581.4501	362.3207
579.674	385.42014
569.05756	367.1623
594.7965	370.26434
570.3922	388.11264
572.9182	358.19733
591.2918	386.3861
562.30585	376.18054
590.96375	363.03064
574.9991	390.6282
565.2944	360.82623
596.1124	377.6995
563.85266	383.8953
582.4535	356.47223
584.3834	389.37387
562.1214	370.32346
172.86595	444.34186
165.06943	453.63068
164.47375	439.5019
175.28416	453.1291
164.92534	447.22525
173.63255	436.82062
170.44577	459.27344
155.81445	439.48047
182.78633	444.6119
157.57901	458.38843
168.5784	432.0074
176.36205	460.79272
156.1061	445.2563
180.08488	437.59326
163.50821	460.1983
160.93414	434.2899
180.6449	450.96982
155.57054	451.00153
178.23148	136.66649
171.26437	149.86453
155.90097	139.01369
170.2101	139.14464
164.26732	143.92703
162.3981	138.56511
176.23376	151.98436
156.05392	148.449
176.3079	129.17221
165.5995	159.66751
162.33476	130.59793
178.75502	142.51602
152.76685	154.5267
175.82018	121.92474
176.79276	157.25743
148.46542	135.60191
187.22841	142.53865
159.30246	161.56215
160.12619	123.75724
183.81009	154.89482
149.5495	143.22588
183.49762	130.83572
173.20882	162.71892
156.33763	130.95786
183.32385	147.96999
161.21802	154.44475
169.28777	130.34756
176.54611	541.2669
162.49986	533.3955
177.28336	530.4629
164.2858	541.65515
166.10284	526.6561
174.00464	535.4853
158.71416	539.5082
171.99765	526.7605
169.8158	542.28064
159.34308	527.4475
789.8742	370.44073
778.6307	381.93414
780.9043	367.04147
789.51965	382.6011
776.13477	373.30496
786.6349	365.31424
783.9975	380.41745
774.1851	367.1574
789.7332	375.7974
773.0641	379.13528
638.1893	371.05957
644.28046	389.0283
631.5672	373.1193
651.17316	370.7906
633.9431	379.81052
632.65857	365.59103
641.01514	379.712
626.11487	377.878
643.5723	363.65698
636.38605	385.5956
623.7439	369.13614
645.0189	372.70917
628.97906	385.79767
632.78345	358.39838
648.08997	382.82123
619.1721	373.87387
648.82404	363.31543
634.5857	390.82477
625.0304	362.0649
652.83594	379.249
621.5435	384.61346
639.81287	359.79156
170.80807	398.16974
156.16231	371.424
176.00623	378.54642
162.74123	384.41788
169.4739	368.30096
173.7583	388.90558
158.08939	378.97385
175.76039	369.25433
166.92784	392.16888
162.4878	369.7294
179.26416	386.39993
159.6196	391.5187
168.58044	381.94196
177.91214	395.46606
152.58609	381.83945
182.91736	376.09943
162.60112	398.7957
168.38121	375.71124
184.57407	384.99667
153.3258	389.021
168.57678	562.1597
172.45433	574.94214
160.60764	564.3486
176.5461	566.4593
160.85323	575.50354
163.37207	558.5177
177.50485	571.5924
160.96935	569.49506
174.2128	559.66223
166.86751	576.0167
164.04565	302.61063
176.11699	315.9587
158.81747	317.3689
176.37347	291.31104
170.69217	325.05713
153.14056	302.41718
178.0396	307.67548
163.6752	319.2851
170.36865	309.21136
181.91158	318.10382
149.59401	308.11343
173.16544	300.29752
168.31047	315.72433
157.96933	297.04633
185.4711	302.6281
154.46475	322.8948
168.77496	293.9793
178.4169	324.40372
160.18338	307.6444
179.93271	297.06042
166.471	328.61874
161.90105	292.0024
184.57361	311.27728
153.75021	312.28748
514.0523	361.74756
522.63995	383.26813
501.56	371.98676
517.7075	374.16705
505.888	385.7831
513.02783	368.39435
530.0482	384.697
502.5053	379.1573
520.7144	367.32333
514.5421	381.12897
507.33417	364.41974
524.54175	377.75528
509.7381	375.38074
518.08777	356.27435
523.03503	390.1347
496.33514	375.935
529.4057	365.97443
511.2464	390.89252
501.83115	360.22092
530.6714	376.55884
498.52402	384.85156
525.4306	361.11633
516.96735	390.01422
495.79868	366.99683
533.0197	370.5606
502.84985	390.808
507.50262	356.02484
734.00867	380.95596
717.23834	372.90546
730.59576	364.76614
722.78345	378.6258
722.143	364.20044
730.25116	376.7205
714.4809	377.94803
726.22766	370.33713
726.9559	384.6915
715.4337	367.01736
734.69226	371.1586
718.922	384.57755
438.84457	54.920555
462.712	89.77441
442.1255	90.24696
460.279	80.012596
443.47614	84.8398
435.49542	64.70133
472.7708	86.9836
435.42416	89.95909
449.95346	70.07973
455.76367	90.195816
444.58325	76.97416
471.13678	64.43509
464.2098	73.403465
443.87372	64.3748
464.82016	66.214386
427.40186	75.56491
460.28052	50.270344
451.9461	96.97667
433.08292	74.38667
452.65668	62.29178
438.78696	96.282364
434.80362	49.671135
464.4018	95.3342
438.90396	80.25725
455.6329	56.287132
445.3624	97.56933
433.04956	58.54831
474.70596	71.29782
425.57446	89.90906
446.71152	53.30073
174.66594	507.24893
162.4288	495.16412
177.64578	490.14063
164.99887	506.7391
164.60234	488.49765
179.16177	500.4183
161.14365	500.3117
170.65257	487.7753
169.84921	503.23877
158.3399	490.32162
173.65723	495.64258
158.6196	505.19843
171.3475	42.79183
174.629	68.39578
161.15154	47.542133
182.77394	34.792664
165.57063	54.556293
158.3823	32.90519
170.92554	47.78521
158.97275	55.695488
173.2798	26.779226
175.23932	59.381855
156.50168	43.722958
181.79518	46.831276
158.3949	70.719315
163.47768	34.008617
184.91806	57.495613
146.3813	48.73039
178.92728	39.049812
160.4598	65.13518
152.806	35.404884
176.56944	52.4862
153.80449	63.320076
170.17369	34.974518
181.79747	66.61225
150.49454	42.60708
187.81233	45.44806
168.78282	60.163506
165.23203	26.794931
190.08916	51.9063
151.77734	53.668903
734.058	33.815403
732.09143	53.34688
717.7268	45.393547
735.5475	47.2125
725.2074	64.35488
728.1493	30.795746
737.5897	56.712593
717.9518	52.266426
739.95074	36.925922
725.7753	51.065277
723.8894	40.88436
742.314	52.310192
719.6112	63.197247
726.8794	45.295483
736.83545	62.43879
712.504	39.62968
750.49915	39.458046
731.9176	70.556046
721.984	32.26076
750.6759	55.006897
712.56116	57.352924
745.5833	37.47874
729.276	62.6503
716.0805	31.837255
743.05817	44.90841
713.497	65.850266
733.1432	26.012592
742.9956	65.93836
710.231	50.908684
763.974	367.11835
752.57587	383.28174
747.10046	365.04532
764.4865	377.15268
746.1371	377.23248
757.19214	364.305
756.9539	379.574
746.2045	371.6139
761.0797	372.1962
746.7485	383.0961
752.6798	368.5601
761.4934	384.3974
