400.2955	382.11633
393.8437	375.39758
400.76855	373.2657
406.86078	378.30026
391.3832	370.24124
401.597	365.51404
388.89862	388.67133
393.30142	364.36334
416.82782	383.0544
388.35602	379.724
400.56165	358.04767
398.3802	387.72418
382.3504	375.01144
410.10156	372.09247
381.92368	382.16187
394.34897	357.6471
411.3947	385.58786
376.0424	377.623
408.8471	363.9542
402.06943	394.9341
384.4601	362.57236
416.52374	375.73956
382.0774	390.10345
406.36166	356.0861
407.70377	390.05435
379.58395	367.95105
416.30084	365.15036
392.90405	395.2944
387.49808	356.18213
190.88264	53.301903
169.92075	50.1766
187.45369	42.638756
177.47702	53.82082
173.38046	39.7456
181.4372	47.677425
181.61763	62.452656
180.05473	34.999146
184.56049	55.678276
166.61008	43.852104
194.63196	35.170303
171.77347	61.070442
171.51854	33.35571
192.64742	46.783714
163.0588	51.52427
183.05733	27.857473
185.6856	66.05796
161.97812	40.65257
197.39035	41.32655
170.45052	68.76412
174.32397	28.88515
193.31029	60.880775
156.93404	51.51991
188.43227	32.462376
177.03162	67.28749
165.47966	33.57566
199.87935	51.752827
165.15224	58.242146
470.42822	370.62244
474.33014	380.3872
465.4167	374.74863
476.24048	369.66968
465.74252	380.35983
463.20313	368.958
487.8234	378.8973
458.13275	381.09076
476.725	362.47418
472.48672	390.29053
458.1564	363.72983
480.46884	374.41306
460.69965	391.31613
468.74594	362.14868
480.34604	384.76733
453.40698	377.21936
482.82343	363.37833
466.7023	390.1011
461.45966	358.49283
487.3209	371.2527
456.94586	386.60834
471.95108	356.42834
479.05893	391.4826
454.0103	370.05438
844.8743	372.565
838.92694	379.96344
834.1261	365.68546
848.3467	380.94284
833.34503	377.2317
845.7523	365.67377
842.8115	384.99152
831.3091	371.78656
851.1876	374.5084
832.4263	383.3708
839.21765	368.39438
182.83562	148.89673
175.63371	135.67136
188.16422	130.91402
176.05484	145.71428
175.87025	124.12307
188.39871	136.97702
169.60425	141.38058
184.5098	124.4035
180.82167	140.11098
171.3138	129.56827
191.83669	121.88692
171.73282	150.43314
180.10672	130.63458
193.36641	140.37686
161.9343	136.71896
182.66551	117.539406
183.22002	153.80333
166.21118	122.90952
195.84018	132.696
163.77861	142.63913
174.66678	118.595726
191.35973	146.29283
163.72978	128.69623
782.079	37.118855
778.9528	47.148525
775.1377	32.90898
787.2997	48.276787
761.8876	45.666176
788.57025	31.727041
780.5794	59.06303
771.3795	26.795238
787.0115	40.4225
767.167	47.46171
776.6662	43.305046
789.43494	54.030426
770.594	39.00932
793.7235	30.859447
772.9385	60.763954
761.555	32.19247
793.26697	43.21226
763.0747	53.528637
782.8287	28.703558
788.6496	61.891296
761.00104	39.512497
796.1463	38.582603
772.9242	54.614258
774.53894	23.565178
794.943	49.075054
463.9378	82.7069
483.7809	63.596962
482.80054	76.12352
470.49982	77.72752
498.84384	76.83038
461.48663	91.26541
471.4673	71.79853
488.79892	79.45036
460.5909	60.237957
495.67316	55.7867
477.61743	81.79251
474.54224	51.58844
485.84967	89.88305
459.2893	75.392845
488.29086	58.62435
486.6704	99.00099
476.5524	64.36001
504.45297	74.2326
469.24527	91.60431
482.6373	71.17509
498.3977	88.534935
464.70102	69.21221
492.5585	69.6942
475.10944	93.35998
465.3767	55.778515
499.22183	81.69509
456.41406	87.01223
479.96738	53.713367
495.04803	99.057076
453.1618	69.207565
193.9536	284.77216
178.28091	300.16324
177.66171	285.05408
189.8732	295.68936
171.3421	293.85538
186.02325	280.62262
178.28433	290.63885
167.1066	277.83588
186.27597	288.6281
167.83125	301.35605
178.02823	275.4355
183.9643	295.85965
167.02994	288.05276
190.86874	277.537
175.34982	305.47537
172.88675	273.55637
194.77727	292.13525
163.06276	293.85297
183.0284	274.01917
187.27983	304.2794
164.454	282.88144
538.91766	375.1418
531.6656	380.40637
531.72266	358.71133
538.84143	381.7213
528.7228	374.36884
538.9774	369.22382
533.7021	387.0794
528.43445	366.013
545.75037	376.80743
525.7484	382.18372
536.57495	363.66016
544.9972	388.45496
521.1815	372.08923
547.914	365.5763
528.2285	389.70618
523.5586	359.7075
550.7289	380.24536
518.1361	376.81244
541.6565	359.8211
538.152	391.5639
521.1273	366.70807
549.37787	372.22046
519.49774	385.96576
178.05452	484.31158
187.46022	496.15253
166.73485	487.74927
187.80049	478.20157
176.53069	492.46786
169.94174	477.10455
182.5511	488.37125
167.63928	495.10294
181.83675	475.94702
181.38223	498.69907
170.73691	483.25308
189.89767	483.34418
173.78714	498.79498
175.74902	476.2416
191.43074	489.1185
178.94879	214.03426
183.8515	205.26184
174.89348	231.51091
172.52513	209.73581
197.38301	216.66818
169.0076	217.94666
176.84927	204.05936
186.09937	222.98885
161.41713	207.90913
192.39256	208.61629
179.4262	222.23409
168.64088	205.76714
191.17215	216.76596
166.49237	227.05254
184.4176	194.80634
183.27628	230.04631
166.95914	198.36711
185.17197	213.92123
172.76077	223.40085
177.79568	198.59868
191.96944	225.09485
163.68948	217.05586
189.70898	201.27531
597.676	381.56598
586.76404	361.04547
599.25415	375.20175
581.34314	381.82178
594.518	363.61743
603.9231	385.15228
591.5594	375.95355
600.4185	368.64545
591.4859	383.6841
592.5238	369.24567
610.516	378.17892
577.6119	371.02988
604.83844	362.41406
598.9017	389.6804
584.13367	366.73837
608.7443	373.87225
585.8279	386.4659
597.0632	357.34323
609.8143	384.8033
582.79926	375.07025
609.57214	367.81665
591.36273	390.8781
649.0055	359.58044
663.2087	380.61304
639.6336	379.47385
657.24225	367.98495
657.3995	384.55817
639.44617	368.575
670.3508	372.96735
647.0735	387.71536
650.3765	369.41718
670.1205	380.474
650.9215	376.36853
664.0426	362.725
651.0727	381.35922
645.4896	363.4946
660.6746	374.31693
642.0129	384.97202
657.056	359.32077
663.4745	387.86932
644.4653	373.7385
664.51917	368.00946
654.0091	390.70746
706.01764	360.083
724.6841	383.2715
700.4623	380.3393
713.2841	368.58167
712.47107	380.29846
703.7096	371.25388
725.3646	376.6326
707.0123	383.0071
709.5817	364.57184
718.51337	382.68018
697.8626	375.331
720.95575	365.0808
706.7574	389.6515
699.1541	364.07422
715.8502	374.66776
699.3003	386.9445
714.82544	360.74365
716.3861	389.68112
694.5244	371.10095
723.701	370.41342
777.43	110.597336
775.3341	96.26254
785.9066	106.54392
772.0455	103.49089
786.4616	95.67485
783.98267	111.761314
769.4123	97.456375
785.5038	101.262375
770.56726	109.59336
780.45746	93.67263
810.1106	379.78427
801.6404	374.03757
814.58167	365.48065
802.91626	380.6679
798.673	365.81088
818.63245	374.44943
794.1782	378.61505
808.32367	367.68024
808.51794	386.6999
795.6768	371.3394
810.9831	373.50198
799.9347	385.53104
804.4928	363.63907
815.83	382.4068
171.3729	580.0001
185.4405	570.2596
182.04752	588.7489
174.39706	570.59564
182.50887	580.6175
168.71484	585.365
179.6401	572.28687
188.60764	585.1854
170.41197	574.1774
187.98378	576.7442
175.63235	586.9108
758.3586	362.44
777.1786	380.7001
758.5894	375.7123
768.2328	365.09564
763.7066	379.531
751.6614	370.043
769.8841	371.94366
754.7064	383.42065
762.4149	370.13464
770.3691	384.90683
751.4002	375.1618
775.5443	367.89267
757.7558	389.3532
751.90857	364.36218
772.92725	377.10883
748.83966	380.97308
764.4005	361.24078
763.3783	387.38495
173.12619	532.39606
186.56238	534.2393
176.81711	546.7217
177.96329	528.9579
181.32614	538.29865
165.75131	540.2809
186.7975	528.94556
181.91452	544.96124
170.57796	526.1895
191.18498	538.4616
172.09572	544.1252
181.7471	523.46533
186.93602	546.6217
170.62198	536.6387
191.87279	351.6033
175.36897	369.96667
176.45425	343.85916
185.18867	367.54962
161.4668	366.97427
185.44885	344.92487
177.12798	363.0633
166.55598	359.0183
185.3945	361.1679
170.55865	376.00748
177.05411	350.20865
193.13705	367.89648
176.04668	357.84476
188.13712	356.88824
179.57695	377.54105
170.44133	349.32062
195.29562	361.96094
168.6716	365.3452
183.93027	351.02252
186.0643	374.6589
163.80829	352.7587
194.66893	428.05884
177.49963	430.27246
176.12303	419.57535
192.45027	436.94614
165.9219	430.33356
185.06995	419.34702
180.39703	444.5962
164.54332	423.34772
187.69748	428.64166
169.7292	439.3632
180.09653	423.45367
188.16855	441.30264
171.55981	426.93277
190.58351	420.35
175.79248	440.47397
170.87633	415.2603
183.19357	433.82477
164.42754	435.70615
180.37296	412.69427
