171.84746	518.338
165.44476	521.43
168.3898	511.5919
174.28006	525.2172
157.87614	520.13385
178.94633	515.175
164.21828	529.6442
162.89291	510.15454
179.54213	522.7965
158.07167	527.60443
173.97041	508.0437
170.46176	529.4917
157.81526	512.9068
378.70435	379.2161
367.19293	381.7899
373.16632	365.52267
385.4689	378.5506
359.98438	377.0189
379.11954	373.23422
371.08804	376.0169
363.49866	363.82617
386.16095	371.17233
357.9745	382.14145
376.98337	360.552
374.98224	385.17148
365.12524	369.14664
389.80804	363.4255
366.85745	393.1505
364.10233	355.84308
389.8215	383.5877
352.58615	381.15146
380.62268	355.20007
378.8627	392.5336
356.2835	363.52222
392.48923	373.6648
360.27844	389.67807
369.59247	357.75778
385.25766	389.2364
353.63593	372.1925
382.72098	364.54785
372.5377	391.12698
544.4509	370.2591
554.2527	377.59738
537.71796	377.64398
551.18256	366.44867
549.6161	380.05563
539.98065	373.0245
554.7013	372.21136
543.8518	382.59775
543.4842	362.4495
559.6173	384.93048
531.80664	376.59265
557.859	362.34314
545.04626	389.12195
537.54614	361.38983
561.77936	376.90244
536.95557	386.03497
549.693	360.1164
552.0074	388.05573
533.8141	369.23416
561.0662	368.9755
434.82306	381.88083
434.99384	366.48355
448.28033	376.26984
422.87494	380.64267
440.3627	368.28915
441.80426	381.13754
428.55927	366.59604
443.19742	372.239
431.25592	377.60147
436.14145	359.44904
450.45465	383.464
425.37103	372.77686
448.2959	363.48785
439.05917	390.713
429.57904	360.41653
453.33868	377.70703
427.25693	386.51147
443.28876	358.3371
445.87524	389.06613
421.70367	367.53583
452.2934	368.58008
433.09415	388.64142
776.29083	369.67664
782.2953	377.05914
771.9917	377.9937
785.9398	367.66672
778.95984	382.70795
770.5472	366.18182
785.9205	373.21198
772.5641	383.83145
779.6159	364.5672
786.0004	382.22107
767.38995	373.9997
183.69875	123.534485
163.19148	129.79184
162.35547	120.11269
178.01762	135.0122
165.28516	137.46185
169.84671	123.864456
174.21368	140.42482
157.29457	128.28307
170.52791	130.47948
160.11618	142.84131
167.70856	116.09662
183.39317	137.52925
153.95854	134.11111
179.30237	119.63716
165.9704	145.41698
157.79166	116.11776
181.69675	129.54868
154.40717	139.9849
174.64099	115.10819
173.29556	147.3747
152.1624	124.44961
182.30002	340.48465
166.59253	346.80606
165.5897	339.56458
174.30911	346.62836
157.83461	345.17657
172.25253	334.88574
171.39949	357.46558
158.12837	335.1943
172.52501	341.13605
161.70158	354.42377
166.71631	332.15994
178.1202	352.804
152.56976	338.72064
178.79553	333.91168
167.42836	353.6538
160.44223	327.94647
182.8392	346.98444
153.87975	349.88196
172.70909	326.723
171.0711	48.994926
156.54436	40.702908
175.40817	41.803078
161.89368	55.81438
168.68655	40.876984
184.3588	55.613495
161.08981	49.006462
173.5262	32.620285
176.7504	55.567818
161.32993	38.124454
181.83687	48.844078
150.49403	55.671894
168.72398	28.30774
172.29349	62.949608
149.86115	43.71586
179.7147	38.148758
164.5458	62.67386
155.4211	29.76389
189.05962	50.093056
152.11404	50.510708
181.62164	29.129736
168.98064	68.51868
151.90698	36.988808
186.33849	39.557243
154.68315	63.23419
162.65225	32.853283
178.79941	64.52356
488.00732	375.00287
500.18124	370.91354
492.36783	383.86197
489.9417	367.70016
494.62494	378.539
479.4428	381.25006
496.87177	364.40277
500.7256	380.04535
478.6722	369.4847
508.14023	368.9016
490.07593	389.10083
489.1105	358.8674
508.5249	379.57135
481.9515	374.71967
504.65518	362.04828
497.90723	390.82376
483.63876	363.35318
505.39526	374.76117
483.96454	384.67
495.37247	359.31488
503.7352	385.57596
160.07468	272.8926
173.56055	273.67426
166.106	283.3576
162.17807	260.69415
177.3452	280.48196
161.34415	280.00256
173.12311	264.86707
168.10132	276.52347
155.40225	269.97632
181.43759	270.9378
165.28505	290.3651
167.43233	268.72388
177.39052	287.10144
151.09238	275.67197
180.89407	263.66183
172.05077	287.06393
155.81522	263.43976
184.20792	278.4706
156.86475	285.2855
171.24872	258.19452
654.2881	389.9239
640.067	373.37512
662.8586	368.35565
646.73175	380.40805
649.59515	358.62173
659.9099	376.78784
636.00037	378.09573
654.82996	366.79904
653.7103	381.88605
637.2207	367.55096
653.7653	373.00336
639.4055	384.7202
648.4232	367.25363
661.5968	383.5719
645.57275	375.51398
657.36566	361.21304
646.8547	387.33694
642.4063	363.51648
665.3334	374.39944
154.98076	472.6083
170.53445	458.82242
170.8008	470.09277
166.26509	465.33212
176.58951	465.81567
168.31584	474.66718
163.41202	457.47055
178.24835	473.6477
161.74013	471.73087
176.73984	455.0341
169.14536	481.3792
156.48755	459.39664
183.50688	465.08145
160.79507	479.44843
168.36795	452.51773
176.4179	478.75714
155.92358	465.48193
463.8593	73.82829
441.67496	81.074814
456.32892	67.72897
447.18735	82.11746
428.22232	81.605
447.88077	63.689373
454.3955	83.89062
447.6141	69.76816
457.81967	77.98426
435.5042	86.07985
433.9772	60.873108
465.552	86.78021
438.0196	76.70482
463.60556	57.497887
458.82172	92.214066
439.11566	72.002144
470.18097	71.08415
431.89362	92.0482
450.78662	56.664253
456.80746	102.52913
427.48834	70.34802
463.40567	64.36302
444.80475	91.15584
445.89902	48.709095
470.90543	85.294235
431.83643	74.33755
456.0814	50.853302
451.8399	99.84713
429.8466	65.16524
604.7624	374.93243
594.5412	384.18484
597.0489	365.5567
604.2541	382.35764
599.28046	372.59283
610.944	365.6267
596.79004	378.4561
590.784	364.5933
610.2446	376.5641
585.351	378.21124
603.52405	367.15518
604.62946	390.37805
583.91705	368.34763
613.8969	372.20856
588.59753	386.54224
597.0962	359.04724
613.7018	380.91693
589.7982	373.25412
604.79626	360.07712
598.4647	388.77838
719.60754	110.253494
733.5487	121.04069
718.3214	127.06293
730.9293	111.17385
739.6619	129.80402
726.4185	123.94849
735.0632	115.83986
732.146	133.97469
725.97894	114.74428
742.46436	123.50204
718.45825	121.775986
738.174	108.353065
731.80554	127.720314
717.32904	116.93634
742.3296	116.412636
723.3499	130.98004
728.48645	105.210655
750.59454	384.4289
731.8673	370.1115
752.4148	368.3365
741.8143	380.44858
733.4999	363.68265
745.98895	375.11505
732.07416	382.41885
744.7711	366.88965
743.99304	386.81293
739.0906	372.67007
755.48987	373.21967
737.15076	385.6697
739.6797	363.13538
754.41345	379.56476
731.2641	377.1047
749.4336	361.99753
170.35057	218.03618
156.21646	193.01
168.73631	200.32397
157.44388	216.17253
174.49814	197.52
176.74673	217.4497
158.31076	201.67955
181.22586	196.29109
165.78207	205.00395
163.74098	195.71237
176.88943	206.25806
153.14114	210.67624
170.89159	189.5859
171.91002	210.49702
152.43527	198.33989
184.45871	203.38394
163.97049	215.80374
164.24725	186.68294
181.67197	210.42444
157.42563	207.44913
177.73746	188.41812
169.12662	413.0113
159.97272	397.7126
183.43045	409.28848
153.498	411.31827
167.65753	401.8787
178.47968	415.16275
164.30124	406.38086
180.96066	399.11288
165.15482	418.73764
163.55959	391.93472
174.19025	409.5996
159.32863	408.6607
175.28384	395.49744
173.42525	420.36777
153.16481	402.1526
177.35307	404.49042
158.14612	417.1978
169.37962	393.695
728.3276	48.12197
726.1285	41.947243
734.3135	44.153584
727.20996	55.96944
726.85	35.77793
744.0399	51.368275
717.2596	48.127766
734.8167	28.647434
733.67786	57.603497
719.1146	39.399097
740.32117	45.042725
721.7809	57.14341
729.38855	23.949076
748.3082	53.28551
710.39	49.976112
741.3767	30.410507
737.115	64.261795
713.6689	34.383686
745.8985	41.63849
716.67096	57.28811
733.2901	35.09667
738.43024	55.585205
710.1559	43.449757
745.8012	34.8553
725.9014	65.14093
720.1211	28.551153
701.7979	377.23468
688.87854	378.47485
702.5186	370.5493
700.3802	385.23526
688.2272	365.96515
708.2794	370.3892
695.6007	380.4941
696.49866	367.42358
710.899	380.65906
692.4069	373.01956
707.1983	363.19638
695.43176	389.05692
693.01056	361.14825
712.6752	373.40228
687.6937	384.87463
700.77686	361.21716
706.5981	386.88074
684.2789	372.8924
170.6373	558.1311
166.23917	566.3215
163.79376	554.11865
176.1055	568.2259
159.66074	562.08527
176.49957	554.02765
169.87598	571.40173
158.32307	556.0637
176.79733	562.05914
160.21577	569.7924
169.24344	551.5305
