734.3066	121.44602
727.5477	122.24302
730.2879	115.92845
737.29517	126.755226
721.4102	121.93787
739.0772	113.27844
729.94617	131.76938
724.66907	108.26579
743.5304	124.10142
717.3437	125.45412
736.83606	107.50728
737.25684	132.63867
718.9574	114.20245
742.03394	117.64944
723.2136	131.2224
730.3573	109.09989
168.07645	359.251
158.93275	356.22458
171.46713	353.2096
166.21603	367.41714
164.71643	352.2884
176.0367	359.94977
159.80885	364.12616
168.1458	344.56537
174.31506	369.77026
153.7335	353.1285
180.36317	354.7879
159.13582	370.69482
159.9369	346.2646
178.96017	365.22235
153.71494	361.82394
175.32593	348.84476
167.25775	373.27975
614.77844	371.4911
626.807	377.39288
615.0934	379.90918
620.4635	368.4273
623.32776	382.7099
609.92957	376.56448
626.4957	371.21823
618.4819	387.20477
611.9951	364.78772
634.0944	377.7927
606.62646	381.9793
626.9689	363.7496
624.5175	389.684
607.5041	370.5376
633.0816	369.9523
612.23114	389.3657
619.8479	361.78925
630.7637	384.86493
661.04346	374.977
668.6833	373.70346
665.5244	381.38742
655.68994	368.69058
674.2572	378.77972
658.2479	380.48798
664.0552	367.62387
667.37134	387.3322
652.0298	373.44675
675.3073	371.2555
658.3534	387.46045
660.0432	363.34354
674.10065	384.9822
651.7879	381.4294
670.8412	364.75128
170.26677	420.20694
161.32486	410.3504
171.7615	413.6792
158.04892	426.37027
167.46419	407.19028
177.39082	423.8581
159.98709	415.77188
179.19037	408.61273
165.35709	423.8571
161.64812	403.06546
179.03877	416.94073
155.12791	420.04507
171.00699	403.41763
170.74869	427.90836
154.50958	410.07993
175.28175	292.73233
164.57686	301.95975
162.71722	289.93222
175.10518	299.23938
160.32468	295.67676
168.41586	290.794
169.57455	304.85675
154.87582	289.4016
181.98117	293.07123
158.1422	305.92136
164.59586	279.58905
174.85411	308.2099
150.68373	294.5058
179.21028	286.08002
164.9203	310.3863
158.43845	282.7818
181.71887	300.53738
152.21446	300.2978
172.09492	282.49847
164.31773	57.90323
161.91089	45.709522
176.51826	49.93823
168.87737	46.546284
166.61151	36.77047
183.605	58.975838
155.85797	48.720642
177.80734	31.866955
158.07997	66.20159
159.37997	39.494606
178.36276	42.307076
153.9617	57.538208
172.72775	36.20623
173.27173	55.30913
147.98419	38.63807
184.66887	37.111248
165.587	65.18584
153.98245	33.511387
183.16016	49.629494
148.76993	52.948097
166.00797	27.268513
172.57559	61.216705
153.34715	41.973248
187.67162	46.47235
153.4414	64.88272
161.62193	31.695255
174.60478	67.13969
507.6045	373.31207
515.6256	370.97598
502.66998	382.59857
501.22675	358.404
519.38855	381.02405
495.00458	373.99194
513.7965	366.2575
509.6988	384.7783
501.1144	374.6277
524.18854	378.6491
498.13507	391.64893
502.81085	366.98245
519.4414	388.12863
492.27295	380.67072
518.266	362.1476
504.96518	391.234
496.4589	365.5836
512.5496	377.9737
497.21094	385.2882
509.23016	360.71844
513.17645	391.99295
490.90985	371.34848
523.6636	370.88422
165.64186	518.73724
162.45357	505.3188
176.9668	516.99493
155.17719	518.0028
174.50867	504.96362
169.16687	524.164
156.21587	507.32886
168.58374	513.14075
160.17755	524.81445
167.861	504.35175
175.27779	523.3052
159.81929	513.5529
176.47464	510.9117
447.54425	379.55057
442.32477	370.11737
445.75244	374.3411
439.2181	386.0091
449.09946	364.67123
448.33008	386.06912
435.3488	373.0947
454.80453	370.17953
442.3321	390.7619
440.73334	357.63254
454.14966	381.5893
437.14966	379.831
449.60083	358.37085
449.36313	393.14423
428.80142	368.77045
460.2719	374.41742
430.78232	386.25156
441.16122	362.73364
456.02725	388.15012
426.03223	374.6692
457.46402	364.9412
436.77426	393.31418
433.20108	363.09793
461.19986	379.73706
427.5385	380.3428
730.7426	35.99688
732.0872	55.433098
715.27716	46.422096
732.89453	45.02567
726.5284	59.557434
723.60944	39.997307
741.4912	62.85605
726.53357	46.41611
739.2668	36.31119
732.4165	49.747932
723.7107	27.157017
739.58215	48.40945
719.0798	52.436085
738.0488	27.097065
747.2147	56.166767
713.0915	40.98676
748.3146	38.24659
724.28094	64.16842
731.9933	29.325174
748.4711	50.22001
709.6056	51.896126
743.31714	33.129524
733.8632	61.667072
718.86707	32.893433
745.3434	43.797096
718.0865	57.95443
567.2339	371.79196
571.3597	383.8093
560.0409	377.23938
577.4984	372.93317
568.0918	378.22412
557.14124	362.87335
582.7746	379.78656
553.1259	383.97052
571.627	365.72803
572.71216	390.6369
555.9408	373.6282
574.7372	377.3025
561.42267	385.07172
562.9718	363.88034
579.46857	387.18195
551.1928	377.33398
578.0147	363.69183
566.39246	391.80023
553.16394	367.5739
583.236	369.44724
557.7834	390.2609
567.82056	358.81247
175.40878	565.4911
155.17638	556.3948
176.85164	552.7401
165.47647	563.55676
166.014	552.8643
174.398	560.4028
159.32079	560.3347
169.59738	547.55896
168.80289	569.8312
160.30516	550.25867
170.49545	556.658
159.42978	567.7752
163.24643	124.63347
184.32095	137.3994
157.99814	140.55202
171.23553	127.13042
167.44498	141.14597
156.93678	126.478226
173.95981	139.90703
151.55899	150.88126
165.508	135.67155
171.483	156.73245
160.01804	133.55368
185.51007	131.36002
162.25386	155.23697
161.55835	116.94557
183.81088	145.87851
149.85333	143.8555
178.54605	125.789185
170.11575	149.76477
149.88545	130.30864
176.64084	133.71579
161.51907	147.78036
169.64444	122.15066
176.86002	148.17868
153.33012	139.99557
466.42242	54.506763
438.0926	76.660164
452.1202	66.44748
460.56097	81.526474
429.9711	80.40254
459.5739	67.326614
447.5729	85.83325
430.4549	73.168144
451.93765	81.53154
438.76596	86.600006
447.04678	62.29231
470.71735	91.03144
421.4284	81.16337
443.38785	74.5262
447.5511	101.44616
441.43182	61.714447
468.8869	82.271286
434.24884	95.22829
444.1214	52.015198
459.91544	97.56268
440.57162	68.19777
473.35538	66.0938
442.0479	96.65925
433.57193	60.25105
473.8484	79.03688
431.54654	89.241936
462.7657	63.5991
456.633	91.933655
427.08356	63.977467
468.46368	73.23341
161.65796	473.2544
164.41025	458.8211
177.27155	471.78345
163.05641	465.0309
175.66301	458.2076
168.20776	472.0119
159.61015	455.1957
179.39896	465.20117
155.33842	471.597
169.5276	455.9035
172.91693	477.77167
155.97118	463.41583
171.09604	464.81854
163.01848	479.0318
161.79478	204.11679
173.05156	226.13277
156.38467	221.15234
179.83179	207.0168
164.08414	235.31528
163.93054	212.39253
170.17668	216.9653
156.86699	227.34427
161.4698	220.05246
175.33841	232.4665
149.36505	221.12341
177.80423	215.24309
166.2573	226.35612
155.55026	207.10747
179.86923	222.62411
150.7612	231.83394
173.74124	207.22025
170.23181	237.56128
156.17178	213.98006
186.1434	215.31711
158.09967	236.5361
168.75285	207.99858
182.64578	232.88765
772.2961	377.26575
784.50684	367.70148
778.1825	386.57474
771.244	366.1361
782.023	376.1062
766.5394	381.9883
778.6381	364.89276
784.00696	385.50677
766.5676	372.6395
788.25226	372.65628
773.4348	384.2894
776.6677	372.85812
788.06903	380.79303
698.9752	377.72177
711.74805	365.4879
705.8595	382.53378
693.4732	368.58783
710.4088	375.04224
696.6831	385.6615
703.9361	372.83368
711.1913	386.9085
692.44525	374.56073
715.1932	372.0127
702.52045	388.45197
699.19714	365.79382
714.8236	380.50522
691.9621	381.4153
704.9358	364.09897
744.42975	384.71674
730.7385	374.51688
744.7256	374.97653
734.18317	385.62125
739.12036	365.33154
753.45795	379.1516
738.1997	376.62076
749.94135	365.0407
739.9046	386.678
733.47375	367.5509
752.92114	372.40753
731.7086	380.31403
743.9581	368.0145
750.2201	384.88968
365.77228	371.67365
383.94473	366.43756
360.41473	391.7985
372.10532	370.06732
384.49976	378.4582
364.0374	381.9793
378.9786	357.37808
377.90897	393.8703
357.3371	365.93268
378.80203	373.79938
365.58905	396.394
370.99792	362.1117
378.6659	382.4783
360.15814	376.06567
376.6944	363.8869
371.39188	379.2539
363.2924	363.23706
392.34454	379.80545
355.5716	386.93625
367.61407	356.83084
383.35168	390.0989
353.9176	372.01868
391.337	372.8511
372.29413	394.89642
360.80554	356.3447
388.5362	387.32977
354.10727	381.1052
388.79617	363.03094
372.81683	388.13364
