631.4949	380.65802
624.66986	385.95523
628.56433	375.33813
636.8535	383.58383
621.6426	378.87387
637.6748	371.9714
627.0043	392.09393
623.1566	368.49786
643.9149	383.5534
615.4387	382.05093
634.08014	366.88226
633.59607	392.56244
617.36896	372.23236
641.5572	376.4374
619.3275	390.13275
628.6292	367.21796
639.8246	389.95712
720.5532	56.516052
752.9369	46.840027
727.49835	62.145153
730.47107	50.335873
737.3337	54.819763
730.8303	56.257793
735.5381	42.04624
746.4132	67.191414
725.54016	41.446266
752.29083	40.148743
723.67957	67.75556
723.19684	50.085075
751.6404	61.37607
711.74365	58.317364
742.74255	36.39012
739.89844	61.490135
717.57874	41.611786
752.5688	52.543285
728.361	75.84134
736.8814	30.634851
740.4754	75.198105
714.10675	50.185417
739.37585	45.7965
735.1386	66.78932
731.9691	36.03739
745.3835	53.125233
717.23676	65.26246
379.9911	370.14966
371.81866	391.61273
363.67374	371.62582
383.7575	375.91916
362.6805	389.57782
373.71854	372.56528
371.78656	384.0218
365.96396	376.19788
390.8482	373.68042
361.71463	396.28046
369.53702	367.82874
387.92822	380.70734
364.3692	382.77826
372.0487	361.6739
381.11316	384.4069
351.4267	375.3077
386.26483	366.73068
369.81732	400.01123
357.39868	365.72784
384.4743	389.94553
352.98584	388.93408
379.35938	361.25272
376.70764	398.3708
351.89825	368.7997
391.28915	387.32684
355.6602	397.86554
366.13556	360.5044
382.9559	398.20428
353.89523	382.15396
174.86043	38.7413
160.53928	64.348465
155.84541	46.316807
172.36458	56.511696
153.81618	66.02157
164.80919	55.962757
166.70944	69.42405
149.46803	43.31599
182.3182	58.69702
159.44354	73.5244
169.69818	44.503647
186.03043	67.35481
160.44345	54.032997
169.50728	33.16552
173.67336	63.268024
144.26599	49.879147
177.93861	53.32087
145.58968	64.87121
158.0159	34.39336
176.89922	67.806786
155.129	55.805744
179.2726	46.57341
147.56586	72.82769
148.13676	37.35664
185.98526	47.465637
149.13704	59.68626
161.19347	41.34779
166.04372	78.48049
443.57562	376.07224
462.16812	375.5558
447.1209	384.08173
445.87686	369.62018
456.76294	384.4615
434.50146	376.4521
453.83075	379.669
451.05597	389.2833
439.9085	371.35718
464.1185	382.71713
441.40204	381.1418
452.78046	363.7643
457.29037	390.81525
432.58414	384.1082
463.34906	369.00497
444.95917	398.49194
445.69092	362.54086
465.31244	389.40814
438.4991	388.56387
457.82803	366.6048
453.22324	398.20477
436.42343	366.95343
469.02533	377.9292
439.15546	393.60373
714.41797	376.5818
723.6147	387.7638
706.6691	382.65106
721.6725	371.81555
712.21045	386.4225
706.42145	371.18893
719.5299	381.72632
706.5548	388.92194
714.3323	368.48312
717.17	389.0363
705.90063	377.1437
725.2357	378.3115
161.41635	244.76758
159.89078	229.23515
171.5525	240.70032
164.05167	239.69998
168.7418	227.77194
168.01067	234.28496
153.49362	230.56033
178.42404	233.31131
152.73337	245.20508
160.13823	221.52103
174.69211	248.19193
147.48372	232.00691
176.18637	225.17892
157.96577	250.52263
154.22566	223.54703
178.70187	240.60579
149.75493	238.99438
169.89664	221.56631
167.1808	249.94844
153.8	521.9784
170.3281	526.4613
156.94826	535.4289
165.88995	517.9054
167.6864	536.22144
156.57115	529.1677
171.81195	520.4623
163.00903	533.5635
160.2206	521.05035
172.36899	531.69696
164.63576	160.373
167.5222	147.04692
171.31017	169.30585
152.6323	154.95628
180.76913	150.9261
151.79291	168.58833
159.01657	147.28725
168.10121	153.3569
162.70499	155.61655
172.24089	137.83096
162.66368	166.04562
150.50453	144.99675
174.88644	155.72519
147.09247	159.98045
164.31822	137.48665
174.88174	163.3693
146.79698	150.68439
174.53058	144.63206
162.38284	172.3549
159.96637	139.26524
183.18991	160.14404
156.29045	161.97476
165.59915	475.16293
165.01385	485.9344
159.34653	483.1735
170.58354	481.5821
158.5433	490.9068
159.55627	472.15192
171.72118	492.84247
151.61002	485.47012
172.5463	475.72412
164.16997	494.55576
155.35878	478.1044
174.628	485.78223
513.0226	381.58203
518.7718	371.0587
523.2512	396.4167
513.4056	376.6352
529.12146	373.4402
509.79507	390.3325
513.2817	370.78415
524.30817	381.59125
501.5721	385.2553
520.66736	365.5067
518.9696	386.80917
502.16138	375.80957
531.07574	379.98993
505.08087	391.63956
513.1641	364.15982
524.9269	389.3371
506.53247	381.0805
526.6475	367.7198
515.4341	395.4272
505.864	369.01617
534.2051	385.29495
668.3187	382.63397
677.82263	376.58698
680.89905	391.03827
663.51917	377.1896
687.4083	375.9439
672.7301	390.93378
676.61786	368.2724
687.0365	385.56726
671.3007	376.4041
683.3402	369.36725
675.71545	385.75626
668.8893	370.0607
682.30695	380.84937
664.9618	388.29706
163.28545	375.43463
173.3046	389.18597
155.89514	378.429
173.39572	370.10895
162.35704	388.56824
155.11621	366.3112
169.1571	379.62784
151.99345	384.61148
168.27448	367.58975
167.2779	387.79895
152.29141	373.41547
174.96078	376.35132
154.96875	390.12997
162.48152	368.60757
175.60419	383.34198
434.57306	60.938477
457.31598	70.787704
472.87915	100.268295
447.58194	68.62617
458.24628	81.47038
427.26544	99.04389
442.86737	89.14138
452.49933	84.5901
433.28387	71.16332
448.01254	78.638374
447.40488	104.84981
436.02158	54.380486
469.5485	91.2188
438.88336	80.228386
468.64893	64.2559
455.1789	99.306656
425.46564	80.38541
471.51358	76.953514
438.43823	95.43721
450.91934	52.571064
457.97137	91.8192
433.01816	80.750595
467.27106	69.69132
436.6983	101.67906
450.05396	60.36805
467.83136	83.399414
426.81216	86.29036
458.87494	66.51146
456.41376	107.95001
425.4624	70.442
740.10657	122.81329
729.5011	136.50229
732.3077	119.38721
741.1996	134.19315
725.6283	125.93494
738.43066	117.765015
734.6799	133.89554
726.47614	119.91695
743.7328	127.744156
726.4765	130.7714
578.983	372.96234
581.6347	393.11734
572.687	377.41
579.72156	383.54053
572.7148	395.77423
570.0254	372.21695
588.76917	382.58395
561.91943	384.5048
585.94226	367.68924
576.5114	389.15112
564.2958	373.33115
591.78973	375.8216
566.6805	389.9853
578.60815	365.9304
586.8047	388.89502
561.75684	379.38403
585.084	375.66898
570.3985	383.88376
570.5089	365.02505
759.02234	379.1718
741.4585	388.65103
748.56946	371.2433
750.8186	389.7026
741.016	377.11673
751.38696	378.47284
747.333	384.4828
742.1852	370.8021
757.00134	386.26987
740.49725	382.17163
755.9203	371.07303
782.3834	386.71222
770.50793	375.53473
785.5495	379.83572
771.71686	385.02496
782.3214	372.99716
789.05914	384.88382
776.0082	379.53506
788.9054	374.18463
776.8499	388.9649
776.90906	371.10712
170.63455	568.665
154.85751	570.0455
167.73566	559.0689
164.46773	573.1008
154.81015	562.5578
173.42628	561.8677
159.48975	576.0662
161.47667	557.8244
171.4086	574.83655
162.01498	565.63416
172.63287	307.29306
162.72495	327.32504
153.34372	300.47424
169.70076	313.17313
151.28227	318.5366
166.97841	295.18185
171.83182	319.72028
147.71585	304.81952
177.62462	303.43475
159.97838	316.40503
160.54074	297.2608
177.16855	319.34766
152.23253	312.44064
170.83177	301.05078
166.81094	320.49802
157.06772	306.98334
181.40317	315.01382
153.96529	324.211
162.39499	308.14886
173.5604	441.08798
155.82047	434.0153
168.88474	427.85614
161.41876	445.55704
158.0452	424.71613
170.95757	434.8366
153.72787	442.27377
167.71898	422.03754
167.69333	443.54745
153.02817	428.51703
175.52269	430.00055
161.56271	438.33527
163.23622	429.75665
