365.69754	377.06003
365.32526	400.1979
357.59552	380.05984
373.35898	421.78906
384.33264	405.70367
390.40756	382.8193
395.79852	409.55426
374.19214	405.94403
399.44644	403.86237
348.782	384.60626
392.33304	389.28006
398.20526	424.62982
344.42175	392.88632
407.1284	420.33887
349.3744	422.38705
377.88312	379.2215
382.23685	389.3377
355.29688	419.35223
370.94168	365.3277
364.2829	438.7772
352.2066	408.33612
398.2332	394.34048
359.7933	399.1275
359.903	394.88275
371.57806	432.89044
354.68042	391.68585
399.88504	418.0633
364.82614	426.07886
368.54364	369.0108
855.0062	404.90744
845.4362	405.05646
848.2964	389.32706
843.90967	412.18976
835.975	392.98752
852.79364	397.7697
834.5244	405.01022
847.26746	398.82126
854.2622	410.67145
838.73975	401.92474
160.55579	433.3164
157.74312	426.35123
123.94763	398.0774
175.03853	414.86066
150.7982	409.99252
161.83238	406.0617
152.7754	432.95523
150.08041	404.58316
137.14268	409.62445
137.61368	429.64746
159.72383	417.05273
147.45454	420.27823
135.3746	423.50104
143.54648	399.14886
151.26292	439.8709
127.14663	419.58105
169.28712	448.96576
127.2782	435.59872
761.21735	44.716496
761.4861	56.575752
740.2545	59.2295
766.4098	39.13453
746.07263	57.88981
748.6735	29.476147
753.85583	48.065544
727.79047	49.629036
746.8981	38.787334
754.99286	58.367462
740.10046	42.53243
753.6005	31.737106
747.1346	47.43972
152.92	510.40317
156.47351	530.80304
138.28696	525.09485
158.81613	523.9888
147.1561	526.98
132.21548	527.1371
143.3206	515.75745
142.30518	533.4175
153.90538	516.0011
153.62439	536.5673
138.1644	512.5856
137.65366	275.8155
115.30327	276.96283
168.54956	262.53152
168.34114	274.49188
155.1307	298.47522
160.08469	284.63004
133.03717	299.0104
159.10062	257.7658
154.05835	261.7804
119.23763	292.78406
152.96657	282.452
165.9914	287.1191
124.2281	261.8323
156.75888	273.8534
149.69151	312.23627
127.82394	259.57285
173.2279	292.9461
134.48029	289.57593
144.07335	240.41199
142.47975	300.68762
134.67896	268.0253
171.7869	248.2481
631.657	418.02246
625.9215	382.68307
644.7408	395.5881
613.7565	398.5088
632.55133	410.6762
622.3756	425.9178
651.26917	413.71152
648.6926	387.801
607.2186	403.03574
637.72375	395.88138
647.2711	424.78668
633.93835	402.27112
659.35095	397.1935
649.10455	418.13177
637.51935	381.17194
657.7083	403.2326
621.69934	388.53827
641.3771	382.15936
643.96716	410.5777
628.28925	391.42322
666.0482	400.22052
621.1835	411.4275
155.94287	126.87248
123.57522	91.11059
103.67417	81.277756
159.92542	117.173965
178.22255	105.79231
157.87569	78.66118
183.01755	97.26507
130.78697	111.54512
164.8525	70.10369
134.27536	109.22217
115.78286	77.94481
132.39253	92.16506
162.34018	97.72389
145.44662	89.48835
147.27081	121.052475
124.21956	121.90953
148.366	66.59503
131.38206	124.547874
158.4184	105.866844
167.89514	66.56145
115.31683	114.16705
169.10318	86.077194
165.81839	130.41745
125.78068	102.34892
177.54468	88.705086
143.97012	126.92171
131.15164	81.14335
178.62564	113.99457
489.25113	399.96564
517.3445	399.23047
508.87213	412.56558
503.45844	405.41132
510.35083	378.0927
497.96548	427.3675
530.5082	379.31146
524.39087	422.87933
512.6548	418.8084
530.0966	388.3548
520.334	413.82437
516.2205	388.39008
537.28064	419.10703
496.18106	411.6286
511.46606	371.84613
522.0359	407.6315
508.58707	397.1307
538.9054	388.3084
516.06104	429.25952
497.46466	381.5058
532.12177	410.85455
492.84976	388.12463
518.16174	380.91962
503.69385	428.53842
784.5683	392.35858
800.7722	400.74408
779.4776	408.23236
790.05835	399.2335
799.7335	409.79077
777.4313	400.14435
795.5011	397.31314
787.4066	415.42633
792.24695	389.45563
791.3152	405.82956
784.5978	399.6271
726.13855	389.09854
737.3865	411.39673
717.5532	391.88242
741.02814	396.31256
715.41925	406.18518
726.79376	407.19073
730.82117	400.86688
716.1618	398.72913
735.22546	397.1316
722.0878	413.95786
724.5599	398.62524
740.9077	407.11957
409.85635	77.18869
469.54556	108.95333
465.29135	134.81746
435.91534	92.13573
461.93646	93.3011
462.74448	98.7224
416.40884	140.68803
473.3567	91.99922
417.46393	82.05864
478.99634	108.97939
473.59717	120.271286
421.8185	101.783615
468.825	71.5906
477.96313	146.37863
434.22485	70.50239
439.53644	101.87381
436.31647	115.639565
487.14664	78.35386
424.57675	139.46341
454.03946	84.82332
450.04135	114.22494
431.79892	123.759476
459.86133	66.72059
465.8169	127.15761
427.12662	74.36623
469.92783	129.82138
445.4842	125.9127
436.33627	57.879707
483.73077	120.61564
402.93842	104.0708
