344.05878	395.3382
363.98666	401.9455
374.2115	387.2301
378.67557	400.9194
342.86545	388.81033
360.5893	398.74756
362.19635	428.69473
347.7362	365.9507
391.81668	413.07462
345.77228	419.1259
371.14594	375.3924
359.65457	419.2338
352.58734	387.15253
390.78802	392.53738
353.4356	393.25616
370.51343	383.65594
379.9992	389.4262
347.93842	400.79022
384.71164	379.4157
744.89954	91.353714
729.0463	54.1633
745.6634	72.75997
752.9263	63.32879
757.5515	81.867096
768.08466	78.15939
735.39136	71.12173
765.6796	62.986946
730.5156	80.54949
767.24115	46.175262
761.3729	69.09529
738.8546	59.40321
724.01086	65.396454
755.6491	99.30112
721.2442	76.1873
759.94617	54.474434
728.5743	76.705795
575.65125	378.30957
596.5326	406.67975
560.46594	394.92804
596.06537	389.2271
575.13367	404.57925
572.66986	387.0058
589.22784	404.34662
573.04517	417.2359
598.7948	384.49734
582.9907	408.48
581.74304	395.05267
583.76404	389.5723
570.5677	394.98383
565.31104	380.6947
756.18176	401.3542
736.17316	399.95917
754.2511	391.5384
741.37463	410.4776
736.6061	384.95126
765.2871	400.8371
743.45154	398.90747
753.9447	381.68027
749.75836	396.5169
741.7355	389.5031
764.1158	388.57025
755.0122	408.85422
150.46289	52.67821
166.09915	83.73261
127.407005	90.42078
172.13258	67.7847
147.2801	60.91117
148.90744	74.11049
174.66246	79.576805
173.98093	99.46937
143.05637	43.39582
152.04355	89.40884
147.06883	80.76198
168.56604	55.204155
134.75511	80.86424
133.1197	65.906136
162.15814	77.29729
121.76949	78.29078
144.01218	69.21538
157.46243	109.64309
142.40378	466.07404
156.90286	470.18872
145.52153	475.25122
150.26083	461.13297
152.08774	476.2647
145.58122	485.433
171.25357	467.4169
157.66019	491.36044
152.36832	467.08905
158.44925	478.97272
132.53938	487.92413
142.6274	453.2881
169.1043	476.52832
485.54498	393.78995
497.24683	377.05914
495.60043	385.45267
482.6501	366.18497
476.94305	399.09543
459.88715	396.30142
476.5113	372.36032
466.4082	409.2282
474.5821	406.08197
492.5162	390.88995
481.1017	423.0858
470.66095	389.76855
494.18805	413.71307
456.16885	391.09702
487.80096	404.82895
483.06998	413.87262
461.95245	386.32437
495.9793	397.79852
130.86731	372.45682
149.97806	339.20004
157.13455	358.0929
168.46317	359.16986
174.07057	364.86505
152.10788	378.66547
142.46985	344.84213
162.49748	363.51932
149.91214	346.20135
157.09338	353.96042
158.10153	380.19827
130.72862	363.633
166.16034	349.9602
139.19345	366.51813
663.31396	373.69244
685.35187	395.27493
670.5216	404.5866
676.4608	397.7752
655.2455	410.0949
659.7284	386.57794
671.5516	388.62622
653.41986	401.28644
679.37445	389.435
677.85657	412.37012
648.1815	389.50064
690.4313	391.473
662.8822	402.00348
666.9011	394.4003
459.0367	92.44333
431.9839	101.38174
467.221	105.1699
438.43994	118.16777
450.67743	121.93673
466.36426	71.45044
417.865	124.32707
447.296	91.944855
426.86987	122.13969
425.89307	77.86921
469.39023	80.35751
442.25775	134.62894
441.56104	73.84241
484.8834	105.1697
418.86206	84.78043
453.20224	59.87487
472.1171	119.40051
423.38803	61.60512
476.2937	81.148674
462.247	122.74916
453.69147	78.39454
482.93692	90.25133
809.88104	393.1441
826.70605	392.4119
826.416	411.9217
814.8839	386.14758
836.2633	397.4018
810.7755	401.86017
824.7339	385.6009
828.33167	402.28754
820.64404	395.56525
833.6283	388.87314
816.80585	401.14923
156.3139	210.44809
150.89192	219.22737
149.6973	227.97318
165.9058	215.10464
146.46286	237.6711
131.26305	199.93834
156.51472	226.03348
151.56326	251.68025
136.53392	218.83264
152.60849	238.85422
145.53484	244.89983
165.57622	226.0758
125.63081	234.11563
142.4491	202.62968
178.37254	236.8428
146.46843	217.67819
152.81154	199.71388
167.17258	246.45186
