700.381	393.0204
691.7339	407.77075
710.7753	389.2896
700.2789	403.43002
693.8722	395.42142
715.48083	397.47287
711.18524	406.6523
695.34503	387.09827
709.09247	399.65482
684.1554	411.24918
711.63293	381.242
711.61816	413.3086
688.39294	389.23932
724.7398	393.2877
698.2203	413.6712
700.7025	381.9439
718.6603	405.91373
479.52817	400.1412
494.38004	400.0452
506.05634	397.2684
485.4012	404.05453
524.5095	401.0534
501.97052	415.21445
523.88617	390.80423
504.3647	405.4077
468.42535	401.00632
501.07513	383.5031
487.5875	412.0165
492.21216	370.32037
510.6188	417.18222
479.85492	391.56525
502.2248	379.0401
510.52002	388.70367
495.13174	377.457
514.3289	400.32367
480.75748	409.20392
488.70248	392.0608
520.08655	411.2392
487.91153	384.70175
516.9613	383.1256
492.28915	414.0407
465.8017	113.70534
477.31317	109.74825
428.06232	97.37727
446.92328	70.868904
442.06796	118.46808
435.24347	52.136707
461.88657	88.77127
420.71844	91.723885
435.16217	81.61433
447.4693	121.11119
443.25018	103.603294
432.52142	86.68489
434.01025	108.566605
427.72934	71.86693
487.8203	89.61518
447.28705	136.77113
451.77197	87.30958
475.47858	99.15353
417.5537	103.38745
470.6822	78.908295
445.46063	132.02364
456.50113	64.36469
460.364	98.5551
422.95728	119.65648
461.404	75.387276
459.66763	122.658035
441.8356	94.489
477.38794	122.89573
431.02475	144.51347
463.14227	68.628365
747.9712	68.72562
715.20807	83.599075
769.1353	73.91686
776.8451	79.25408
734.34766	59.241985
758.5917	72.70114
725.1465	78.84772
767.5345	54.634693
773.50006	89.6131
755.21716	86.17497
761.1896	63.29832
730.56665	82.16814
743.0575	64.67226
754.7323	95.07261
725.6378	85.88478
747.8464	49.9405
734.34875	97.75828
722.10455	55.218933
773.4325	68.044975
740.2729	93.230484
737.8876	48.323444
746.3727	85.716255
729.1359	63.821686
359.22836	372.40744
378.47604	409.13757
373.5113	401.63754
392.3316	429.5738
365.45905	388.80258
345.69443	386.20612
387.99432	398.54968
360.14468	396.10773
395.36942	392.53455
368.52142	404.51877
388.57986	372.0693
362.36877	378.84647
352.8543	409.27423
387.9888	379.84958
383.82745	414.07806
346.2188	372.6419
390.09204	415.36548
356.13303	419.98602
377.38922	377.74786
377.9919	423.11313
347.83835	399.23773
395.64398	386.46057
371.9042	420.30038
376.50333	396.56024
390.77554	406.4222
343.05646	390.16537
353.93353	401.41278
369.36328	434.02066
377.73022	368.39484
615.0897	391.8323
603.8346	418.71515
622.2911	394.26508
611.53674	404.13095
594.15845	396.10773
605.01776	397.54218
602.7188	405.2918
598.09796	387.0312
615.08685	411.12933
588.6972	398.8832
624.7053	384.43942
630.8706	409.4453
581.8281	391.78
629.0436	386.71222
609.4573	410.59906
607.72614	378.61505
635.0215	398.84317
586.95215	406.86176
616.26086	376.71475
608.7797	421.3353
600.795	380.7435
626.9254	401.54636
149.71	401.033
151.46135	376.7016
141.39531	378.03693
139.32356	368.72528
162.9425	374.35733
147.60805	388.25375
161.38956	353.32816
170.06534	371.70676
128.16814	364.91174
143.03528	358.42615
157.66562	376.3136
135.52939	378.2945
156.91238	359.49652
134.06302	390.12604
153.13356	357.8978
168.72533	387.70053
134.50269	359.9406
168.90948	360.86975
147.2587	492.27924
137.87883	473.8378
159.01683	480.89453
134.21577	491.33795
144.5065	463.9815
149.29106	485.51645
131.77429	475.46713
164.78586	476.69864
149.02109	499.47687
144.3504	470.9499
164.87244	496.42255
152.47307	477.66895
159.79456	465.73712
155.51086	495.70685
144.06155	484.13843
170.43712	479.99396
141.60497	78.045715
157.26959	69.59965
174.58743	103.053795
138.2631	112.1094
166.12317	57.840992
140.94095	66.504654
146.04886	52.644634
148.30942	84.31032
147.56152	103.59381
147.1227	65.59421
152.84341	98.58975
161.60709	89.87841
161.01053	93.57656
156.39825	108.48778
169.7534	54.772224
166.87697	89.03382
127.932816	63.432446
172.00037	83.8586
163.7277	71.98085
120.90542	62.72939
180.3764	92.17015
127.0599	84.711044
151.17775	57.63554
161.94397	99.469376
115.96564	77.95851
178.54343	242.79753
158.26945	232.61555
148.32181	215.78955
165.71243	242.33691
126.64274	229.23544
155.36359	221.83382
171.75044	259.8452
141.66747	213.39119
186.60652	240.75272
147.00058	246.73453
144.49863	208.15463
153.34932	261.1791
135.90205	230.07841
139.49469	233.22713
140.36151	262.1154
133.86351	219.92273
168.60854	220.82458
131.09596	258.99054
167.69623	212.06119
153.36551	276.2455
127.021385	256.16635
151.69458	253.35388
159.00755	242.54317
148.47354	234.84077
157.76834	565.0775
147.41838	575.7045
156.77124	555.51996
148.0896	568.1803
139.63756	557.5183
163.24037	569.57825
138.17586	566.5774
148.24393	552.698
157.50241	575.45776
149.83127	561.1564
781.86523	387.2275
767.0115	401.70773
770.04535	384.06912
784.5079	403.35565
766.8346	393.9766
773.4056	388.08072
772.7775	410.1713
759.8114	396.62372
782.87634	396.09857
767.357	410.7976
774.858	395.1736
776.88306	404.42377
