154.94133	51.21883
123.29691	108.26698
149.08218	89.497
155.60635	118.07552
129.64703	70.38621
174.68578	68.73704
148.63872	118.55928
146.1994	58.95632
167.78262	77.2439
114.6552	91.28556
161.50764	60.217823
155.56432	84.12437
115.49056	81.70072
174.07808	54.259563
152.63782	102.742386
138.32054	65.112595
146.29935	109.45986
137.09254	87.42687
163.51048	67.64126
152.81705	92.03032
142.06236	75.385605
167.39825	101.29564
116.56421	98.495674
163.12433	418.59326
159.50807	431.2942
141.34691	400.26178
141.44771	383.85046
152.97324	412.4536
172.51237	397.69232
136.00508	429.95673
162.62094	402.31326
151.93588	387.41718
146.04321	414.45044
117.482254	399.6556
174.53783	424.0319
123.01762	420.36078
136.43896	397.85712
159.5651	423.54694
130.3888	411.6263
166.45834	380.56882
139.42506	407.20148
127.14132	389.8894
163.28134	394.65524
123.066505	402.86908
770.1885	40.95388
770.1863	65.54457
745.21857	44.83059
751.54083	42.66691
750.8267	70.9284
736.9075	45.39648
758.3212	61.49125
740.5063	56.321117
762.6573	48.279793
751.74133	58.60009
734.6666	37.077915
751.256	52.60609
735.5947	53.049255
757.5882	37.538734
165.94832	264.26553
136.88583	229.65543
157.16313	281.32846
140.72574	269.20227
157.18565	214.92
142.4139	241.23459
133.00557	263.1313
149.29808	233.37349
141.7535	258.40823
123.702225	237.36588
176.36482	247.24004
122.4761	256.37152
118.972755	228.64822
169.94708	240.29868
131.92706	245.1324
150.73721	240.66817
147.82344	277.97098
137.87796	248.00674
180.24576	240.63838
126.39577	266.32376
157.1806	223.42545
150.73438	265.81158
699.1879	404.29105
718.4718	398.48126
698.654	415.31454
699.94666	391.55374
711.03094	412.1071
707.3086	403.97723
711.0746	396.41028
704.02576	412.69907
698.8127	398.81113
717.2389	409.63446
693.39075	399.3759
708.3519	392.5825
362.03925	406.60696
349.53635	389.95587
374.18597	384.7962
338.40448	422.09756
352.62772	405.5523
368.9677	427.27808
352.28522	383.43195
360.3626	397.50717
354.05264	427.69058
363.20615	416.11636
376.06244	408.5752
346.74707	425.11786
361.295	366.28302
379.4356	398.32755
342.507	411.96295
385.55084	385.78928
362.14545	425.53107
345.09653	379.43573
365.76184	390.20856
334.69708	415.04462
363.88174	381.2346
376.14825	423.65582
328.99243	407.79532
378.1933	387.68884
137.97171	526.8656
134.8207	512.933
154.4125	534.55945
137.8744	521.56805
149.62943	513.2324
148.25099	538.5045
144.61288	518.911
164.6046	518.00836
142.39932	534.85925
156.6929	528.80457
158.41745	540.27905
133.54529	534.4083
510.007	397.0335
480.01352	395.58817
490.77945	394.4203
515.125	406.46164
467.53702	405.9501
490.81113	377.06064
499.53354	407.5482
473.5223	414.24356
497.08624	377.81766
480.77997	415.00055
470.38843	388.1109
482.51724	427.57382
474.77045	398.6488
507.69858	378.62177
484.82233	410.96136
469.17584	380.32492
495.08978	425.47836
473.7416	423.2194
496.11725	394.5182
505.5084	414.48517
458.89673	408.5952
503.25253	389.17554
491.4576	418.66284
762.1244	391.36533
770.9545	406.79846
765.7501	401.52704
779.52466	396.25015
771.01697	414.45026
759.23816	399.03455
772.0511	400.4228
763.74133	414.29623
771.2114	392.4615
779.91156	406.62436
758.0153	408.92154
833.9243	389.90424
822.9191	412.56024
823.6995	394.90045
838.3871	403.32828
818.5799	408.1286
833.26746	399.27142
833.15594	412.29547
817.76685	399.2812
841.4689	409.95917
831.1649	406.20023
827.8016	395.11542
472.99243	129.05966
422.13242	110.278336
463.5809	81.05595
425.44662	124.8817
408.07907	82.36229
461.1913	130.02394
448.1666	142.45787
437.60565	79.65675
486.5478	82.89052
445.55453	100.39961
453.90558	54.333466
469.33487	139.80081
406.23322	78.43609
468.16913	118.03667
430.8851	83.37627
475.56265	79.67979
455.51816	120.819824
413.76987	92.60242
485.7481	103.79735
419.98203	136.7908
438.52994	56.156994
478.33023	109.862404
452.4961	110.88706
461.3106	100.87738
408.21796	100.202446
433.71344	73.45316
453.9392	135.2709
435.2146	136.83131
461.24976	67.85786
445.76675	128.35515
603.4066	391.7385
628.1835	388.61087
587.91406	415.97256
590.14276	377.33423
629.11273	412.99072
610.7483	421.942
621.2468	398.99374
616.92584	431.05316
589.629	387.68744
641.14026	403.06808
620.04443	419.28076
612.9823	388.82483
608.9666	415.16406
612.0528	407.56198
616.3014	380.1778
609.9832	401.30603
600.8292	384.86176
617.11334	409.5467
594.23236	404.5413
622.2372	389.48975
632.3068	424.94562
593.4945	395.10806
