664.66736	385.5656
634.4452	390.50607
647.4333	368.43777
652.73627	393.33807
626.7339	374.26328
660.0065	371.93097
644.24066	396.6885
632.565	364.1111
660.31494	391.14807
631.72577	378.29623
644.97754	357.05344
649.9264	384.6922
644.82965	377.4239
665.10815	377.66
638.0399	398.8936
638.43884	362.6729
653.9823	399.24878
628.85547	388.52148
648.7782	361.227
184.70981	259.20087
164.38408	259.72116
147.41698	258.31296
143.99982	243.9524
166.71825	227.9954
171.06604	283.73022
164.15033	249.96448
183.36308	271.29828
149.53041	273.50723
191.51956	265.34677
179.38922	238.38786
138.10565	258.03616
157.20703	253.00784
182.66934	281.1203
148.13986	238.41397
179.05273	274.99115
141.94804	272.52698
175.54521	231.4585
172.43457	268.47842
142.69254	253.72629
189.36934	251.96304
166.66241	283.4805
179.76924	396.7973
187.54105	420.06146
142.72112	418.25098
160.81421	409.94537
157.69644	436.49527
143.64137	411.025
177.40025	421.23886
169.12906	433.59497
159.98338	391.15656
180.84288	425.51456
148.95406	413.90512
192.21097	417.4815
174.02444	436.1115
148.05429	400.5946
182.64587	414.68887
147.161	428.9244
166.67422	393.42255
184.44171	404.87177
142.3115	403.84357
168.27026	475.44687
157.59308	497.66498
160.15219	476.74014
183.94992	475.7464
172.81729	494.44522
173.05937	457.46475
167.02284	498.46176
142.79701	479.93817
180.51132	490.2857
148.47849	476.08154
161.62308	460.4702
176.49458	497.514
151.15518	472.95157
175.47922	465.49326
160.35143	501.7771
164.45016	482.59747
758.5317	73.091
713.9835	61.570698
731.9244	23.033344
738.9742	73.74267
735.07324	35.144188
742.94995	78.30202
713.9834	81.741516
742.8646	37.938236
763.4735	52.132774
726.76697	32.92237
763.6261	62.553383
719.28143	71.548416
700.25885	55.095085
757.0397	35.061607
705.6069	66.41106
733.7378	17.285463
755.7809	59.392914
738.2285	61.328663
760.76984	42.41044
733.6577	78.201004
714.1317	37.847435
772.04193	44.90258
704.9456	59.357227
752.3539	33.001213
751.14197	73.24443
715.4179	23.943481
175.58739	538.63617
155.96039	552.6666
162.78046	539.0829
177.87874	542.7207
151.1142	546.86145
177.54184	527.6315
146.58578	543.0044
148.78099	532.5801
177.03946	550.61755
174.9488	554.5053
158.63968	522.3327
178.93454	533.1745
165.72787	524.2999
180.47818	547.9431
468.3314	386.51968
456.51987	360.56012
431.5511	373.2942
442.64072	395.60138
474.3773	386.53247
452.1163	377.80573
452.48553	357.8283
477.29727	377.52426
436.8078	387.58148
426.59927	380.5836
459.34146	400.9927
439.16333	379.03436
460.9232	354.3678
452.26935	400.0826
443.27286	360.58832
479.7225	387.73364
437.2941	398.93878
463.04156	360.6548
473.19928	366.68896
433.52646	364.98358
471.89835	362.84546
445.28937	403.83307
445.3731	356.0151
470.56683	396.20932
432.11002	382.26947
471.01935	358.26984
599.5459	392.80582
569.9546	390.37958
589.3975	385.8377
589.755	394.68353
596.27216	367.10907
605.6534	395.20313
592.68256	362.82028
575.42926	377.58926
573.9506	385.9337
574.3004	370.21375
602.2057	369.65125
569.4403	378.41672
603.21423	364.09647
587.67285	400.4595
574.9103	362.81296
609.1479	367.1261
590.4402	377.6458
586.0578	358.13492
603.8443	387.56155
581.964	388.8851
544.13934	381.59915
503.23502	385.33472
530.54407	360.89966
536.828	395.3969
516.7884	367.97574
501.5041	372.4087
533.31055	392.3171
530.61383	355.5134
550.0072	380.83185
521.2523	387.8056
519.49524	357.3604
538.776	387.06714
509.67056	382.50278
508.34808	369.37433
537.1126	399.8188
511.03067	375.91718
546.9752	365.3806
504.9139	394.77264
541.6328	370.6633
544.5487	397.96805
504.52783	380.44284
540.47784	360.36
512.0494	396.35205
506.89786	362.24915
827.5835	378.19113
813.4846	382.20932
825.90247	365.4594
829.32666	387.38898
824.56836	391.50888
823.03107	375.24066
816.6277	388.34723
835.28796	369.21002
836.1035	384.30295
811.9855	376.06113
838.41095	377.7305
832.2833	391.93848
814.9347	369.1381
501.70184	79.29379
413.5567	110.40037
430.72662	46.218307
478.44366	43.926834
427.14713	108.30776
435.42667	42.75813
427.11685	115.74092
404.95087	101.64375
438.89517	118.47898
411.6656	69.92654
451.3423	39.490932
487.25714	81.258804
424.17523	46.51896
475.1874	51.151043
415.2688	95.03183
469.07544	121.00127
478.92218	110.32188
422.97867	110.23155
491.53802	85.99021
476.57666	102.71611
467.9721	44.00185
483.01788	53.7665
403.4818	88.31146
464.76172	38.103794
412.20673	97.20562
409.90234	83.09747
485.77792	69.397415
461.94052	115.51591
441.46768	38.22631
464.61835	119.58882
350.35327	373.46356
393.01266	385.58694
348.63785	399.71478
354.35126	378.35663
362.3532	397.14874
374.97467	364.49863
361.899	359.73114
392.74176	391.61282
351.5473	359.154
396.65094	382.32117
374.55328	402.90164
381.6345	354.9669
385.18896	390.78925
345.24963	382.9046
393.35553	357.27036
378.3614	391.05545
368.4779	387.23355
389.29773	360.29486
364.1229	405.91595
371.1174	352.55048
401.85602	380.38617
343.50238	369.0345
398.5895	361.63245
385.96243	402.87027
360.67233	352.50305
401.04413	373.1399
353.36316	396.3437
383.41876	372.20404
374.91074	409.68085
347.14142	367.94498
793.26746	370.82217
779.8049	384.39832
775.5479	368.83502
800.95	378.07904
773.3763	375.16238
796.5196	382.70038
779.4037	391.7498
786.32654	377.80804
785.30786	391.95132
775.0334	389.4575
786.01447	364.9688
793.31903	391.78305
780.8038	363.58737
797.1905	368.1142
131.74998	64.69497
182.00351	28.54353
155.43962	42.072887
161.53769	27.944874
203.52661	56.649345
181.62709	82.75316
124.85425	48.084877
194.69717	45.52742
138.88438	50.017296
136.59459	38.47759
168.73006	89.28545
166.83624	86.34323
173.56628	31.152218
177.76251	86.093216
149.085	55.91506
193.17119	54.84682
121.15967	66.925
169.65234	27.948162
166.59833	58.155525
145.22044	81.070854
167.59415	19.6332
167.36191	66.95298
129.47144	58.10429
197.53712	63.37971
143.4794	85.11678
178.2397	26.87679
152.19917	96.08678
153.49113	28.87273
187.39098	84.32201
140.18654	71.54097
748.8832	368.88333
757.7643	369.33527
733.69446	372.19507
751.8488	379.63763
735.1046	390.87262
744.4307	364.32153
745.7209	383.2166
730.071	381.10226
742.395	378.09894
745.7493	391.8178
727.0244	377.10074
753.3069	365.88348
745.58466	395.6639
735.2847	367.69617
756.6206	388.59967
693.9094	395.5506
709.28735	363.0527
698.63416	390.90964
683.77094	368.3595
694.83923	367.02237
708.3599	383.8346
712.96204	372.8769
702.43744	364.74286
686.6622	373.80414
710.08325	388.955
702.09924	370.68326
693.75446	359.597
708.04785	393.0926
686.1419	393.162
714.2047	381.0268
699.9609	396.51755
681.9259	377.53775
143.22958	344.03314
165.27827	360.58344
154.811	321.6552
188.24832	345.2164
148.18411	328.30862
179.3884	322.49826
141.75723	335.9752
172.83737	318.7586
183.25955	349.47272
151.04013	357.84256
181.371	344.80585
180.90775	354.44977
160.45306	355.8139
190.32928	339.3202
167.6539	364.09882
148.12453	321.68655
187.01846	323.46085
137.52344	327.7784
172.44266	325.43076
152.0909	349.5674
123.202675	164.06363
170.70508	195.20998
164.86227	193.06345
139.9997	161.35263
183.5983	188.63022
163.38858	138.45694
135.9215	155.47131
156.42363	190.97276
153.67685	153.46127
192.6512	159.34961
152.7203	191.37451
172.24323	147.68794
179.18529	186.0906
147.78494	190.14937
173.84355	134.75851
140.49518	173.22946
185.83513	145.76949
188.72205	161.93326
152.9177	143.47166
173.95834	140.6174
139.7201	181.56342
154.62038	140.49928
191.22539	180.48512
169.06915	132.56387
190.80367	154.33934
146.9869	176.85257
