602.49176	393.25983
602.5664	372.11395
578.6366	374.39075
591.75574	383.61606
580.97345	392.1008
586.6068	366.83405
593.6684	402.77704
581.5603	364.36374
606.52295	379.08627
572.32074	384.13397
612.00116	376.1481
599.13007	400.16818
573.57025	371.53986
608.46875	389.08856
577.39233	396.4456
593.90826	362.27615
607.80695	396.7823
573.0082	377.14252
597.9957	360.18063
133.6935	68.486885
135.68619	52.343952
186.41412	53.08312
149.5527	86.145805
139.38199	35.22532
176.61424	88.8337
168.90353	85.96775
149.25731	93.88451
140.49359	88.95028
151.3316	28.899261
182.56662	80.26839
137.77785	76.864944
149.58138	37.567673
145.14445	48.37178
167.66246	26.70824
191.83482	48.46959
159.9279	91.86891
170.3451	23.422462
190.13876	64.73854
127.65819	80.601524
198.6204	58.39784
195.0776	80.710045
133.85168	60.710075
193.48584	57.246967
128.37137	58.94343
185.59875	35.842403
197.65166	66.763084
149.51392	548.26953
174.39825	544.98157
150.67708	558.0291
163.17049	547.6595
166.23238	564.22437
160.30978	553.1499
149.57925	543.1415
171.87831	557.50385
161.99274	537.30896
175.79912	552.0202
747.0291	395.9225
750.8813	379.7825
751.22687	395.98688
739.37854	375.9085
759.62396	371.97998
754.0731	390.2316
763.7688	384.91083
760.00006	391.6848
737.9938	385.90576
751.6836	367.32495
742.2811	390.62723
744.04346	370.30032
729.7104	79.57463
746.72516	80.887505
723.2826	30.48373
706.9722	43.554745
736.36945	26.21522
755.27704	43.738243
712.30945	54.535522
700.37524	63.28966
768.46967	68.13774
707.3958	69.819176
756.4315	26.846481
765.1107	56.50875
703.6986	57.159935
751.2651	37.31903
710.29156	74.59726
758.0178	35.827736
752.9713	79.8704
746.67993	63.96637
766.32043	38.365795
712.0796	65.92522
707.6227	33.0138
763.2706	47.43809
709.77094	61.48468
726.18823	23.760563
760.92365	75.08504
447.2216	399.48163
453.43756	377.383
452.84448	384.96133
440.96616	363.53036
471.81104	384.1704
429.68726	383.98148
466.63852	357.45462
457.78378	378.93674
439.50616	370.7909
479.1757	386.74072
448.9975	402.2956
463.15714	368.3071
435.0106	400.14417
435.52948	377.62286
477.60986	378.7257
458.11237	407.00275
449.66788	358.80966
438.81378	356.63934
442.32446	400.8674
460.45538	359.15906
468.3409	398.70947
430.61963	368.81464
476.60654	395.62112
642.7992	398.02576
639.26843	372.61945
665.66693	388.3937
647.9992	371.1567
646.1053	393.6508
632.49634	377.55862
652.1187	360.78818
668.73193	383.03925
654.11365	401.7642
641.72437	365.3415
653.97473	397.39154
636.05255	370.78165
663.5951	366.17255
665.8234	393.82062
638.6317	379.22122
674.0857	381.015
636.6117	393.0744
656.505	366.69904
180.49979	191.7563
134.58476	176.16428
191.89926	162.3442
150.67003	197.77225
186.21382	182.94083
189.1041	170.83247
184.53285	165.21686
172.74246	141.1697
151.94743	187.05911
154.36076	146.25404
182.49258	152.47661
139.41237	153.64336
159.89413	142.73657
193.25943	168.90639
144.59189	146.59338
178.76108	145.91745
144.9533	191.7913
147.49515	142.68237
165.98364	191.52069
143.77946	185.0212
151.00856	138.45473
151.66527	192.40097
133.63693	165.7571
796.64655	379.47247
786.2162	394.5988
779.9387	375.06534
793.41296	387.3133
789.54205	371.20636
795.83484	371.24744
797.2963	390.6131
774.6828	377.83063
785.7836	382.98233
775.9326	386.5589
360.70074	402.13715
383.4745	403.54663
352.79962	379.77643
355.61078	390.90485
348.30182	400.90472
371.1064	370.35135
382.29654	381.22046
343.913	392.0006
398.3561	382.56763
387.1717	363.78085
353.1424	356.63602
392.29144	363.78802
345.78717	361.9165
376.46564	353.6555
402.47272	392.96808
348.00507	394.9278
402.65244	373.29388
385.7712	368.13507
372.72452	353.3952
395.42694	391.31732
363.36304	385.2644
393.59937	378.92108
392.404	405.3615
344.30994	373.36035
380.38873	357.2968
355.09055	407.12057
356.8308	356.09747
367.956	408.3569
714.22723	389.6496
711.5768	375.35602
702.56226	396.09512
690.3484	377.83536
722.8101	370.8813
694.76843	386.35223
708.84534	365.94617
713.27814	398.07816
699.1375	365.5556
722.549	383.80255
696.23254	392.11676
697.62646	372.07443
719.966	390.97018
687.9752	389.8841
716.11584	369.2376
812.1886	382.23627
806.5123	380.30392
818.76904	389.8226
809.26013	388.85977
817.9867	369.94717
831.33105	383.70123
819.804	394.05646
830.6846	375.90207
829.31445	387.63358
819.6268	378.57797
482.38275	51.462658
404.03378	92.700455
477.4025	48.736603
454.2858	123.76585
423.8081	55.806694
489.46182	53.632576
439.10825	127.8558
411.71857	56.22365
459.64288	121.46755
412.40414	104.48911
465.72134	41.6625
466.2915	56.112263
484.261	45.32104
491.31793	94.901474
437.39984	120.47166
423.05377	84.6357
481.29364	113.05857
432.21744	47.89629
486.30377	101.33192
493.65372	110.81847
458.3373	44.99844
489.12296	65.26495
424.3099	123.08286
417.1476	52.167244
419.72794	113.64591
435.4375	28.511261
498.72784	94.039505
457.43945	70.03221
441.3366	37.260933
170.25589	443.44467
142.57964	420.44287
179.34727	429.42676
178.002	414.01938
147.66629	406.86823
176.99788	438.15048
156.47575	442.33527
175.75914	405.28708
181.89822	438.82257
150.5488	417.98495
168.56157	408.60126
148.78561	444.229
153.56055	407.54697
176.32462	446.5209
143.1621	440.3527
185.8581	423.2151
161.69482	447.10162
148.5446	239.80415
192.41011	256.49292
154.93733	285.73306
173.93253	237.6398
143.12766	281.97906
174.0736	280.5843
183.23116	248.21391
137.90921	266.03342
158.07999	236.2008
184.20615	275.347
135.65973	258.22577
166.20685	239.82834
181.85031	280.1796
141.5684	252.83318
182.6077	271.6826
166.4114	285.12454
145.3433	275.26813
141.30965	260.67535
145.38745	245.14754
169.32227	267.7584
174.63138	368.23218
139.03568	355.0852
178.94632	358.36224
145.87987	355.16693
184.27591	340.90723
148.95888	366.89365
140.21274	333.99936
162.74577	346.6814
167.24525	370.58575
149.74084	346.45746
184.54616	345.10587
145.53526	363.66217
175.87973	329.26132
154.68555	329.762
145.84552	328.85483
187.259	336.17572
187.51456	358.1113
153.60959	323.6927
168.16913	362.9162
159.85571	475.39023
154.67673	484.71777
168.09164	513.0738
164.1482	478.59488
176.40085	490.78107
144.5547	490.58838
146.34262	498.42633
176.98608	510.73477
148.95547	483.0882
181.32127	500.05176
150.47366	511.54453
139.56302	488.96307
170.09523	475.04956
162.79807	515.54425
181.28806	488.53217
531.3158	406.69437
518.215	361.99017
541.9829	381.1706
511.07343	393.75912
514.7603	371.27942
545.03186	395.60968
520.93256	399.44968
547.517	375.76917
529.3219	386.9049
545.4459	372.64386
549.726	379.12216
503.29028	393.58594
532.28625	359.6524
513.3681	400.23004
507.42365	367.28073
537.3724	365.2508
533.3177	400.3321
521.83966	358.88055
546.29584	388.8768
504.29156	375.96848
531.1029	366.61102
