726.8446	376.2053
699.9417	385.82773
699.9579	380.5096
720.90234	379.2309
700.18445	392.03458
721.8205	364.8174
712.87805	395.84708
716.77423	365.52548
726.9881	387.43463
697.20337	365.73767
717.6216	357.1294
717.34	390.76874
700.63043	370.58264
730.45715	373.0157
704.96564	392.2934
704.971	363.7005
720.34186	396.66882
696.3901	372.91428
548.8246	369.88742
511.32162	379.46332
535.79083	359.6183
534.35315	390.84143
505.5379	377.81165
543.8002	375.73788
538.6808	400.0386
513.1718	372.35928
542.004	397.40863
521.1727	396.1855
545.56213	358.82956
547.14954	379.08832
509.23993	388.60834
522.54803	356.08685
533.86224	401.2458
528.99524	376.44952
551.66785	377.44824
513.4027	395.06622
515.75684	363.56775
552.38776	365.8868
507.7172	369.86014
543.3309	364.74573
527.83234	399.86243
510.42123	365.89307
552.4509	383.6345
161.47348	415.59967
158.18814	392.47144
166.98613	411.88037
148.34274	413.47696
185.97379	405.07086
165.76627	429.23822
172.46909	398.62576
186.98593	410.65204
151.20929	426.5246
164.71703	390.67798
167.1997	436.24677
152.54251	394.35468
185.19337	419.1837
160.557	431.86273
181.74475	398.9767
147.39752	428.47308
145.78012	400.30853
175.9935	432.0123
161.71562	438.14957
164.2302	479.914
179.51962	481.80435
156.38339	491.81885
157.95651	462.65512
180.91817	470.14056
151.47096	466.64267
165.31253	457.72403
147.78429	488.64838
159.68703	488.5219
176.40036	493.81104
149.97986	475.7657
180.59502	490.93002
175.0452	500.91022
161.25192	457.2041
186.84769	491.13754
152.25789	497.83627
167.65701	466.17242
475.7964	113.9402
410.70313	68.398254
444.56827	40.057755
436.56372	112.87949
415.8121	87.45481
489.08365	77.22974
481.08893	60.64201
464.89542	43.71685
406.91257	91.5768
406.82065	102.45335
493.3947	63.295616
464.88437	71.48012
419.23746	42.880867
416.46753	64.56619
409.89227	49.89157
477.19394	102.49115
415.8397	119.03436
418.1647	51.76173
436.8736	63.653362
420.70865	111.65332
458.01904	114.62987
465.25665	127.10846
448.61963	32.106224
486.23663	91.735176
429.0543	116.06703
413.54337	60.62146
482.54327	100.78509
442.17743	36.740353
448.38916	28.43891
469.52936	113.12535
593.68616	370.22534
598.0148	384.59998
594.625	399.5275
604.1737	358.8753
607.8562	398.32935
578.0504	373.22934
589.1903	364.0345
598.1995	377.37576
617.06946	372.25845
612.3092	394.45047
583.1051	393.3425
587.54285	358.46704
607.4499	380.4344
574.5084	371.1861
623.5755	387.79095
594.2456	384.6773
600.203	354.5552
605.6845	365.61856
590.92676	380.2016
619.7751	379.00467
585.1294	400.24652
583.5702	365.93814
615.2696	387.47894
136.53981	67.64516
168.83665	37.21824
198.47765	48.65156
141.49583	73.03313
193.09837	62.08434
131.91898	41.795723
183.79863	70.49602
165.01874	76.03286
164.2468	43.59924
193.11826	41.698475
167.08627	83.596275
134.72305	51.51957
174.88835	34.344906
159.80547	86.80561
162.44168	28.988525
198.87381	54.449715
139.1229	30.632217
195.12411	71.76157
152.93947	42.975285
148.31442	23.248566
185.34192	81.621635
131.09987	60.298786
192.35132	32.909706
172.32442	82.195885
141.78735	40.462433
174.54602	24.781464
154.28644	85.256676
154.9521	20.87118
192.65324	85.261
140.55658	343.8419
184.21863	325.34283
141.43457	348.0263
159.38179	318.24704
171.3646	349.44623
147.1138	348.98407
166.07143	325.91034
174.18938	360.92288
145.75926	340.85712
185.90002	347.5326
182.32643	333.385
168.16327	319.57144
181.71028	351.6265
145.98294	328.52948
166.26744	314.42108
146.77203	357.58795
186.29669	322.25955
188.39278	333.15497
167.07689	358.5647
153.92714	355.32797
744.0687	35.934776
707.6781	44.599865
727.50946	62.221474
737.7383	43.62379
710.7074	30.19069
754.1127	41.936752
721.1843	77.706635
704.78406	70.21666
754.9709	70.67519
705.75696	37.902317
737.5266	21.909199
700.5144	60.297203
729.9616	25.658773
762.3466	68.417984
720.8832	68.40196
753.2601	28.03448
742.5862	82.62421
704.87994	55.317467
751.1327	82.951256
718.1974	82.931404
750.25525	37.270943
730.5547	87.276985
708.98724	79.50803
757.3641	37.172962
760.7108	78.48357
716.61346	27.610254
760.2889	64.1766
704.8587	28.041662
766.35535	63.510384
149.1899	269.71225
153.93526	236.03584
185.40118	241.26643
161.03517	229.27974
176.3127	235.62996
183.18198	276.23535
138.35342	259.56195
161.7063	247.77461
160.84128	280.92783
139.4185	246.79655
180.90791	261.84027
141.56021	267.71985
168.49927	231.39632
152.07657	281.61496
165.20734	257.24738
189.4442	263.83273
146.88608	276.7392
142.45114	237.23775
187.28543	278.39594
176.00371	271.59747
180.29135	230.58252
175.62146	279.09033
146.33168	245.1197
191.77382	250.31355
177.6998	540.04126
176.26813	523.54846
172.73788	549.0419
158.45522	538.06116
182.53163	538.9144
155.78732	544.6354
142.16104	538.0199
178.52153	529.93585
153.81363	535.66614
161.98393	528.6882
148.97517	533.32007
152.88835	529.9653
459.702	393.0249
433.01813	379.52237
443.2072	390.23566
454.07465	381.80707
456.0428	371.35825
467.94742	359.86176
456.9127	405.98532
441.3959	371.42297
477.1534	389.1828
434.15146	397.46454
427.5821	376.9761
468.9439	396.20557
446.67764	357.72977
459.49628	357.38638
438.9912	393.4369
440.48553	354.32028
471.74097	376.57886
430.48526	386.10562
458.608	350.5237
447.93564	400.84344
437.45126	353.0589
472.59506	368.3639
469.08698	406.0666
448.65576	349.363
483.56168	392.9759
438.43237	363.9713
480.09067	377.94415
455.9046	394.20892
357.20502	358.582
398.04416	376.84418
353.4487	357.34134
398.25165	366.31747
376.32144	407.4807
353.3536	365.70807
392.2884	371.93768
365.80542	385.71112
396.1326	394.33557
383.31638	399.71774
355.01883	377.86697
377.40564	370.49957
372.60858	397.3437
347.32297	371.42606
398.46176	385.88092
363.77658	380.02322
370.19058	356.3023
391.97382	395.26196
346.9709	395.08258
392.3005	356.6954
365.7132	401.15155
362.16934	361.69748
384.6823	383.77448
359.954	403.5916
377.01602	350.56976
363.50436	408.5427
364.65604	348.4511
405.15805	378.62183
351.4392	395.6286
362.6361	354.00153
769.2415	387.80145
748.1106	372.34357
761.62225	375.46606
755.39734	392.0591
747.48785	368.184
771.54175	374.48474
764.41223	391.3177
758.54706	362.8115
746.2904	388.62238
743.85126	384.4296
773.8433	369.80267
748.22626	383.00247
753.7754	365.53522
773.4973	379.6258
758.76306	380.63202
672.60583	375.907
665.9996	392.77643
653.1876	364.46124
643.08545	388.2004
651.3517	394.29834
667.73346	366.3296
665.34094	399.9333
637.8276	368.9926
674.3402	380.40018
670.6431	386.9227
650.19006	382.55737
680.58386	380.4887
640.4071	377.02777
660.0845	358.97827
641.4143	382.47116
644.9442	364.59763
672.3569	363.74518
655.9275	396.75897
649.0787	357.94977
677.5336	387.10007
784.1695	383.30295
804.0568	368.81622
793.5366	388.58423
789.8446	367.28314
807.03845	383.1916
788.0807	385.80472
797.03174	367.34787
801.1261	389.0833
785.3083	376.3622
798.3231	376.11734
798.5421	383.6192
822.7013	369.10562
837.3576	377.5658
837.03436	384.37018
827.0241	363.35867
824.0671	388.65897
817.24915	370.03235
836.7577	372.83734
818.84534	386.11652
822.45056	378.20108
829.54034	389.4036
815.85205	381.88177
192.47536	167.94499
189.27182	157.95596
150.47566	139.47447
173.42305	127.5789
144.79309	179.59851
158.92685	149.55606
157.28757	187.45967
144.25919	146.73824
184.34647	144.03964
150.69992	190.5337
182.36896	135.9709
173.04904	163.32567
159.78087	129.89757
158.56966	178.58742
171.7301	189.45686
134.31334	159.1188
185.7308	177.30338
194.30122	178.37979
165.93521	129.68039
180.97299	186.24426
154.22585	153.88521
195.91249	147.05933
152.4251	183.26416
156.117	133.50867
194.21196	152.10213
134.83519	171.53441
170.44351	136.52869
