616.25903	368.30948
611.3585	397.76648
619.6349	388.6219
604.75073	381.86557
589.1633	377.10944
616.5251	377.37857
596.65564	403.21686
596.433	369.19885
624.12915	374.65845
595.60284	397.8166
600.4662	360.16602
616.32336	399.76987
589.9652	367.44125
623.59534	393.1967
605.5149	400.8565
601.1538	367.28296
609.71155	404.89154
587.552	388.77927
620.2938	359.5188
755.6485	391.51538
740.51605	381.7996
766.32043	383.13864
748.8876	393.4677
752.1461	373.0937
759.8778	395.98166
746.8638	372.17743
763.02606	372.4031
742.70276	389.93658
756.842	368.05844
765.9394	389.26877
745.9931	386.3393
465.89658	368.2257
440.1931	393.4894
459.54605	358.94626
449.63116	400.80786
446.63885	363.66168
439.3773	380.93808
479.90448	399.90607
459.99487	405.9433
485.352	379.50873
462.8645	376.88855
456.817	390.8537
436.73062	400.3258
434.5333	391.60968
430.87296	378.18793
485.7752	394.13513
450.542	353.96094
482.07172	370.3696
439.67108	404.9638
479.19687	366.7586
483.0772	387.80023
443.42847	388.9439
476.52768	358.0074
473.64764	405.64096
435.84848	370.5685
454.0019	410.45087
432.29095	383.81616
455.06436	353.32672
146.69412	411.73395
157.22815	403.2585
171.46902	427.41153
159.59177	437.77472
153.99747	397.62366
177.76143	406.98996
151.24977	433.77896
175.18681	402.22226
181.1606	427.60815
145.2647	403.29755
167.89847	431.47235
166.37546	437.60416
164.92097	397.45557
181.38794	422.01865
144.16823	427.37012
182.19862	402.19382
140.30031	80.30923
168.87811	27.813364
148.00294	29.056107
133.79909	64.75111
145.22482	24.728025
171.51976	72.843124
130.16553	70.76276
193.96521	62.012604
172.7852	91.01153
146.81436	35.30564
179.7494	81.62277
145.93713	89.29544
185.51909	37.297935
162.88559	88.31246
153.62973	87.316895
198.01921	51.797203
161.5415	93.672485
179.87698	40.9185
182.9631	86.40745
134.8685	53.6726
189.45079	84.92555
131.03484	76.739784
141.2142	27.79684
188.36583	40.580738
130.25131	49.514927
164.5103	23.329865
176.80734	89.770676
129.25253	37.501892
190.95012	147.12607
151.51862	198.33432
143.07803	172.153
189.23994	165.82472
149.45314	161.39395
146.61734	143.67632
165.26791	170.45883
130.70103	166.86331
135.5383	164.6478
163.58852	192.72122
169.16315	140.58313
184.06345	188.24338
135.34578	175.75224
182.28458	152.47205
169.44083	198.84837
154.74744	138.88792
188.0902	158.32419
139.11386	156.41925
183.42043	168.59932
176.68497	194.77792
145.40541	148.69289
181.42429	182.83133
128.36185	171.64832
163.77328	236.38632
178.10587	283.51242
136.1672	251.94687
173.98566	237.36958
168.5762	267.3084
159.00337	246.6591
153.02278	283.278
132.99606	267.94806
177.14906	249.79321
186.63593	268.91968
141.54129	244.61324
190.60373	250.45671
173.6336	284.38846
182.5096	248.01208
172.7861	270.34192
160.88513	257.25333
182.80724	241.08488
150.84642	290.5209
131.35715	257.92075
184.69754	264.15912
146.4265	280.0885
445.0124	70.766754
458.80597	82.90055
476.386	54.749737
486.2431	53.599983
419.41718	111.460815
425.32626	47.84017
401.2593	93.2426
423.1049	119.00037
462.66293	43.257645
440.778	137.49286
409.40817	70.107895
467.5816	38.7282
449.8452	130.81949
480.002	51.324627
476.44672	107.95286
418.25366	109.11814
453.12564	38.0031
487.31696	105.774475
408.36517	61.77407
451.53336	122.34902
412.2475	101.383385
444.32535	43.16712
465.26767	120.44047
401.0529	84.48548
489.3697	89.99122
404.06866	99.72069
441.98383	37.696037
492.97958	74.48532
441.52686	77.80824
493.95718	65.26562
148.72694	538.9418
158.69174	530.28375
175.63823	541.5857
147.58505	529.34955
157.9923	519.3358
175.42209	532.66943
161.35135	536.2379
166.32599	518.7597
157.78534	546.2438
165.50903	530.14734
168.83026	544.5968
367.47144	410.0516
387.9527	356.94183
353.1335	387.32324
358.24054	353.63904
379.5733	358.2809
380.92593	405.6457
390.23462	392.9865
346.64178	390.20267
372.53867	403.37848
394.98932	363.83203
361.73938	407.2813
380.7647	352.56882
382.9762	396.48822
339.35544	383.28445
376.70804	412.5355
391.51993	410.18832
371.60715	398.37836
388.645	380.21933
355.89502	405.68112
344.66995	376.19757
397.06168	387.13403
357.22333	362.5414
361.75684	358.28934
390.5307	399.6497
349.76007	363.78278
381.83264	362.614
347.40265	396.96097
368.85837	356.69223
397.29327	399.91534
713.7488	381.78802
725.7971	377.73047
713.9144	396.0836
703.52246	371.6358
724.75867	370.43716
701.8076	385.36038
718.5568	366.33478
700.8063	394.37286
697.5293	390.41806
725.85657	387.19458
707.82166	392.5334
714.04034	370.32162
725.04034	392.05792
699.4984	379.85925
147.38103	329.50787
152.68294	359.73825
174.02695	339.64594
166.32932	326.21298
144.27939	361.41876
139.29701	328.34384
179.6453	326.12027
140.02766	347.75446
185.47383	346.31143
166.09999	365.61896
159.8082	321.5056
179.67139	365.6677
178.35458	355.169
174.90071	328.89166
170.5911	364.76465
139.64117	338.62607
147.24109	335.02484
159.40897	363.73102
682.2174	380.1938
663.0391	400.44354
646.27014	381.71558
667.57404	367.72345
645.957	386.76227
651.89667	369.1087
659.0475	367.76163
678.746	395.11368
651.9129	390.04474
678.0441	385.14355
662.4186	382.44495
673.49713	393.97137
667.7352	396.31116
666.80176	363.01508
676.5215	378.2418
653.3492	398.81055
677.2689	368.64297
164.09251	492.28442
143.47354	475.02338
171.94066	464.68326
148.73355	475.97943
155.26753	464.74487
165.41058	479.97232
160.9097	477.47476
177.75919	472.44
164.87671	501.4357
146.01564	462.6557
181.9481	480.44342
149.6544	497.7724
153.42061	492.88956
166.5333	495.9239
813.9009	388.71625
835.72327	379.87302
819.0368	392.28375
823.5993	378.8635
825.8092	384.08112
815.6324	382.6812
825.98895	371.54846
831.1844	392.84714
820.56836	370.28918
833.76447	387.32416
784.5711	389.82495
791.1381	374.2811
780.3175	392.71793
786.9415	370.27338
802.22034	377.3469
794.78864	394.14822
780.6095	376.19556
802.53186	387.70038
781.17993	385.77145
795.70404	369.48444
793.1501	383.34338
517.4561	376.64227
563.6248	368.76276
531.2023	405.96747
553.9437	356.81277
555.28815	390.22177
523.8181	371.11407
532.52405	362.6827
545.9264	398.96393
519.6656	365.66876
559.47205	391.7801
527.0141	403.15326
537.22943	384.21307
556.6385	401.43045
540.12244	371.59088
561.1877	376.7523
513.8472	388.48224
549.9033	363.54892
545.4194	377.29663
520.86145	386.60733
554.5221	368.83984
532.4013	398.33282
542.58105	358.14642
562.37634	388.25604
716.1785	87.419785
772.15027	65.77014
762.3511	59.102684
725.7863	92.73683
756.649	42.428474
736.3069	30.968256
751.72186	29.411747
752.855	92.715355
699.83563	70.09365
739.75336	38.665157
731.77	92.680504
707.8351	44.341454
764.9556	79.773056
739.54407	44.56859
709.1819	33.24317
737.5256	92.844284
724.4999	50.32067
765.3752	43.279987
759.898	81.30434
730.7168	29.208836
757.6124	30.587027
706.0624	74.90614
724.34436	27.478031
769.1176	52.24643
699.59436	64.23054
743.0263	87.94606
753.88086	85.95238
774.84045	58.222603
