178.12122	171.87825
155.65366	137.11029
179.10059	131.48923
142.55368	149.33763
140.84244	142.10043
166.8338	160.57083
183.97394	152.52852
149.9831	126.40861
183.70818	129.60359
156.48822	159.08818
181.02045	116.86239
160.52013	177.9495
144.33371	136.444
186.17384	160.57358
140.90201	158.48233
172.79922	121.3268
187.28946	164.91916
145.43729	165.58775
190.5392	143.53403
173.55501	179.85345
167.72765	129.2023
196.79637	153.28142
164.96729	172.51068
163.43576	116.26027
187.46933	169.22739
140.08525	130.04462
178.08757	123.68345
641.7235	385.72192
640.7877	369.9609
659.2872	383.85672
628.66644	384.81317
665.43335	369.75986
653.90027	398.2646
628.58746	372.7608
655.2693	360.75885
645.63275	376.00708
641.7445	355.81778
646.2879	392.27557
632.13153	379.55527
662.0646	380.00253
640.835	395.9317
648.82355	362.70453
659.1454	368.44696
620.4078	376.7194
633.7396	358.69275
661.539	387.73325
626.0947	362.62616
649.98944	356.54553
634.21375	389.18243
748.34204	357.92166
766.6596	380.88184
754.20154	384.92508
750.04407	363.4059
753.6474	376.7838
735.1642	377.36258
767.8495	371.76556
741.9142	387.4013
750.1994	372.78183
755.36633	392.27008
739.38617	357.6223
761.9955	364.23746
749.4212	390.98325
743.6942	363.7493
762.47925	388.35965
730.9934	381.33636
756.4985	359.447
742.17944	392.03067
736.45215	369.38855
748.3486	35.994377
705.619	55.109886
724.9295	53.989708
757.0208	63.80126
703.2558	44.04505
725.74207	19.356897
751.55664	64.41586
713.2098	45.991077
742.13416	72.555466
703.24365	64.28031
744.8974	26.327358
735.09045	79.84093
732.9877	23.288029
755.57886	38.890503
743.38214	34.40352
720.77905	20.346577
757.7017	47.74906
727.13214	69.12334
744.3895	19.250034
725.7696	76.21408
697.85583	54.825397
723.234	72.24123
714.64716	69.1877
702.533	38.87364
745.2566	77.581215
715.66565	23.320251
752.8944	32.585167
711.98566	72.651505
689.4591	363.67322
710.22205	383.1671
696.29584	391.4556
707.4296	357.76166
711.45557	390.24152
696.67426	375.2464
716.76404	384.29495
683.1422	382.99066
719.00256	377.0729
713.7114	372.94385
685.9194	377.49518
706.5488	376.85696
685.47034	389.89075
690.4331	355.7238
719.7958	370.1532
678.3152	373.66843
701.7936	361.75775
705.0632	393.78607
683.799	372.46094
713.3224	365.1034
148.23206	392.61795
146.20258	386.10382
184.41469	393.4384
180.98442	414.93378
175.87724	373.88458
162.10503	411.57706
171.80203	368.83084
188.08876	400.32123
148.38434	410.21295
154.45909	383.97333
185.03476	405.4842
150.69121	373.59653
188.34384	377.5544
176.61145	413.09262
144.6948	404.19318
171.55144	380.80325
165.42566	372.88205
158.72192	377.8233
162.95264	421.03784
163.10767	395.96774
189.18893	385.8364
150.36575	481.13956
151.84346	449.5337
189.87534	471.2605
184.768	455.92285
184.9012	465.05386
160.32431	485.51065
173.93716	448.1341
157.60638	473.67465
175.2633	473.49545
157.29333	446.08356
177.7719	487.3874
148.74744	467.15698
189.16951	460.39502
169.3148	465.63934
148.88254	458.3396
180.89316	447.98682
144.90804	470.7111
172.12732	442.39145
155.42082	480.71234
164.04478	463.31403
149.6552	241.29507
152.06346	259.04562
152.34732	213.95366
186.6246	252.57646
152.43135	253.91887
192.49835	230.3957
174.40607	228.90596
178.80142	208.78044
190.4219	239.6084
144.34265	244.38657
186.04828	235.78366
178.43378	216.97697
146.03365	226.82712
180.86124	212.67834
167.50641	265.29013
173.00227	215.92119
156.10524	220.61084
187.77632	245.69841
189.68852	218.07608
172.78114	261.2095
149.41223	221.43013
194.69614	234.34946
143.13754	249.75175
158.6263	212.02173
743.1645	121.04026
717.9533	114.45158
741.8602	108.86269
730.89026	130.33475
721.8143	106.92525
743.7517	114.85982
722.45886	127.16514
731.9893	116.83821
740.4082	128.97697
729.76404	104.657364
721.664	119.03874
714.55206	123.92617
201.4691	42.20861
164.26392	77.30343
139.79688	70.30597
179.75003	31.559315
161.32382	40.47204
153.13905	29.384747
149.1529	67.65199
180.62906	71.433586
165.17404	25.843988
141.22719	64.19008
147.10864	45.2548
192.88834	52.54425
157.8378	71.911545
170.24399	19.982302
183.95537	64.64982
159.56192	20.975866
185.87704	29.377747
191.6561	76.01485
135.08423	61.795757
190.54224	26.063349
141.29004	54.159218
171.06715	14.286791
189.66983	70.89917
139.63016	45.09955
191.15048	62.532055
177.96216	83.39259
140.25845	36.158657
191.90527	34.502987
149.01746	77.41152
461.0489	36.531406
464.89297	103.83984
443.88507	109.67185
482.40155	96.097946
450.2719	118.13454
450.96112	56.827217
446.83862	42.129055
409.58698	84.95881
480.6338	80.61357
450.24292	107.347984
423.1037	42.712936
481.3139	109.96617
462.61383	43.706314
404.2313	75.11246
471.88223	111.05824
417.3024	59.749115
470.7465	103.929665
412.39844	96.86868
446.91498	32.82004
489.08563	101.982086
435.1712	116.126305
456.95026	32.861195
418.17163	111.7074
408.04993	66.14244
479.53525	48.11013
408.07892	93.704994
438.7124	37.025684
493.0607	74.515816
428.7465	89.63158
471.16724	37.30563
151.44466	545.4065
156.77269	514.03937
176.16301	538.8818
169.07544	516.11096
152.25473	532.59076
177.29117	546.0482
145.28488	528.48883
176.10443	521.21545
163.80307	545.05676
177.95313	514.1969
184.55927	538.18567
153.95401	540.58826
163.55586	512.4199
170.16566	547.4194
153.68439	522.28796
184.35606	519.9813
162.5227	549.8229
584.20184	351.23187
574.2334	379.00095
581.41846	359.35538
604.9493	372.46756
601.48645	392.75803
574.3852	355.75745
606.1559	378.99634
576.69543	368.52924
585.40216	377.58286
570.71765	360.23022
556.6998	370.41006
592.45123	362.62045
586.1225	397.05722
596.87256	378.8156
596.5701	388.4906
576.0421	397.38278
603.603	364.34637
582.2536	391.3221
564.01996	378.04898
605.5804	384.21555
564.90625	385.19012
591.0681	355.80377
594.193	393.7956
569.1136	380.36578
799.8094	383.97186
795.809	385.98688
792.21155	371.28955
812.5263	375.05383
786.67737	377.5525
803.0353	362.26608
794.61115	392.8656
779.6257	362.86102
808.39624	382.07254
788.6021	386.73578
797.09845	363.43976
804.65454	386.95258
778.9149	373.85675
810.07526	367.94638
782.71173	382.50095
791.59247	360.45093
529.00366	364.05914
501.503	375.96127
531.854	357.33615
524.3053	394.73074
495.12622	376.48593
544.2528	379.981
525.18427	400.27243
516.11694	367.6053
537.8417	381.41284
499.2757	366.30597
538.81226	365.9732
531.44324	389.99744
522.2604	354.9288
509.18008	352.3692
503.3111	389.1728
518.0327	374.43137
520.0171	378.41888
497.5296	382.91046
544.6111	385.8527
515.59216	392.58896
506.6552	355.43784
536.05927	375.853
510.74054	396.46808
519.9863	348.27716
536.9752	391.4566
505.81674	359.25076
185.05301	314.1256
161.45917	302.88422
160.86562	293.8893
191.31572	325.4757
141.57431	326.02386
185.71765	326.84003
172.54765	331.3391
144.48038	317.09763
194.7247	316.30728
154.34483	339.1867
172.71193	291.30804
181.44884	341.98138
177.36287	308.30737
189.2782	310.8786
173.72075	338.18292
157.12816	297.5356
176.83794	295.67627
141.82648	307.40146
187.1016	303.1291
162.53383	341.92035
147.99596	300.3719
151.54614	327.39218
148.1895	332.97253
396.2542	363.34668
391.9572	388.65875
358.7446	379.4847
399.33182	369.71848
375.30502	375.34756
368.07462	367.5819
381.42853	394.17502
364.0395	381.29526
349.71854	373.88785
378.60858	401.8915
349.17343	379.175
382.1062	356.98456
354.76593	398.20905
372.65173	351.12408
362.9588	400.25208
358.22922	391.5718
388.487	353.34784
401.75204	373.5515
355.53192	352.70352
388.6068	361.11795
372.44565	399.28937
379.9416	348.9899
389.89557	395.29794
351.85745	362.44498
397.80246	380.09015
371.0728	386.31064
355.97787	362.0761
391.98773	378.12204
352.12473	384.45944
366.84344	354.3913
447.4096	398.08157
457.60532	395.7741
452.78647	350.3057
444.90192	394.59274
453.27548	355.8774
461.36273	386.11618
436.35663	358.97284
453.49066	383.69897
441.4663	403.0584
440.14032	351.35052
472.8675	394.77133
436.46576	363.66205
462.9498	363.6303
431.97052	382.1656
427.029	386.91992
463.47626	356.0854
430.4944	394.4348
427.68256	362.4631
470.15485	358.26804
449.30988	385.5692
445.8536	349.2244
470.7561	375.10272
439.7675	355.7696
474.84268	370.17825
424.68115	376.3528
465.3427	369.67612
468.80014	387.3404
425.55087	367.00156
