457.43643	396.4969
455.38434	367.57846
466.51263	361.76886
470.9816	371.63446
440.8444	399.29755
484.09418	392.76663
463.1306	404.27957
469.95966	355.9478
447.1972	382.61258
453.32367	406.90674
474.7058	359.78375
475.18573	405.3946
441.29132	386.8355
488.20547	381.96075
446.7473	400.55145
456.55957	356.7105
463.03842	412.83066
442.6486	363.1032
487.14374	391.15643
482.22748	399.64258
436.6902	387.3455
487.27734	371.722
430.12296	393.98605
459.20386	354.3332
478.37793	359.739
440.43002	372.582
170.37186	478.00812
147.5414	498.23672
160.10947	476.12305
174.98547	487.8222
152.52438	480.7967
146.99324	488.28632
163.97478	507.90405
143.90898	492.0765
177.98843	500.75595
156.91519	502.3063
181.36859	495.76935
170.84534	503.78214
708.18744	388.44785
704.61566	379.47043
693.2097	393.37738
689.64514	378.87448
703.0806	398.44293
685.43225	389.82028
702.848	364.8725
713.68384	381.2442
689.4962	371.2432
718.7584	378.90384
694.00305	381.79868
699.5582	369.7261
720.3435	389.16183
687.3993	384.71008
821.3457	391.48904
815.1971	392.78357
808.03094	374.29245
829.36053	379.7085
805.4969	386.4439
819.73126	371.31314
817.6749	381.9894
808.69104	381.75403
826.35364	374.55005
827.29675	390.84003
525.5707	366.5053
519.3907	372.34534
522.6161	395.08286
543.5746	368.93683
550.6244	371.7106
526.2821	379.71515
557.08606	376.24414
529.3688	396.86624
548.8065	365.42194
550.81274	389.6291
517.08105	390.28503
556.6962	387.283
527.39496	390.17535
535.3088	361.36316
548.4558	399.4338
530.2201	402.89984
539.0917	363.21606
542.5511	401.53223
516.9903	380.27728
197.23996	173.20819
174.98108	178.64105
145.1052	162.64229
129.76181	197.48573
131.39775	187.6927
180.98273	208.15547
157.15154	216.21016
137.94235	164.03165
191.02345	191.46976
160.01083	199.19553
156.9986	159.03125
167.51712	216.77547
194.06915	184.36026
180.79471	166.36653
175.92079	216.4318
149.21075	154.19995
177.16711	155.411
141.50421	203.91327
139.94534	155.17311
174.44571	186.62065
132.96178	182.19157
190.15387	172.04404
149.85442	215.85002
190.24869	159.43114
180.86302	214.70244
132.58444	169.89055
452.44696	44.881355
487.1354	77.60249
484.24472	100.864975
491.70636	84.088745
452.5643	122.989136
407.93295	111.0645
458.5357	119.90187
479.6184	127.7406
419.5169	87.47618
430.24008	124.59328
427.57413	47.447227
453.12085	82.84858
419.65176	42.356865
488.6646	107.25035
439.99945	121.7299
411.49933	57.60343
475.44696	42.852234
406.60028	87.82274
474.92926	55.8662
460.5201	129.26465
416.81992	99.65946
478.39682	47.884373
451.67343	127.072914
468.00116	45.455906
493.89404	65.765175
403.91043	94.968506
433.3912	44.26198
459.5108	126.17959
406.8304	78.40215
180.89148	427.94278
174.87067	446.47534
155.91791	420.66718
175.59268	437.70615
144.02164	423.7837
148.94632	429.51035
163.22281	432.86215
158.72992	411.71567
182.51932	435.893
143.92467	441.78067
172.6496	412.77557
166.89328	452.72833
144.68462	432.63248
147.8911	415.58365
157.9824	449.48346
159.61789	358.0723
184.11737	364.39755
147.4562	370.01862
184.69371	357.6142
178.80795	373.5876
156.77646	341.07394
166.07608	337.47028
153.37509	378.98688
169.84497	349.6249
169.3024	380.62448
141.79663	349.659
176.53273	380.03687
139.87773	371.53696
145.49625	384.05835
178.0055	351.27643
163.00792	385.21735
152.43808	337.34967
743.7879	394.89667
732.0687	382.4334
760.50806	384.16464
752.2683	384.3786
737.84534	373.16718
756.8717	388.1158
752.88684	376.09064
757.42017	374.05142
753.88293	393.80115
733.26733	377.3451
745.9113	369.49164
733.8726	389.0103
399.07797	386.03647
364.19046	398.59857
343.53253	386.7584
400.8121	374.7191
351.4383	398
350.16962	390.24274
392.82874	379.74704
389.2511	396.19577
359.11395	361.3076
386.18222	404.00876
362.21497	352.7348
381.70218	357.168
359.93512	411.18295
379.6054	361.3746
390.8974	364.59058
353.65375	359.63193
366.63446	357.86676
379.78595	402.2287
361.1299	367.82928
395.49756	389.86078
353.80832	406.3727
390.00604	355.8349
405.1124	395.95163
347.1058	370.69733
397.19525	361.35266
373.48517	407.7529
348.03693	360.0647
388.1419	409.64648
343.9523	379.88806
130.26154	36.730095
149.04887	88.17593
188.38228	38.06287
195.85803	54.634026
141.83131	73.45637
193.0845	65.980484
186.50719	73.17492
133.60098	88.900734
155.35822	41.39781
125.52378	61.431335
144.72386	42.396164
170.53906	96.67418
146.96562	51.519646
167.4107	70.76582
184.67534	91.96292
131.40544	50.354393
187.33331	51.671967
179.29395	95.75526
167.35661	27.581976
198.46124	57.775745
123.393326	66.93475
184.29874	32.709587
137.24913	81.27428
138.58092	37.24669
200.47908	88.072845
158.08156	94.11728
175.23239	27.238398
189.67747	83.01133
130.38725	81.53249
649.6171	375.42496
652.71497	401.50244
666.6175	369.62253
666.81506	377.49792
636.80316	377.73666
654.38464	367.50534
659.5919	397.00888
640.0401	367.92017
671.88916	391.60345
643.93713	398.2652
653.67786	381.99747
663.7091	391.23138
640.8911	386.87424
670.0087	372.0576
649.1146	395.00186
648.01807	365.09152
175.6913	541.5094
147.5311	544.7893
173.31844	532.51306
163.56598	554.50037
154.37796	550.41595
167.44565	553.96344
179.45605	548.3324
151.6196	528.0672
162.09402	540.5398
150.3547	532.2652
161.62665	527.6818
587.677	396.07462
582.90424	368.98337
608.146	395.60028
579.4161	389.3598
605.52826	372.36963
589.5721	391.24258
608.8268	388.1091
614.3993	371.5903
597.44525	401.27872
587.86365	364.12744
616.69696	380.95966
579.52893	378.83112
603.8743	363.33246
615.939	388.89218
597.108	381.6436
610.2935	373.02353
585.2272	399.7687
584.47284	375.48035
731.6639	87.57039
709.12354	55.38033
764.87585	46.147312
730.81335	95.33133
719.65857	38.34375
722.6987	80.21248
699.1273	53.684105
727.27515	31.8776
766.55695	73.387405
706.6139	66.354416
751.77795	36.260414
755.65295	77.24604
733.6732	25.041386
763.7189	81.6332
713.78625	34.826843
741.88025	26.189877
743.1192	90.067764
719.9649	28.956308
737.3052	73.44881
701.9916	68.80467
755.5122	29.684408
765.03845	68.5745
708.36395	76.155075
749.66296	23.256617
716.8747	85.49209
726.16943	98.51429
763.94617	36.77991
771.9444	390.4098
785.8393	378.39822
793.07275	387.62604
778.1022	370.5701
796.12506	383.14658
782.8949	394.3084
779.6967	381.36224
778.7679	389.2812
773.64355	373.9598
788.3657	370.04785
790.9363	392.01318
182.89499	282.10114
178.60318	267.26376
157.947	263.15125
139.58104	278.01324
183.36678	287.69467
141.31784	294.51645
144.35324	270.97064
160.2347	304.62625
160.02109	257.37247
167.51927	304.2053
155.06668	305.00842
173.99272	261.9669
147.92386	297.15097
135.41147	268.1679
190.0167	286.05307
143.95497	299.5209
163.97841	268.49857
172.96329	308.3101
142.96242	283.17822
