734.04724	129.4794
740.37177	131.6849
742.6876	125.99663
732.26306	135.57153
721.03296	116.770706
733.4957	110.774925
726.3603	133.99387
726.1564	112.04421
741.44415	116.71251
720.64233	123.96611
183.41287	133.57562
145.31923	134.94066
155.84404	167.59502
181.60458	170.38266
166.93088	172.44662
168.3287	123.55038
191.34134	148.66522
140.36214	153.29248
179.05379	127.70017
147.68433	169.6562
151.25172	138.06337
192.59166	161.91595
173.65549	167.50754
177.50403	155.13637
183.1893	160.80704
148.95308	147.57602
183.21455	117.57444
161.14035	173.54843
162.30376	125.618225
190.37479	142.35556
141.34628	145.88356
193.58815	137.8284
169.88974	178.27266
148.22282	122.36503
575.2074	392.79016
561.38135	386.47104
577.6881	364.7693
590.7071	369.6336
589.46063	386.66144
566.18066	360.8638
576.65686	376.28848
555.12885	374.23575
582.7275	382.86212
561.5884	393.44186
580.4408	354.96063
567.60675	390.4275
555.96436	365.16736
590.02905	362.8024
570.2134	396.44724
574.22144	357.71933
581.03986	393.80698
553.80255	389.03302
582.53503	361.46606
581.9625	399.03036
562.9852	364.19922
597.22375	381.31818
446.91577	395.4405
439.112	360.28592
439.40005	380.39304
446.9855	369.83356
469.81357	372.7392
431.88388	398.78717
439.11987	352.53372
455.05402	392.89178
435.2436	388.15616
466.18213	364.13757
475.61948	381.147
433.775	357.21823
470.9378	363.6629
442.215	395.69534
451.28424	359.3844
460.09628	396.62485
426.84366	365.84613
454.0958	374.11295
457.05487	381.48862
452.81592	350.9348
467.94165	377.38507
425.38998	385.49112
444.37857	353.12677
447.5263	403.6927
422.299	373.34903
679.6622	387.474
667.2797	375.44952
693.69525	377.578
691.1322	390.30466
687.6008	398.58267
703.16895	376.20618
673.77905	389.04318
676.3199	362.0799
704.83606	363.8763
676.563	370.56805
681.7311	360.83688
696.87744	393.49213
670.3453	367.60928
693.02313	356.90143
687.06964	391.98203
694.81647	365.5184
698.28394	386.61078
680.5726	394.29694
687.77466	358.07
705.7506	385.03873
412.29623	56.964966
465.70322	43.42168
450.49512	97.749825
433.296	58.086823
482.07147	92.64601
408.25598	83.973305
434.46515	43.591667
429.82715	63.865883
416.4689	65.708046
486.06982	67.079285
466.8288	114.78263
483.56488	51.20127
441.36832	119.0482
404.00116	77.94304
481.0861	39.59416
430.77994	110.51738
475.44595	44.204487
416.86337	105.52358
414.77985	101.07331
456.18213	41.32137
451.3773	126.58887
456.3641	33.19382
487.0284	78.508545
410.94376	87.76522
482.27872	58.247364
487.6507	88.76973
409.55496	98.06654
491.52628	73.09837
450.18707	102.0923
428.78915	39.372528
637.4146	394.094
626.071	395.0777
637.0116	378.55383
630.8966	393.76495
618.4127	373.92975
642.73846	362.30603
647.7138	377.50153
620.6971	358.12546
652.6938	375.9997
612.0126	371.04968
639.4027	356.79193
626.1549	385.94675
628.48987	358.76605
643.65106	391.0411
618.20795	389.02713
640.7714	365.2404
649.74023	393.10703
623.1999	365.5742
650.47144	371.07794
617.0243	392.5566
611.18445	363.82248
186.48816	58.05726
141.28035	57.028076
176.84985	30.760906
148.95589	58.677338
137.07681	47.13485
196.30504	65.500534
144.3165	30.00416
179.05327	20.114862
189.98123	49.395584
141.6815	48.993134
149.66066	39.830185
170.63002	82.29181
172.88339	19.102367
196.90413	43.83306
155.22571	76.0029
163.60483	24.47181
178.44337	83.669624
141.98347	26.284292
189.71034	38.425255
128.45824	57.27425
154.03741	24.899982
183.25449	80.66857
134.3484	51.740852
176.69818	25.825104
175.54445	75.6982
146.7055	44.600807
196.3742	55.575317
157.3367	82.23607
191.6547	34.079205
399.07925	361.95154
365.6383	397.8581
400.16425	389.8089
343.9728	383.17035
370.49133	358.14777
389.7287	394.24527
350.31042	381.66278
384.08517	368.04495
376.28757	390.53577
345.9622	369.0273
395.88495	364.45563
359.6952	399.09305
353.76642	373.93784
394.11365	384.51154
350.5882	362.23126
352.4429	368.4325
381.9307	378.9734
377.0732	346.39108
396.88297	396.31793
349.86172	388.89804
381.21332	357.78424
370.28546	401.96704
358.57245	353.352
386.91104	354.54034
390.645	404.1465
370.31607	352.0247
395.8556	369.88885
366.55222	389.99643
377.4005	352.62064
382.0469	398.30942
179.29578	405.45694
190.27824	390.8655
173.39096	400.72647
175.57385	372.00528
188.61172	398.86975
160.70097	368.41595
165.55849	375.18268
149.22173	407.60846
143.13327	396.34796
151.30002	412.29688
145.1056	399.29578
154.4419	379.73737
167.77365	415.2046
145.76886	381.94907
189.00665	379.09323
166.0277	411.6627
172.33803	370.08038
185.637	382.4582
151.68015	400.849
156.62814	372.56555
187.36868	404.43073
522.10803	371.8294
528.40125	374.9831
494.28546	370.6481
516.2494	359.1171
519.8354	380.57675
495.8461	390.9346
537.7167	375.3312
502.28564	382.9532
506.78052	367.92197
524.54944	391.58746
489.5728	382.5808
497.8166	375.04352
519.2107	396.75693
486.87762	375.67007
529.8724	363.1607
500.22968	397.07327
503.22565	353.6146
534.7035	379.71332
502.71582	376.16977
522.57166	358.8764
509.8698	398.76898
504.9833	359.90005
530.75494	390.00323
709.8031	74.323135
716.7418	24.138367
751.2812	74.78572
693.2307	39.334793
735.9059	28.132853
742.22894	26.793732
701.67737	56.752666
714.53357	67.15557
703.30347	39.559616
754.2809	29.617971
743.5197	79.69414
717.29095	32.92109
759.4298	42.57998
736.0626	86.975525
748.1959	24.481337
725.90436	42.359623
712.57416	30.60493
761.3326	52.309742
697.7006	59.7382
706.0106	29.996878
757.16565	62.401844
706.498	45.474144
732.01666	22.448185
728.912	79.54746
706.98975	65.716545
749.52094	31.725515
720.71136	77.51478
732.27704	76.05462
759.57196	68.72308
148.32578	461.49332
184.22917	468.66586
169.55637	487.20093
149.02774	451.22827
191.175	465.96103
155.65114	484.00488
167.1661	449.95135
178.44388	485.80527
147.26266	480.25366
170.94547	445.76508
162.38736	490.17853
154.69739	463.52798
186.6657	474.3996
143.15662	464.36304
187.06071	462.28058
167.24309	465.79654
146.18813	456.35532
180.9479	478.28915
164.20193	482.46426
164.99054	442.494
189.07146	246.77287
177.15219	237.00732
171.42894	214.21457
165.96835	234.09538
168.4064	209.04597
179.34732	241.97574
146.2766	244.90218
162.84462	212.40445
174.61223	256.8192
147.20367	238.4325
184.55417	211.72165
154.18341	253.44528
141.04935	217.81042
188.57138	232.69394
157.51675	236.06848
182.5718	217.55388
145.99522	252.64111
138.53407	236.37534
191.79428	217.3386
144.68819	224.61423
176.46198	209.99397
182.68213	253.49553
142.767	247.63396
175.42377	516.1682
165.68784	546.9088
168.88376	513.87714
179.47397	531.8797
146.48103	531.641
171.30261	520.66614
180.83173	519.29987
164.28844	534.658
185.95367	538.35974
155.57089	550.4965
161.05515	517.7605
169.37004	555.4561
149.66832	519.0238
186.3751	528.116
162.03676	551.8994
155.53693	519.8151
174.54794	553.40436
775.19617	383.59494
801.53687	381.8326
791.1676	391.3719
779.0138	371.4024
794.43207	369.17987
780.4479	390.10242
777.49335	362.14224
806.68567	371.7777
778.21375	378.27548
806.5003	367.38916
800.2449	387.89487
783.89996	367.20972
799.63367	369.74045
785.04724	386.701
795.1065	359.94864
807.1505	383.39505
745.82275	360.55133
754.21265	360.2626
743.03925	392.65588
734.67755	359.56317
760.4624	379.72662
736.8795	366.06085
749.407	363.90387
747.692	393.65442
723.9032	376.83502
758.71625	370.88934
730.9882	393.1549
728.4291	369.02618
758.7141	388.7623
729.9964	382.41187
749.3063	384.75946
753.13873	388.60748
726.0832	364.51935
742.60657	377.16318
726.69885	386.36096
738.9342	356.4063
155.97586	316.40363
140.8327	314.33472
169.50247	335.11816
148.223	329.73386
156.54645	297.53058
187.8627	303.38135
179.93475	295.0397
155.20193	337.12585
165.85255	319.62558
144.84085	305.90448
190.35625	299.54333
167.01813	341.64493
145.21272	294.3566
183.69183	322.7845
145.49466	324.7015
184.04678	307.22504
190.1078	319.8851
165.6655	290.93765
177.83926	334.20276
145.76851	315.8017
171.22433	294.11127
190.59842	332.91074
