144.24564	477.85516
146.6898	488.3397
148.24382	482.8122
167.68625	493.30405
150.19345	469.97202
171.94342	474.38818
153.66162	495.58096
154.55685	467.91513
175.91208	484.59613
161.2953	482.3387
169.62483	468.9691
147.73029	32.082085
171.13257	91.19032
184.63025	41.48012
164.57767	80.93463
140.18814	83.92769
189.76213	82.92285
129.27127	51.07593
169.36603	29.00333
150.56995	88.85365
131.7337	42.949894
194.57793	70.08003
174.6479	66.86079
152.62546	28.037296
163.30069	95.127975
124.62166	66.42456
189.62555	62.96691
150.40344	97.81727
165.81857	31.538406
188.40079	71.70055
124.66017	76.75774
195.7825	64.44701
131.70645	105.021095
143.265	34.331856
130.36632	33.12714
130.24025	72.51601
141.47758	29.640553
192.16216	40.88834
150.00351	442.01474
167.2609	412.2657
165.6596	443.62134
143.85548	424.28925
176.11472	436.76016
154.77518	446.23892
159.8251	410.88565
158.40744	430.46918
154.20506	413.92438
163.96416	426.78705
155.64879	427.75507
176.76064	426.83307
742.74786	33.658455
715.53314	42.059025
730.92755	46.255295
745.8157	80.75229
700.89856	57.29444
756.619	80.4593
712.6455	48.127605
748.3764	28.450806
733.28375	88.05676
715.78033	32.244373
770.92566	68.125374
738.82104	53.401764
732.92786	18.781609
762.4386	72.98454
713.16077	73.209305
748.5394	46.673244
748.7329	85.74345
706.07947	62.08747
766.1121	70.702095
724.10126	89.50037
739.3566	23.920355
755.4386	54.45922
729.308	86.929
774.466	41.490067
757.04193	385.7791
745.8574	378.832
767.08594	388.20618
751.85223	376.0209
759.16254	373.66254
764.39197	394.62326
745.8597	387.46945
770.62744	384.5688
757.5255	397.66086
754.15857	371.99097
746.5453	396.46515
415.44955	123.22313
491.08563	91.96855
462.04492	125.87606
427.21353	49.626495
409.60873	106.78894
493.48322	57.081562
470.20435	53.951588
486.09824	104.292564
443.83334	41.536232
494.57172	66.207535
410.1789	91.30481
484.57983	60.235725
467.1696	128.00969
450.8706	130.15622
459.98578	38.386272
460.277	132.74281
428.44257	77.82816
449.36615	41.459625
449.38397	86.31218
404.83746	78.87289
489.2771	107.46956
409.31796	102.33865
445.46362	50.414883
402.0171	86.062996
465.1126	46.9452
424.54614	45.36632
437.93573	133.23785
400.1529	72.082924
484.4997	113.56333
445.1997	127.26268
479.64072	370.57983
479.07147	401.18304
445.34464	375.74384
478.77826	411.2044
450.31805	387.25534
474.8974	374.66705
487.92905	396.62335
481.88248	367.2018
472.58246	360.17462
436.89307	384.65546
490.26514	377.04987
483.84332	390.4545
442.6651	385.60297
448.4052	360.9055
442.528	398.10117
437.34906	376.03458
468.7501	403.67566
446.1364	395.82587
456.73578	395.64447
471.58075	412.5018
461.02094	356.9792
493.04697	386.31567
465.29843	412.01147
464.45044	361.81387
845.0706	387.1452
824.76514	391.23267
843.41394	379.1742
830.4152	396.12704
821.1418	383.6032
839.6302	382.85672
819.2208	391.9057
829.19104	372.69058
837.0633	393.97153
825.807	376.9489
562.3561	365.0865
533.7156	390.5239
525.3494	371.16388
542.8434	367.25806
555.29083	399.3695
569.5973	388.85806
568.6939	402.00714
529.0047	378.351
546.70886	385.0453
541.61566	410.34433
531.8761	366.8857
563.73627	397.7361
553.4464	364.4428
568.41565	373.06708
536.8639	404.1573
558.05756	359.99136
572.16516	393.8469
525.97424	391.8032
536.5055	363.26642
542.51575	403.355
521.8695	389.74713
558.5792	374.1189
519.65466	411.17587
147.4097	157.49918
166.4728	206.6939
159.45163	206.50188
166.21967	142.73161
167.1563	174.63823
154.35446	149.25343
165.03737	211.50676
132.9509	182.08969
167.2823	166.62463
156.64787	179.34758
185.36806	170.23616
181.35414	161.15366
182.82611	178.51044
128.49767	170.03801
190.75491	190.70737
147.76724	208.40451
191.14948	168.8112
174.86539	206.68506
128.00542	181.11342
173.26341	152.9731
140.74455	206.15042
166.60625	147.05215
190.20966	204.10904
148.00226	148.60518
393.65146	358.7083
386.9326	376.1306
340.80557	388.13434
389.2269	391.13666
397.13055	387.5556
366.4533	379.02448
350.15717	402.99222
353.472	398.04535
399.96198	395.46622
362.2149	414.65558
378.55118	364.53534
390.9744	413.07144
359.26685	359.6318
372.91476	358.83124
366.86606	410.5528
370.71252	367.32608
395.40836	399.62357
354.25153	410.41016
346.92584	361.43564
385.4215	402.53864
350.25128	372.57883
364.3466	350.36563
372.18793	414.4357
377.38715	410.38467
399.32852	364.7566
339.40833	399.09323
378.91068	352.47882
387.49188	410.7457
345.2531	364.8613
399.35443	406.7425
132.15292	285.76358
132.23885	276.2251
176.13736	302.59818
169.63342	310.34964
171.03879	260.55984
137.87543	301.40167
145.2609	263.08356
186.09128	289.78427
147.1959	305.6688
181.41531	281.59076
190.09181	283.5411
134.86765	281.2101
184.33434	286.8014
144.2023	266.71735
189.4803	274.64325
182.25664	300.43567
141.02339	258.72275
162.88776	268.47614
155.35257	308.75946
136.97563	293.14978
170.4148	255.70267
618.0917	398.97247
601.9929	381.86127
607.31604	404.61005
618.27405	383.6782
633.4645	374.6094
618.0855	405.06873
625.4295	396.12787
638.7874	383.73468
595.50256	382.3102
627.66705	368.45718
633.64496	391.16168
598.8904	373.7599
635.91327	368.30743
604.4312	396.66608
614.0882	366.4339
637.2945	398.96954
600.2721	386.67545
604.94617	374.46698
632.5656	396.95667
144.00099	535.16644
170.91891	521.4305
154.73837	550.69806
163.42471	532.24854
145.62929	538.4715
162.54034	514.6297
150.94357	519.4845
155.88257	543.89813
145.20639	523.00287
176.01256	537.8357
151.36922	530.048
152.17416	381.22833
156.00414	386.30252
148.16205	352.9284
173.98047	350.98615
183.18985	369.20367
166.54585	346.4426
175.0406	372.6053
143.05315	373.02866
167.9796	352.02655
144.75264	380.16122
138.35368	369.9942
181.30582	360.84412
159.55284	366.23032
155.9581	346.97833
176.02136	376.89294
783.76215	386.4969
800.70087	384.80746
787.1095	394.95746
793.079	382.6062
800.3827	390.06247
781.5637	380.34222
798.4402	378.58365
800.01685	397.43253
791.4359	373.02344
806.8126	377.98285
793.0248	389.61896
705.2855	381.38077
725.92755	398.03394
710.5093	393.9667
716.2276	385.05878
718.8037	396.5048
717.733	369.49872
723.3107	377.30606
710.20966	399.71405
714.7078	374.1829
725.1473	386.0335
709.2452	374.59818
733.1753	387.8488
666.41833	397.89716
660.8708	382.2069
689.5003	388.7019
658.0112	387.9295
688.7877	379.9596
675.51666	398.7052
662.1469	373.36102
683.03345	373.82578
687.0496	394.22974
674.2423	371.40475
680.6175	398.81964
668.82355	386.1178
685.4007	386.4459
