143.13185	393.06378
155.66306	380.73193
148.57146	385.64923
168.12398	417.96664
148.86072	415.43805
180.73251	390.34787
157.07411	406.50214
166.44032	381.7071
178.42227	406.09906
144.15897	383.061
183.11981	400.31842
156.56543	426.19678
140.72958	405.37048
172.75528	378.82373
155.22054	416.89346
158.69174	374.24207
180.56084	410.1439
507.14478	381.19446
542.92944	389.12567
514.19464	369.83932
516.2068	360.85922
521.4114	397.5946
514.1978	396.3415
527.3747	397.70776
537.5577	394.8804
531.9477	370.90155
538.6037	374.75995
513.8592	401.17584
519.91656	368.65765
524.1889	382.8841
510.95377	391.7965
530.63586	363.20557
530.8027	403.45508
502.17084	375.16238
544.8044	375.20245
516.4196	407.79016
540.87366	366.2079
165.48764	79.01103
137.1865	54.64859
185.84666	60.175133
149.3794	58.901623
148.88602	26.055439
133.49762	76.22754
131.0041	54.476807
169.77654	27.995174
189.67206	62.495842
139.98761	44.920944
178.40762	43.417583
134.16454	63.804493
156.13785	22.53779
177.95407	71.928055
146.78839	79.824295
188.1951	32.605354
176.49942	83.00433
180.41063	28.768656
144.14082	33.60101
154.2346	76.35336
131.92134	43.016808
194.26424	50.464733
139.21881	36.11515
190.0807	57.910473
157.06003	481.81586
164.12778	448.0572
180.10094	468.87784
140.68387	464.0306
144.87177	474.28094
172.88014	475.8339
157.39499	456.68814
145.92297	467.78522
178.59772	477.82242
175.98349	453.68253
161.82344	441.88007
149.13834	482.69086
177.33473	459.78906
162.47946	486.0783
158.23723	449.50073
183.85202	150.9883
139.33984	160.36905
162.51591	179.25584
153.23143	173.99759
137.00615	151.9102
186.21474	168.91742
153.43445	125.657425
169.29515	138.61113
173.04662	159.3404
153.94905	160.70207
160.96184	147.17203
173.71426	164.99617
140.50845	128.64256
191.10226	134.99187
146.27399	175.02725
166.98927	130.26146
173.53214	173.82834
152.48465	156.38655
167.91855	120.73897
188.81325	144.8771
161.86368	119.846214
805.3106	373.96225
794.8924	383.08945
793.6109	374.5787
801.1185	389.09283
786.18445	381.04962
806.0562	384.61774
781.19165	382.27948
791.69806	369.0098
799.37585	394.04428
797.7297	398.05103
811.214	386.6138
734.2589	52.989704
720.1802	25.892038
759.58075	32.502525
720.3444	76.52507
737.829	49.223373
725.77527	74.008736
706.1804	64.67793
757.373	71.32471
738.9602	84.81561
732.58307	27.468105
750.61755	43.729057
710.1044	43.88219
737.4716	22.709402
764.27484	54.94709
702.2882	49.88986
762.5714	63.331024
715.8583	31.879898
724.67303	14.434361
748.0044	79.4467
728.2415	62.302948
748.8714	28.424932
733.83856	77.00891
728.7195	23.724655
766.76056	69.26085
727.66925	116.12826
740.5233	112.59027
735.0427	127.41245
722.4234	120.86742
744.42957	135.16005
734.62756	138.51851
734.4993	112.54175
749.53253	122.44291
728.3306	135.44727
738.83453	123.24197
753.59875	383.79303
738.71954	380.23904
771.09485	384.08133
757.23944	396.55313
748.4121	367.9647
765.73236	383.47754
762.42786	368.0992
769.4731	377.69687
743.8695	394.4505
768.7591	370.06216
748.63367	397.9383
738.06616	388.1922
757.82245	371.16193
769.1393	391.00986
746.2148	375.20035
182.81993	319.56888
144.63828	335.52643
151.2783	303.1324
185.1916	326.06085
138.66243	309.09375
177.82617	300.82928
165.91188	344.97855
157.11415	323.25824
174.01039	340.919
142.61319	345.79465
159.99977	299.08942
136.66167	323.2587
145.9947	302.86688
166.26245	295.56015
158.11722	342.13937
155.84348	295.57242
187.32974	312.30725
141.99788	316.2992
184.67654	307.657
170.36783	262.60788
182.584	217.97421
181.81546	247.1677
143.60593	250.33456
185.63074	234.25117
172.2611	250.52934
140.31963	227.61331
152.9838	218.62146
157.31119	258.68698
145.26923	216.06009
175.99693	223.28291
134.56758	247.63626
185.80629	223.58488
160.46156	238.9694
159.8494	211.01396
189.36674	230.89815
179.6486	254.33427
150.54456	236.57747
164.24103	234.93991
137.9877	240.66353
459.82135	68.36461
441.24664	131.1613
473.43433	102.98518
413.3475	95.605515
417.41266	112.06964
439.25116	36.7783
431.81778	109.90511
445.81866	53.73861
497.58334	101.40787
446.99078	125.229355
436.6225	51.056587
482.45865	58.705036
393.3116	95.21007
480.35385	46.153618
467.5936	64.52721
405.39612	84.755646
475.19254	118.602234
407.8496	86.261856
429.8749	43.411346
460.97818	124.891136
481.09952	98.27711
493.04077	74.410614
455.91885	125.50596
411.73502	72.10916
470.7574	126.78174
411.39813	110.169235
455.0412	38.34153
479.98462	109.554405
412.4222	60.627373
490.38583	59.074898
373.3786	377.51974
371.91437	371.64685
375.6304	409.8929
359.10434	375.84018
390.50665	357.16803
365.40378	404.78946
388.18835	377.78354
394.84344	370.2503
352.4721	408.40515
377.90137	359.85873
385.64053	366.10138
355.2124	393.37234
397.6636	359.62726
384.0701	399.16962
345.81335	378.4322
372.15887	388.27286
336.4832	375.29218
378.51675	349.1022
395.71725	398.812
349.5654	400.54254
375.69666	393.66666
359.5498	411.09555
361.6634	356.99722
384.32358	409.023
344.08157	369.25714
371.27176	352.4268
370.4842	417.2422
352.20486	358.17935
401.97504	373.58984
638.01544	397.2392
665.44495	367.50757
649.86804	396.19586
649.99493	390.92297
649.6613	380.6529
658.6097	402.3266
652.183	365.32425
660.8505	373.63593
628.7476	380.51654
641.9617	365.65485
634.72675	390.27338
633.5802	367.41693
660.55115	397.53894
647.3415	401.31708
645.7729	370.2119
668.1458	392.81967
637.4599	373.73352
658.56934	362.39233
567.3843	390.7872
575.425	368.4112
603.7755	397.43878
573.759	375.39813
586.8536	366.4802
588.8216	401.5879
583.0801	371.41888
610.05707	386.82156
573.53687	391.8442
580.09064	362.82397
600.7007	369.10654
602.92053	385.22394
595.2173	361.76245
597.4081	396.98563
569.287	378.94083
605.66046	391.7216
565.2353	380.627
585.2039	361.02335
596.50134	403.5738
582.35596	401.20935
721.1068	385.06934
705.58484	383.31137
690.5419	390.0987
721.1023	391.29535
690.0967	370.6268
719.67487	377.18027
708.4532	397.80902
698.8876	366.64163
714.81006	370.98114
693.0225	397.10254
691.0916	377.4956
715.94305	395.46524
701.4995	371.2884
709.51447	365.85236
699.4604	395.51465
690.00165	386.021
182.87302	531.2849
162.45245	553.38794
139.38681	531.5963
176.532	543.83606
149.27826	517.09314
178.29826	529.4142
170.43307	548.24084
149.13881	525.5962
173.85448	514.3773
144.11638	526.4589
177.1857	523.4701
148.04364	541.44653
157.17815	514.3413
157.72179	548.2774
151.85526	547.672
450.4296	380.75134
474.9208	376.6441
468.85165	376.09796
476.35065	371.3142
454.966	402.62112
431.74884	375.31464
476.3496	391.63654
451.31348	387.52826
458.77814	358.11127
439.89243	399.29364
431.6421	382.82803
467.5442	402.3593
434.85635	391.78864
464.62296	366.56964
458.8978	405.5835
430.02386	390.915
469.30927	366.06573
441.24005	386.91815
437.4458	367.77017
474.0064	364.5675
447.74994	409.00397
451.7653	361.32562
467.4125	395.16718
