148.73883	58.339478
109.243126	79.61837
106.35919	103.586655
203.99368	107.35405
116.59479	124.58885
169.15599	93.56845
164.74178	52.931877
142.72507	47.561337
182.49457	119.113625
161.02496	137.7927
174.73079	46.96292
184.12192	129.8513
127.62248	130.61113
163.78748	45.62226
132.58609	139.92545
109.3762	70.52482
146.2507	145.13913
119.31453	64.82068
199.29063	91.11202
151.56697	134.19688
193.53099	56.87965
182.1037	137.77008
671.80225	404.52078
691.5917	423.2238
681.58215	429.1294
648.12146	400.9804
701.0783	395.00555
643.3079	398.4915
663.6599	377.51593
699.81036	404.28638
647.91724	417.04657
683.9499	379.37433
693.2828	426.8626
652.5707	384.4452
689.073	385.57712
648.7013	424.37616
693.91754	379.8796
699.0706	415.691
520.7138	69.85217
516.1251	147.9897
508.92792	85.63701
423.26773	73.76563
487.27505	58.12215
478.56738	49.049034
499.1695	57.37805
479.2801	154.03192
446.306	149.75198
519.2555	147.40955
428.794	120.65836
513.7395	98.95862
452.9423	148.22447
482.41846	57.29005
441.52774	60.25531
515.84863	136.05339
431.81415	89.48504
533.36914	115.05615
441.99185	154.32053
491.51202	45.297386
450.52924	161.26237
424.87506	103.62905
492.06958	79.37189
509.53735	150.12071
438.4563	75.73559
525.5509	80.991005
440.93637	137.79375
798.2753	21.06819
822.8141	67.30004
775.4492	50.197285
829.1841	48.21476
779.89294	40.621307
782.3222	28.769953
814.31604	77.01477
777.81824	55.60456
825.36115	56.23465
809.24615	72.92949
816.3081	41.166584
820.0582	72.657455
552.8197	437.9101
583.37683	403.27148
534.83386	433.3226
528.8972	379.19714
580.7162	414.0734
515.2018	412.27554
544.56287	368.5676
562.97906	435.06143
521.7919	394.04742
585.56775	387.75638
581.4495	422.0691
516.4181	394.9353
576.75195	382.4864
590.3865	410.35126
557.8225	374.1596
517.0783	421.39267
525.6217	422.10898
589.6302	401.3357
528.99475	430.08844
537.3612	374.26035
154.71649	218.90547
138.12004	299.06857
158.04607	232.69968
170.49245	295.62674
125.0005	230.23271
197.7409	274.91687
123.8976	290.0423
129.80705	233.8571
150.69801	304.44644
129.9187	289.65738
191.06404	255.36018
184.23758	298.7789
115.22418	275.4626
186.60997	285.1335
195.40308	278.54327
190.1975	245.93803
149.71518	226.38782
119.63475	254.2303
195.21674	250.34482
379.31598	439.64447
367.86096	381.5326
434.03256	389.28482
368.8749	435.98892
406.3799	455.9545
425.99286	423.8903
390.5069	446.7255
449.3443	389.97714
357.8736	442.24786
389.6144	414.8351
426.31558	433.06403
361.81503	373.31305
373.3593	362.15536
374.245	448.08188
420.7871	404.0934
442.72324	422.3211
356.22342	423.9245
405.93887	363.6208
423.11255	448.5412
371.4011	362.78506
427.5517	371.87396
434.70746	429.67114
389.21063	353.65802
401.1328	450.0375
438.9582	369.9679
415.96378	361.50262
763.9354	417.1415
754.0104	384.738
781.5429	395.62955
743.3281	400.7394
757.73816	388.1782
776.9139	418.1288
761.32043	404.7095
766.3638	402.15985
740.9687	418.513
758.11914	423.2011
788.08075	403.4258
146.74979	518.9783
129.92961	500.54913
154.03165	522.9269
137.13837	488.2875
181.58481	491.3448
136.3222	514.34753
176.7809	487.2706
160.26724	500.20953
139.92099	479.59186
156.9711	493.75104
153.70029	499.39252
817.25793	414.05804
841.3207	402.93283
832.53534	422.0556
854.9626	394.91525
837.2495	407.74185
834.45215	401.56284
849.41974	385.1009
852.31824	416.0874
819.93494	388.46356
824.33105	423.6494
823.08887	394.1234
143.5165	420.06207
169.4287	422.90317
158.89798	384.0796
187.5929	399.9282
130.65456	383.16534
176.91992	416.3339
178.56711	384.38455
138.7922	421.07974
155.96306	398.73846
160.15018	428.6185
133.87668	370.53986
135.56013	378.4827
146.87914	370.68936
921.8898	394.0644
921.775	415.14917
897.341	389.6425
899.7873	385.04156
889.6818	403.46198
903.5172	421.59943
911.11194	405.00867
915.59924	422.32803
907.5088	400.17084
903.86	406.36884
