479.2023	61.722878
492.27017	102.44084
471.37213	53.455383
456.09637	146.37567
407.87723	107.00234
485.8692	67.60058
389.59534	92.0683
497.711	88.69148
404.68506	121.5697
431.95673	142.95071
438.7788	64.491516
466.9148	70.58775
433.71884	130.38297
502.38623	118.05995
409.30655	86.48597
407.81854	59.816444
473.87387	144.15118
416.05118	137.3798
472.66162	140.19261
491.82755	115.594444
401.3949	77.22923
500.37427	104.66278
405.52924	91.86058
417.4433	56.335865
444.13812	146.89142
401.08978	59.365948
483.9392	60.577496
413.46387	131.26962
441.94492	46.995968
174.31676	563.20013
141.37413	565.2814
170.01851	560.4659
145.3622	580.1323
146.2428	543.10706
154.44975	568.0386
132.65189	558.5193
135.86514	548.9061
170.30801	572.39026
134.6873	574.15546
163.23105	544.73737
151.23586	504.29315
157.52774	452.78387
156.97806	445.4063
163.87094	494.10474
178.89857	491.6674
178.21886	476.31625
136.38562	449.4892
173.47798	457.13947
131.71353	485.2125
124.00803	491.68344
174.71587	451.5131
124.682495	468.07
170.43997	451.01178
136.05093	495.3124
151.38388	473.77353
182.17209	470.239
123.99746	474.44717
158.03128	193.15182
157.173	250.54727
135.69002	203.79202
172.88211	221.96973
123.4507	261.79016
175.53854	193.5817
133.71619	262.3357
115.47648	252.71243
175.18703	199.28403
121.187096	241.20847
131.22467	194.6286
189.6703	255.36276
156.23283	257.79868
113.3465	240.36914
178.77164	205.16301
133.44147	225.69067
185.86404	209.1622
164.03207	266.15814
144.41948	191.53038
193.33057	221.7249
117.14104	233.09512
137.62714	189.4973
168.01016	263.21317
680.33093	416.72552
685.1241	372.53217
671.8242	376.03012
684.0343	368.5611
702.31744	388.2348
671.96423	384.01462
709.6178	393.01218
709.0624	404.96918
678.26843	381.42947
696.33215	405.2598
668.541	411.61865
662.4767	385.7848
688.848	423.0013
663.205	413.03378
707.19867	380.28375
682.7823	424.02667
701.12976	374.30603
700.2428	414.6524
468.50653	388.0876
486.78094	368.0108
495.85944	422.56415
459.05112	395.91727
509.47723	402.30304
476.58984	361.93613
527.0856	396.49615
484.71835	382.94366
467.72968	398.414
508.5162	369.01422
503.96613	426.7243
490.36505	359.60065
526.9983	403.46005
470.25763	420.73965
514.6808	377.90417
518.29626	410.12372
468.74512	410.4392
517.81964	381.12582
491.98105	425.8767
469.2919	372.9315
516.38007	418.6512
462.9811	402.41257
503.36142	365.50174
477.80933	425.96744
361.0833	411.33984
413.45322	395.27994
400.36133	379.9096
344.815	373.59262
399.02087	404.00885
341.80988	383.03214
332.7097	391.29562
383.3691	413.3685
375.28488	362.87674
402.24127	370.53583
328.7648	380.59995
383.59024	365.09393
376.61484	415.35114
337.73468	386.2989
408.6921	388.32635
362.60724	432.97397
352.0928	383.91055
373.8273	434.65982
344.46323	365.27695
394.8951	369.1192
378.96585	428.47174
349.82056	359.26324
408.2754	413.11005
347.70407	424.46664
395.17032	363.24066
382.0747	434.7023
332.21365	398.77213
370.74808	414.1627
753.8466	414.41586
784.5045	376.99545
771.4938	370.71408
780.50525	416.50977
786.9855	385.80673
767.98956	396.71466
771.1178	378.08502
751.21643	403.97894
747.93317	408.69672
763.55365	370.50998
785.67834	411.9773
748.1395	388.65546
790.3101	406.01147
787.7892	399.7431
747.21936	384.0572
790.56433	391.61197
744.04346	395.09738
604.7536	365.0845
596.8529	417.4957
599.8541	409.3199
624.877	396.54163
619.7191	403.27734
575.4362	383.50613
619.32654	391.80405
571.64124	414.03143
574.9652	375.32083
596.24347	394.0256
612.5551	377.42352
614.3434	417.13486
575.5648	409.09814
580.57947	378.7846
607.602	417.4872
571.2185	386.4007
599.45306	371.42255
598.3541	422.36783
588.48926	368.794
588.5456	421.66245
724.74664	36.14375
788.0592	79.67195
779.90784	82.95182
712.20404	56.829937
744.5601	100.916466
714.94434	92.40793
754.621	37.450512
725.98926	93.8389
703.8766	71.79172
764.68976	36.17465
762.7324	98.08662
712.298	73.98104
776.6722	39.891182
726.34766	103.94546
769.6229	44.224285
777.69006	46.776417
713.193	81.47535
756.18396	109.71509
744.9701	105.956764
750.192	31.94551
764.80707	46.9862
743.9467	32.84063
189.77151	75.087944
191.89862	87.76778
155.30156	44.30941
167.3703	46.50096
116.36461	99.32372
170.01187	66.54741
171.25398	108.53786
126.91557	102.89645
196.42084	62.414635
113.625046	103.06738
113.61806	69.97276
171.12201	43.803604
123.94133	97.99686
118.72628	55.115986
121.920425	109.99132
111.8021	79.25242
183.95042	105.70339
164.64279	117.942215
160.24101	31.698895
175.7742	47.81296
162.6838	121.65603
187.90047	56.010265
155.28517	115.60303
115.27278	60.477314
172.65108	117.68423
129.0784	335.18546
174.50395	338.75952
173.12474	382.9873
136.72742	333.51202
189.02594	344.23077
164.8472	390.13153
167.18788	336.35333
177.6293	386.3499
142.99048	327.6631
123.949585	360.0575
168.19731	329.40533
133.69145	385.97345
150.68694	325.4772
144.97559	395.25452
132.64316	345.0815
118.26982	370.7927
124.60101	343.48068
182.99483	365.2666
159.22719	375.99103
