440.12433	114.75051
490.78522	138.0866
496.24384	147.52042
513.61334	75.296196
476.73184	49.425854
473.6862	56.57769
436.07855	82.968735
475.931	92.41689
520.22144	119.326454
423.5429	132.52324
467.13934	43.148872
441.8012	123.61963
439.7151	63.49401
461.99902	54.562817
494.869	151.30994
422.50195	99.32939
533.5271	105.64669
430.01855	129.38298
529.6853	73.31044
508.13812	142.45418
453.7331	45.618767
517.19684	145.71484
462.40594	146.31715
520.46344	61.214478
434.74347	129.76611
431.53394	114.37453
480.71533	129.71353
169.22025	114.21041
197.61465	61.994537
177.63791	117.25728
169.84413	121.74846
134.28763	51.359394
133.74028	73.71078
144.1066	41.62563
187.80872	40.8113
160.68546	119.73537
150.39932	41.939316
195.30966	99.50181
123.27834	57.775646
159.63217	79.943405
192.96783	114.95083
175.09439	42.078106
202.61856	96.59001
120.14763	86.52809
178.52939	41.394463
190.39752	119.50757
127.21236	101.88048
186.05795	60.08715
130.94939	117.59574
176.5759	472.11353
191.26534	493.8438
132.63304	510.80255
148.1276	466.29477
175.30936	502.94806
140.77255	476.4516
187.3523	486.0876
132.77242	518.6931
194.44798	507.72314
161.56186	531.1107
131.4354	490.2819
159.83395	464.24164
162.57536	523.9779
140.44687	469.39005
179.34262	522.74524
152.7028	526.4928
178.80632	204.29755
190.07498	250.46567
134.02988	249.69077
184.31725	219.78085
133.4618	207.2467
123.85646	242.2269
145.29422	260.40668
135.5659	210.5588
187.70682	201.80283
134.04837	258.46942
136.94852	200.60376
156.999	267.92383
133.42354	236.89949
167.78586	189.2708
199.21542	248.3552
132.7117	255.20935
193.88316	216.91415
166.43497	264.1425
175.45793	202.15547
611.94293	406.01624
605.8879	379.05246
643.9895	427.82022
604.6522	405.72723
639.4182	373.0111
626.3385	429.36166
657.14197	381.26422
664.96454	391.25174
657.3531	413.98267
603.29364	400.95868
644.0938	371.37866
663.29285	409.56772
632.442	397.1833
637.1875	429.26587
611.4935	417.88184
631.20575	367.2202
649.7973	416.18912
604.47015	414.12173
645.6275	365.51544
786.8361	55.861214
819.53143	40.530426
825.8104	65.55958
769.0029	70.28463
797.84143	26.605312
820.5744	74.420715
774.878	32.319813
829.8468	53.36695
815.4414	79.93076
807.0219	77.464066
802.8269	81.87191
777.30383	37.484425
797.56573	53.51707
783.34015	81.12529
787.09875	32.28275
715.273	389.79584
708.5588	398.55585
752.44147	375.03436
734.89026	428.22565
713.19965	383.59134
760.82776	386.59998
711.59485	406.18887
717.8725	379.39435
764.0157	412.6583
758.628	403.72968
762.4813	407.27765
757.75244	411.41156
724.6207	380.19647
763.3692	392.68054
720.5797	418.66074
756.49426	382.43332
740.4125	422.96796
805.1255	396.1429
842.7882	401.62128
812.9567	382.2573
838.0306	387.01608
845.8986	406.2508
823.98474	418.09906
840.2653	382.84174
826.86914	415.39127
803.85706	386.21478
816.0511	419.1683
823.921	397.68826
825.41864	378.23016
831.74414	419.70264
144.17938	337.60565
166.02527	335.17175
123.05913	346.6582
127.97577	348.42117
190.46931	392.84937
124.18972	386.26044
183.55925	343.9717
168.61705	402.82703
168.56444	380.01117
173.08635	398.15527
177.34384	407.33063
152.21509	341.1131
140.8077	396.52484
127.799515	355.02997
199.73444	352.7993
193.02155	377.55682
159.55151	328.05347
194.15417	371.5654
133.82057	390.8423
423.36127	415.30487
380.30002	364.42352
358.5652	410.4192
419.3454	380.17715
387.11832	438.34906
363.70755	417.30234
375.0438	437.32095
390.0359	427.7382
426.3563	408.31424
393.92545	435.29263
414.6333	387.6341
395.79672	365.18155
349.69464	400.97345
358.1762	373.07928
416.30527	422.42343
358.35077	422.5292
427.61383	394.77716
400.49847	435.2602
388.33466	356.40933
424.91315	400.16718
355.7429	385.0749
377.34628	366.88043
407.75592	431.70474
374.45648	370.0622
507.37247	432.7093
513.1586	431.22144
512.5303	355.21228
540.6396	424.00653
487.59937	389.94547
533.30817	374.8604
517.3946	425.3974
486.09448	406.6579
544.52606	406.0689
533.73114	430.7403
518.04663	369.26776
493.0324	417.35956
491.33383	376.94843
548.522	383.85223
503.03925	426.4947
551.5961	393.779
539.6452	373.6711
495.05923	386.59515
495.15054	377.61142
523.5052	410.52905
877.6256	392.62347
906.0335	404.53607
903.48303	409.9022
880.42365	387.14752
886.4813	413.18292
875.68036	398.50412
908.1188	398.54028
891.12415	401.69452
893.0535	395.8444
897.42737	384.1688
