615.19226	412.705
605.54376	420.39355
578.62573	415.19604
617.2081	387.2104
591.74744	427.17612
599.7986	381.74677
575.47473	421.54575
593.4242	400.6762
597.738	404.37656
588.32947	377.96213
604.7531	372.26654
618.17725	416.81012
575.3266	390.09027
617.8964	396.17102
596.72253	429.7342
610.6346	381.67136
161.2714	476.45938
125.2724	499.22443
123.00653	490.31866
174.52742	489.4944
171.64406	504.67368
169.91502	509.99677
120.772865	500.243
137.3031	470.4051
159.62866	521.0002
141.81712	474.99014
154.23117	474.25092
134.97304	511.837
118.99782	506.30542
712.4362	79.70363
782.8578	64.02019
749.9784	79.946
722.3246	58.478516
719.96924	70.784775
786.9203	74.61245
722.59314	90.834114
793.6043	51.786522
727.7312	78.766716
729.00366	31.885555
735.3409	34.930363
741.01886	109.83601
767.9747	40.765648
783.08044	88.41759
761.98035	107.97473
775.1508	32.87145
783.4193	97.7272
726.7354	48.76945
760.0815	31.20254
163.38712	135.25864
165.0968	123.92824
124.79401	101.16501
137.39944	132.81625
163.83379	78.81209
106.45326	65.82635
179.90211	66.750046
141.58925	41.60521
97.52802	86.442375
177.3465	44.03412
180.4526	59.856346
97.95207	93.8845
197.0537	85.16082
148.54681	131.67447
125.861305	42.58082
188.03282	98.697044
107.16372	97.44071
152.94003	44.75975
158.35446	129.65326
105.424965	90.996925
191.96272	76.717476
179.05473	121.574356
126.84712	49.04464
143.02318	141.8906
170.49043	412.85565
164.89658	364.8928
174.62753	398.62433
115.944984	372.0099
156.07112	420.11542
141.56671	420.23712
133.82779	422.3089
144.08995	391.7022
126.53275	371.36432
173.66733	382.4062
114.62455	386.8157
173.94453	374.99274
147.42503	387.12122
116.70498	380.10294
177.84714	403.3471
147.33736	418.44458
664.45544	386.92902
681.2531	402.2177
659.29474	407.40573
688.9622	383.67978
702.3275	401.2447
676.014	404.01868
701.345	394.1527
680.66345	423.4139
670.5614	384.27383
690.84717	423.87833
663.4167	391.35162
697.6025	406.1619
694.4994	416.09995
672.2698	423.4811
739.7702	392.45557
751.72784	415.45184
742.75323	385.213
753.68884	403.56378
741.36536	421.58212
770.33374	400.3511
748.82263	389.91345
734.698	397.76666
770.60486	410.7373
739.51086	415.4379
759.3268	385.79144
752.2442	422.77692
406.98456	135.87103
401.37207	137.50922
477.99673	103.06525
448.68463	39.427002
496.347	103.42155
428.45444	150.01775
507.78687	113.568375
496.6932	125.39136
401.2297	97.263794
450.08173	150.53787
396.21252	92.094864
422.15924	63.56609
504.9685	99.93776
405.2661	85.51804
487.4461	130.05719
419.27863	147.02718
464.7653	61.844696
484.13495	141.85275
451.01572	155.15312
469.15097	56.67644
487.51953	74.591194
407.9908	69.89805
501.69415	137.97153
432.6981	154.43512
454.88434	50.67036
506.12103	76.967865
415.00946	132.76822
478.93365	62.16272
398.2664	122.595665
460.7873	56.64092
822.7656	420.93964
800.92255	407.58035
820.5008	398.23495
820.9201	405.43088
815.36334	403.06247
809.7499	386.065
803.62604	416.6932
802.2778	394.38205
836.1628	408.1219
798.49133	399.24518
835.5464	395.5931
832.3076	416.23764
342.57172	386.07758
367.81055	360.2785
346.8976	436.5727
406.1144	398.89676
365.82013	445.17334
328.47693	405.93066
330.55206	390.65332
389.96698	427.10245
342.34784	369.81992
395.8892	410.03314
329.02582	421.21646
398.90274	388.40335
378.36218	433.95612
325.26172	413.76727
390.48276	384.261
402.20914	408.4469
362.96057	369.4377
368.24884	413.90585
328.76617	395.408
378.15012	372.5528
402.36185	401.81644
343.72058	375.84747
391.50504	420.0061
364.995	439.7024
394.1273	398.83563
500.9293	434.40894
461.82233	387.86542
465.05728	388.86517
467.27094	422.4123
499.29825	366.38867
503.76352	386.87283
478.33633	422.38315
505.8939	380.11978
513.15137	427.91782
480.6272	373.20798
492.38046	403.99942
466.47177	427.7317
508.1434	372.9478
513.8434	436.55215
472.0642	397.81992
522.9888	390.74884
484.65005	433.83276
492.21915	374.2281
515.2134	375.72748
492.29376	435.36652
457.25092	395.21564
523.7804	404.53848
152.104	248.8066
146.74298	211.03352
138.84026	295.3022
128.82712	224.13489
155.62434	295.1392
142.3641	284.34674
135.3931	217.00029
181.12154	264.92706
114.21771	287.39703
170.26268	286.4085
118.51665	225.46606
124.10414	232.9445
181.29353	281.48987
127.28825	287.84286
175.24149	222.19405
106.53032	257.38568
139.0138	212.35251
186.62611	264.15076
107.92964	269.51764
164.80745	214.47502
156.38487	289.12064
