713.25507	405.25073
697.78754	397.68073
692.7809	386.0684
703.63586	411.8946
680.8162	388.38287
711.76373	381.5567
710.3222	414.79062
703.1397	377.40015
713.0179	411.10504
678.35754	401.5941
694.3922	379.89688
639.6937	408.96216
615.19226	416.54413
624.72815	377.65854
600.40686	394.24496
624.99084	371.8521
636.0361	413.56583
621.89685	368.48663
635.9713	420.7801
601.1122	404.66187
609.4099	419.7166
635.2179	375.89642
621.99817	423.42676
614.49646	377.40057
631.71533	417.0629
126.32003	480.03607
172.83667	466.95563
141.32999	501.04315
142.53214	456.3454
168.75418	492.95264
147.77933	479.4436
161.65004	458.71906
147.6268	501.8943
163.65097	455.3409
153.51796	479.37872
177.02675	487.3711
498.0733	77.98717
403.01535	90.776794
440.90347	135.33867
470.38437	140.2073
482.8326	126.035255
397.43915	90.72564
499.11954	87.758766
495.43683	69.66436
413.09198	65.05776
438.93668	140.43024
407.87793	73.20436
489.4647	117.998886
394.50787	99.02626
504.7071	97.087
450.19635	115.99568
434.59433	54.51936
483.28375	61.85735
463.88055	121.23332
409.28333	59.77419
429.5013	50.68554
399.1995	117.57745
482.90063	51.0438
502.5302	120.7672
108.64203	92.116776
198.50388	70.33675
179.69676	125.433876
118.62058	60.25717
146.0611	40.775227
168.19455	135.84158
191.06073	81.369705
163.43738	131.00465
134.50528	133.97733
197.53535	91.906944
186.18677	64.9101
138.78275	47.944878
155.34306	135.33234
138.31642	103.1595
196.9639	79.2116
116.30231	122.68678
132.41245	41.326206
192.99754	97.947105
108.72966	117.94778
165.21458	48.73153
124.78534	121.43309
107.68793	75.4248
546.58093	404.99142
507.04315	431.1922
515.0922	359.37018
521.44934	429.1292
482.78583	408.05188
500.10065	360.29938
533.5283	425.29047
540.2747	375.5343
548.1542	418.97906
483.68964	421.23175
478.97324	383.86
469.38446	408.31476
473.88867	385.92725
519.5465	363.01608
511.28632	397.37152
511.2741	363.44763
537.56525	406.47827
478.6977	412.82587
534.41895	368.78253
543.1832	409.5605
483.42773	394.36655
530.7551	360.5998
832.25995	398.62347
820.98553	382.24545
846.5887	404.72507
815.58295	408.4717
848.27374	398.19324
816.65076	402.55536
829.54395	412.71783
847.04736	386.32928
828.67224	394.06064
838.6201	382.59454
398.96802	381.16193
335.8758	400.29736
360.98975	358.3906
334.52844	411.40106
383.37012	374.52005
390.7823	426.1059
391.22333	398.3766
379.93015	363.019
377.12604	436.83612
339.93616	383.1701
396.2597	423.09918
370.7375	431.42007
391.52307	364.4743
401.58316	433.70172
375.7311	426.71735
396.43732	370.99304
366.5841	438.16388
400.76392	363.24054
385.88998	434.0446
348.90048	433.50024
373.61136	354.92828
356.24652	430.57657
333.4006	392.22174
185.367	240.88152
116.620094	236.08508
164.3221	219.3435
147.22346	290.86765
175.71246	289.64703
113.289894	249.61484
139.1082	292.10532
124.56417	227.3626
183.12753	247.80551
123.22274	276.0185
133.39822	218.96732
193.47232	247.0693
120.663895	230.6276
184.75676	233.46953
182.4042	274.7226
179.34642	228.84732
168.27892	282.21405
115.93262	261.00238
724.6886	33.849236
719.4519	47.08516
714.74756	52.877922
732.81573	51.3055
713.85913	43.392075
730.03815	106.957726
762.7874	106.100876
713.4072	81.71776
783.1024	77.866684
757.6759	104.75708
740.6063	35.251095
768.94586	36.839725
722.9375	93.58938
751.4935	35.43717
772.42	95.903854
732.45715	38.12252
775.5709	90.68625
759.4046	413.08173
760.31	380.06277
772.1258	379.5969
767.5515	396.2562
783.8458	403.99243
782.1493	409.42328
749.99054	391.73618
781.7235	386.40585
749.55426	406.3266
749.4338	385.61945
765.2296	412.55087
125.68794	374.43042
156.16289	352.30023
153.82149	409.47348
153.26874	357.09674
126.18201	395.6846
176.42026	397.08173
152.7115	379.14297
149.90526	383.76782
145.02556	353.1574
177.10352	373.47003
147.39694	405.7691
135.37094	361.07095
166.21646	400.97223
