522.6206	97.31844
517.8442	140.20816
465.06226	99.11817
532.63495	92.868835
444.45743	76.94896
542.30597	100.06782
459.96002	150.22755
446.0944	70.15563
493.18488	124.39687
452.2343	47.04535
479.76587	51.914776
475.50488	154.061
437.5917	120.895645
520.02576	71.16388
427.39023	101.45209
469.69873	56.399055
484.96332	49.04944
426.8274	120.8031
502.7792	52.234978
496.1306	154.31578
438.1878	63.677185
525.4012	121.29269
439.85025	145.91075
537.6153	95.36202
496.10596	151.27396
434.12442	66.80592
531.68616	127.756615
521.38525	132.01865
427.46484	78.74851
525.8547	104.696915
149.00755	267.6259
122.86751	248.94637
137.29008	252.48564
136.41068	197.2451
168.15208	213.34204
126.40901	222.14316
186.79138	201.02504
182.61166	256.437
140.8174	189.6894
180.92134	201.89645
150.45917	263.45978
126.00946	208.16902
197.33623	221.37915
139.97911	185.72906
197.81369	209.08957
183.19518	263.28568
148.66916	261.1349
177.41121	179.99863
163.25241	259.7669
162.57541	187.7553
166.50493	263.70462
772.5243	52.281544
790.88794	23.604649
772.6567	43.482533
786.64435	76.49658
828.30255	47.922707
795.3389	79.48933
786.4349	30.375607
801.08435	82.03147
787.2239	23.594553
800.75793	22.274954
810.5398	74.86309
817.65106	35.777122
820.8947	45.623165
776.9699	39.704624
826.7313	64.10123
420.31952	438.875
365.51047	383.447
431.79117	380.29755
409.57492	401.64566
359.75552	375.10858
400.7048	363.66235
403.10855	437.41977
424.8226	372.17752
372.6774	396.25745
386.96503	392.56848
428.79858	417.43903
373.23837	439.35312
373.23077	367.39178
386.58194	432.65863
348.37933	404.12946
408.30322	366.28333
410.30722	436.84717
392.05832	364.0921
432.119	430.38007
352.55316	419.03598
420.13696	365.28394
420.74115	424.267
383.71454	357.05502
395.4814	441.29312
361.15765	434.36542
397.31525	351.8687
416.0084	434.07162
351.88467	381.5513
192.85399	363.52896
141.32155	388.3844
134.4671	332.67706
184.25912	394.74442
131.84865	338.72314
182.93306	390.5475
158.23721	397.37164
185.13577	347.65704
190.41486	350.3865
146.17206	394.86258
190.59665	382.4035
187.3758	369.95328
141.3289	402.3784
160.49577	331.35834
187.36899	380.49286
143.3221	332.83478
139.9278	327.20987
134.01657	387.27252
130.88551	348.1994
911.90155	410.08917
887.988	405.5426
915.02814	396.7078
913.05585	401.02957
910.0023	389.57596
892.8651	414.1352
883.05975	406.2909
896.4264	386.38577
905.5228	415.76056
888.9089	386.9239
852.8412	411.96515
838.4871	419.19116
840.32166	402.68594
845.55145	417.68735
840.26355	383.952
858.8667	404.1284
843.40704	388.47406
824.7684	395.67862
846.5955	382.25482
831.062	386.0512
833.39954	383.0153
155.13788	117.32462
126.55288	66.66368
161.38936	45.19732
200.34909	60.169514
120.43414	74.19905
178.08081	112.41366
150.13068	112.91638
181.9097	52.10134
131.49448	51.39663
144.18362	36.578884
192.77051	71.13637
177.19528	38.872047
148.95427	42.17148
189.93524	102.38449
112.43022	71.21297
187.33624	96.36658
152.85707	108.268616
153.46336	35.27133
193.50098	51.678417
130.83005	104.409256
159.47424	38.611263
133.08438	106.47899
620.4857	400.98862
668.7927	389.72507
624.9005	402.08398
649.2185	364.12604
654.8249	429.17487
613.176	400.30768
667.2249	374.6713
628.9866	420.62134
639.53754	373.4052
667.77356	424.94995
617.6894	408.3638
621.5247	395.3515
671.8291	414.3725
646.57513	429.82187
679.40674	399.87137
674.1875	416.12067
633.1729	371.9239
672.3358	428.7631
655.39795	390.29813
632.0098	379.73953
152.38013	523.218
149.29573	493.4488
192.87613	480.1666
144.65288	520.65674
186.75365	477.5516
166.35452	527.49805
138.05586	513.96936
139.16563	485.0599
146.22409	474.6667
153.94655	455.48618
168.54633	474.86517
131.87082	520.5006
184.75099	468.30908
136.42291	520.6203
145.13065	463.4734
165.23216	458.43814
170.2435	523.2778
126.36067	505.92496
506.466	396.7668
501.23395	387.87927
566.4395	404.7794
505.086	416.6595
526.9624	426.26675
558.44946	405.20874
540.63	436.56387
517.55774	372.76373
554.0759	381.6048
560.9153	382.04514
529.451	369.0446
500.41193	412.99496
571.3483	406.22958
556.0955	418.82318
498.29962	402.41266
553.5082	373.17926
530.02936	431.95645
506.62906	383.98624
561.4095	413.9791
496.05194	392.50266
509.46884	374.27716
557.2277	423.99738
728.2868	391.2902
732.799	381.26135
762.4305	426.91437
732.6505	396.77542
784.6613	409.07965
750.93085	428.43994
782.53015	396.88052
776.63165	422.8832
752.90076	373.53427
788.91705	401.98294
785.1841	417.0275
763.31165	374.58115
788.6359	407.23688
739.43933	386.84454
781.26746	379.80377
769.27454	423.6002
731.1793	405.98764
764.0486	399.10376
732.4967	421.62372
