596.3937	380.8592
590.78674	385.2191
593.4973	374.59418
598.24097	389.5256
585.489	380.47232
601.9829	376.9369
592.68176	392.86624
586.85895	371.78265
605.5355	384.6272
583.65515	389.81226
601.2767	371.00375
598.1942	396.8648
580.6155	375.53424
608.0762	378.54205
585.08435	395.48267
593.4137	368.68323
605.83813	391.0807
580.08405	384.5097
535.4437	379.61844
529.438	382.595
524.369	377.416
537.4881	386.0079
526.27844	390.0523
532.41016	373.60547
536.1288	392.54874
521.92163	383.42987
541.04004	373.8066
524.5073	397.7353
521.91064	371.53082
545.2138	386.25027
515.85706	385.76117
536.9369	368.60504
531.7865	397.3615
515.9912	376.41577
544.9047	378.56415
518.6986	392.5994
527.9938	366.0948
543.01514	392.76776
150.91814	66.65593
172.63846	59.23459
160.9423	74.24194
151.42899	57.927845
166.29706	63.359383
158.49669	62.729694
167.48221	46.91131
167.32248	70.8361
154.02129	48.240067
173.00145	50.88219
153.60788	77.35378
162.7587	56.455322
175.0557	74.05712
143.49852	63.833366
173.9674	45.613792
163.64355	84.22852
146.03821	50.64948
178.06711	62.449394
147.54337	75.97215
161.38542	48.983116
171.895	82.107994
141.8483	55.64561
183.01219	59.02414
156.47975	84.18446
158.17699	40.919426
181.07451	69.20802
145.81517	69.96897
167.05893	40.11708
737.6915	60.68617
718.37604	45.172752
743.6197	54.117207
722.6107	66.94621
726.2208	54.359222
745.6373	70.61713
726.2154	59.4824
751.2776	55.375336
732.71204	64.48801
736.84485	42.756645
750.72046	61.895466
716.7583	65.860916
737.3167	51.43743
743.0191	78.25403
716.6915	51.788994
751.66754	45.03454
735.11914	75.767914
729.32886	40.061184
754.4894	68.59325
716.64685	57.76104
743.0959	44.041943
737.92	68.83835
730.0239	48.022785
756.4158	57.626446
728.22516	74.095505
743.4159	36.99888
787.8415	392.24847
774.94214	381.02066
789.81354	375.42218
776.8743	390.2751
780.4548	377.82367
787.2875	385.02228
772.43634	385.9565
784.50183	374.19543
781.99133	392.0484
774.77057	374.09998
792.7423	382.14716
155.48323	358.12793
159.144	343.53293
167.38593	350.86523
154.09018	348.0801
168.78706	336.83173
160.25865	349.87228
153.46112	337.33234
170.6843	344.43198
149.17012	352.0971
163.88156	335.1166
168.25046	359.33823
148.53473	342.9427
176.29225	342.52472
161.33829	359.90182
158.33757	333.71564
175.35263	352.90604
445.83966	78.54269
456.71246	68.11092
442.2818	90.4348
438.3527	77.06151
455.70453	87.52272
451.77335	98.44859
449.11484	68.20775
450.79852	90.063805
438.75458	85.53041
459.90054	78.57806
441.14386	104.79004
442.86688	65.90132
471.05664	88.61209
429.65533	85.23146
446.48242	61.502186
462.575	90.31998
426.68832	75.654076
465.97833	82.74456
432.26727	104.0083
434.3995	64.928505
472.15558	96.87088
429.21295	96.13434
465.31976	67.54002
452.18472	104.03142
435.12836	72.45074
472.49823	76.365166
435.13803	94.4372
456.83936	59.30141
460.03726	104.06683
363.09534	385.9797
379.59882	377.65613
369.67926	384.0088
371.4978	376.6278
379.1392	386.9544
363.91217	394.74405
373.94763	371.69235
377.9918	394.4828
362.58765	372.61523
387.42673	382.0074
356.45966	396.4478
366.8554	368.32843
385.6905	388.60193
360.42477	379.14664
386.04977	372.39142
372.87704	391.48917
357.0185	367.55997
393.9217	383.51175
353.2925	390.1823
374.4295	365.15414
381.42828	402.342
352.5122	377.16473
393.05087	373.1454
363.5041	402.70712
367.69513	362.8876
387.72784	394.87122
355.51028	385.2476
382.05316	365.80713
373.6126	400.45285
811.41077	375.3923
825.2933	382.20905
813.61066	392.92285
822.2549	375.61166
823.62665	391.9814
809.96936	381.0489
828.4923	376.308
818.50665	388.36273
817.16656	373.7542
828.1494	387.24728
811.1328	386.423
652.5498	379.6355
652.4574	389.67487
645.06946	378.9565
663.6378	380.41412
646.8915	387.2733
649.1762	372.89594
662.53955	388.6535
640.6107	384.92096
659.8634	374.3211
647.9653	395.66644
643.12665	371.49686
657.62744	384.09454
640.4017	391.90607
654.5992	369.4618
656.9499	394.9313
635.993	379.6636
706.90515	379.8813
698.0553	386.4691
695.93823	372.16367
710.4683	389.18723
690.4699	386.58557
703.20447	371.31906
700.9049	392.31976
689.6415	375.29376
711.3458	384.022
692.20496	393.20175
699.46045	378.04758
706.43665	394.5119
691.7074	380.95737
709.73114	374.21625
163.75455	170.658
155.92375	169.78975
172.76523	175.24841
144.91882	179.23004
164.3216	162.2881
168.55185	186.57712
144.92886	166.23235
171.60391	169.26794
162.54898	177.67426
155.50795	155.28734
177.53006	179.46439
155.74664	181.63051
168.48941	157.10457
163.17038	189.88913
151.46683	163.08363
178.68927	169.11746
150.1094	185.78284
156.64981	162.39365
175.69421	187.31227
149.35243	174.9403
174.05984	161.45712
157.69807	189.88289
156.96497	411.1565
171.75075	418.73672
150.52135	421.13632
165.72307	404.7198
164.973	425.10175
150.13956	414.1337
166.432	413.34805
154.85818	426.013
159.19742	403.60693
170.58139	426.2674
159.93323	416.44833
172.24289	407.78375
159.82657	427.61664
151.54504	406.7184
175.17097	414.42545
736.9576	389.8803
745.51575	375.50366
750.23724	392.37372
740.62573	381.48474
751.9718	380.6208
742.4383	393.0735
740.53235	371.47882
753.6439	385.94565
733.37744	384.25336
752.50085	374.2292
744.9981	386.47925
734.01404	377.0921
174.77771	269.19745
160.31555	269.10754
158.80943	256.13345
168.38791	275.7192
156.17375	265.29242
170.95474	262.78333
156.55592	277.09518
151.41304	252.75708
166.45114	267.71222
147.00545	272.45963
165.72604	258.2276
166.84824	283.14606
149.93867	259.81836
178.20561	260.68604
150.30162	278.38342
162.42459	249.20859
176.95354	274.33725
147.90598	265.61957
170.50229	253.16487
159.75462	282.33582
451.05093	376.79993
465.8872	386.4073
446.1667	388.68207
462.4029	373.65045
464.1456	401.07242
454.98087	385.14087
468.14642	377.3177
453.5479	396.8411
456.16437	366.14288
476.4747	388.752
440.94965	385.07297
462.01733	366.81375
458.9997	389.5014
444.4821	373.9733
474.83282	376.98172
447.7693	395.18237
457.4724	376.68085
470.59332	393.9907
447.1048	382.00885
468.28818	370.69284
461.13828	395.44455
449.25238	370.53082
471.5748	383.65714
153.7117	547.1478
163.62982	533.32745
170.53383	546.6576
153.95859	535.1916
172.85214	534.63995
160.13002	542.72784
159.6857	528.34796
168.54929	539.2825
153.95024	540.70593
168.51517	527.94977
163.34637	548.64325
153.52126	530.1295
168.33284	480.85605
153.3724	488.81
160.01811	471.90106
169.74207	492.23428
149.22687	476.1316
168.03252	473.3217
159.08044	491.0213
153.66043	469.71356
170.25316	486.11743
151.9514	482.64648
165.60463	467.08685
162.5347	486.26117
159.88554	478.74747
173.74878	476.8947
