617.5585	384.81006
610.07306	389.40903
613.8069	376.81702
619.4601	389.52277
608.74854	382.23666
621.46893	378.8582
612.68176	396.78998
604.6456	373.07187
628.17017	388.29526
600.5829	390.93982
618.11273	372.0054
618.84	397.70477
601.1598	379.25446
628.98724	380.64667
606.09674	395.01776
611.58923	368.65884
625.0833	394.44305
602.0529	385.16864
624.82196	372.95245
163.01465	471.42877
157.32672	465.23785
168.11226	466.83087
157.21251	473.11606
163.5178	459.36206
166.14737	477.31757
150.5076	463.07895
170.33792	461.2522
157.17615	479.37344
156.41527	457.29214
172.05763	472.48007
150.80429	472.34125
165.04689	261.99255
156.84267	273.06296
155.95126	263.4741
166.12442	274.61075
151.61058	276.15106
161.57681	268.73697
164.30357	279.70203
145.09999	274.16196
171.21126	266.75522
160.66708	286.77786
150.65616	259.737
174.2734	274.4666
147.96841	282.77454
168.52887	256.5538
166.95592	287.3442
148.13242	266.28265
176.8843	263.4402
154.30379	284.44226
160.71582	255.49658
172.73592	281.6145
663.3287	386.73724
675.0854	374.46527
669.1259	391.1401
663.5359	379.9708
671.3715	384.18112
657.0404	388.80463
669.4403	375.7434
673.9777	394.59235
656.8707	380.46613
677.921	380.93484
663.97107	394.95654
663.59033	373.04547
678.444	388.05823
744.6018	386.72894
757.3207	378.91342
756.70593	392.96997
750.75214	382.2015
758.74915	385.65167
745.6632	393.10492
755.726	373.029
763.2782	390.58807
743.2039	379.64307
763.6987	380.06235
751.25146	391.5058
748.41925	374.20224
467.05673	381.73804
457.35205	388.10928
461.2749	378.8097
466.71167	389.23703
454.89487	380.84024
471.45905	376.72092
451.1687	393.966
455.0241	373.30975
472.44916	386.1963
449.15106	387.2733
468.39502	371.50223
461.02594	393.7618
448.0899	377.46747
478.6819	382.5011
450.73624	399.60184
454.9439	364.32037
471.30258	396.72772
442.07452	381.3344
475.8051	373.16455
457.73038	402.0583
448.75336	369.90723
478.37338	391.6364
444.61786	392.0759
463.75137	367.05096
466.4926	401.50385
150.87628	408.0044
171.65025	408.755
156.40376	423.02344
159.86679	408.6513
171.67606	419.32748
153.65326	413.8875
167.65991	403.64035
161.78459	415.81854
154.14072	402.00153
168.30536	413.53094
150.06422	418.43417
161.39851	401.12936
164.01535	424.00885
705.2821	383.61618
715.79474	380.78867
710.6126	393.50348
708.6314	377.90085
721.19525	388.18893
701.1291	387.89374
717.89905	374.18134
713.5553	387.31378
700.7301	378.56497
722.8414	381.06345
704.517	393.23224
710.4827	372.2229
717.17114	394.72754
158.97694	522.8331
166.76457	517.17365
161.70483	529.55896
154.76126	511.7133
167.77791	524.5939
151.76929	526.8595
163.14331	510.77457
168.57037	531.3981
150.23965	520.1634
172.97897	519.17285
155.84421	531.6755
158.08275	516.8444
545.1476	390.82275
538.29974	383.8342
544.9857	381.0221
533.2178	394.20654
538.6627	372.9778
547.71936	386.07452
532.5066	388.32498
543.3148	374.95236
550.03955	397.2075
531.16754	381.84985
554.57965	381.50775
540.4488	395.86777
534.9778	368.13397
557.5618	388.25446
524.8115	389.02194
551.303	369.68356
544.8174	401.81454
530.16345	372.6402
560.74274	382.5106
533.3661	400.01733
545.36163	367.2932
556.59796	394.92297
525.0183	379.34155
556.647	373.82217
160.72481	72.90647
152.11215	50.461937
169.00327	55.558716
149.17401	64.33705
161.0851	50.13633
167.47928	66.373314
147.04936	56.099968
177.12418	49.205173
154.95554	70.497604
158.79178	42.525524
175.22124	64.15375
158.11317	60.275055
168.49448	46.0232
164.98598	76.351326
144.43028	44.32937
181.66322	54.980663
147.22554	72.173935
163.60005	59.84072
171.15485	73.98772
141.87082	50.455273
174.46129	38.594177
156.3863	78.225746
153.5119	39.9334
180.50961	68.059494
141.7931	65.4677
163.56294	39.985134
371.20813	397.15076
353.9757	375.87637
373.5903	385.2298
363.47467	395.61224
372.27765	375.22913
374.67538	391.75043
362.21967	380.3462
378.85846	379.22015
365.51007	388.16403
363.5416	374.38397
382.05716	391.76343
358.1756	389.7785
375.79095	369.4979
379.54367	400.82297
355.79813	383.71768
384.186	379.31006
363.9468	402.7521
365.74124	365.2968
389.42084	388.22784
351.1656	391.29883
382.3725	365.39743
371.10992	404.62567
357.49478	368.70648
390.76996	380.12784
356.24945	398.22858
371.81653	366.51694
385.69876	397.27618
349.12933	380.76804
384.46457	371.28024
450.09595	93.41952
445.57486	63.854286
470.1451	90.14277
433.42963	101.02281
451.9839	63.310677
460.5224	103.03196
448.03638	82.45416
452.9729	85.808266
438.61066	88.86845
436.62094	63.38456
457.80878	88.67154
428.7089	89.78481
447.17096	74.49519
444.49496	94.53673
434.95712	76.57277
470.58896	79.02705
428.78726	103.6379
463.5567	61.2136
465.43073	97.070145
440.29184	80.3387
467.03107	73.59404
447.3413	107.34286
430.90732	67.04388
470.01285	99.56337
427.76846	82.60604
463.30338	69.70709
454.27066	102.23124
430.87778	73.23671
460.27158	80.006195
440.74496	102.52657
159.38995	340.96625
170.10104	359.11444
156.12646	351.9815
171.38098	340.69702
163.1511	356.7648
152.30167	344.66064
162.76492	349.5596
149.69601	357.5217
164.55653	338.19803
162.25652	363.16882
149.09732	349.63245
169.91483	346.25208
155.12039	360.8459
153.2584	338.74075
173.49838	352.0943
148.06726	178.31754
172.07388	154.81706
167.7617	179.89073
152.19418	161.39664
169.15172	171.42764
154.51837	179.012
160.9542	172.91634
173.72012	188.08298
151.58589	171.51399
166.15218	163.96745
160.86472	181.26576
155.11603	153.04904
176.25212	179.21089
141.83185	181.51254
164.35992	156.49033
163.93326	192.5842
145.66614	165.90709
173.0983	165.02866
151.79337	187.31229
159.40582	159.88953
179.65144	171.84233
141.46054	171.58615
180.01636	163.42764
165.34644	185.25829
146.92215	157.42372
168.27559	574.92755
153.46262	580.1112
161.73431	567.7487
163.26245	578.9101
155.11794	569.66077
169.30486	569.1439
158.83405	581.75397
154.43686	562.9806
169.25294	581.2118
150.69975	574.17834
166.24637	562.04645
795.16504	386.83685
783.83057	377.39618
799.73846	382.04935
786.0929	392.03363
795.9741	374.63214
799.31573	394.19952
787.75616	382.46356
803.0736	376.32513
792.1185	393.7638
790.17334	374.61932
803.8601	387.36194
783.4678	386.508
744.40686	52.03692
741.35333	71.73134
734.46344	53.722607
741.59674	59.616566
726.4437	67.55245
731.55273	41.16027
749.2108	63.74697
721.29803	59.483948
746.33386	43.543148
734.198	69.08247
728.0441	52.144928
755.8972	54.314766
733.4535	62.092876
739.7816	47.30445
749.6862	74.00399
719.4455	52.83449
749.5463	53.466877
732.30505	75.74638
724.72205	41.88468
754.87775	65.40169
718.2057	65.459816
738.12115	38.215458
743.2955	77.64122
720.8854	47.73407
754.0143	45.525967
726.73157	74.91636
