521.13165	380.08865
517.432	384.1181
520.90656	373.96127
524.46027	390.11316
509.25595	379.001
530.2098	374.52606
516.6052	390.61862
514.62537	373.0924
528.03534	381.66446
504.37653	387.0673
520.4585	367.09766
522.6468	396.79922
502.1997	375.58224
534.241	380.74408
508.37997	392.0397
514.1445	366.01566
531.58984	389.58954
503.48175	381.49298
527.6018	367.2755
514.2279	396.67123
507.74228	369.47037
164.95386	481.61566
160.45096	487.76816
162.55417	475.75186
168.56265	490.32153
156.27443	483.75723
170.36247	478.72876
157.35684	494.77905
158.18002	472.2059
173.72517	488.26068
151.78246	487.88193
168.53458	471.4457
165.59045	495.9772
152.5059	477.77972
175.72679	480.8589
160.06497	416.02905
163.57224	408.4499
168.49564	422.36978
153.3544	411.41382
172.13351	409.57855
160.21564	422.7911
155.17169	401.81158
167.60312	416.33563
153.11295	422.87744
166.87558	400.99823
171.36766	427.85614
149.94408	407.07092
177.99649	410.3868
157.68593	428.6123
161.43149	401.17197
176.74216	419.19507
149.3384	415.8615
174.60847	402.616
453.0014	89.416336
449.6044	81.09775
455.65704	79.020874
443.26605	83.34176
451.32144	73.1194
463.1503	84.1265
434.04218	91.30946
459.9069	70.53279
444.19302	92.04884
442.59625	69.96005
460.20346	77.473434
423.69073	80.89187
456.748	64.0736
462.33026	90.06472
431.89853	68.56508
469.88803	81.63945
439.9309	97.804344
444.94067	58.685505
459.24347	101.3134
431.9096	84.31236
466.9516	65.50055
447.8537	102.46059
439.2181	63.239582
470.31323	91.22077
431.8278	97.93372
449.40976	63.27207
453.8249	96.96545
434.50067	76.92382
652.5136	381.24884
647.1554	385.96643
644.39435	373.75983
657.2021	386.16925
641.62805	382.7104
651.7096	375.2323
650.9332	390.01508
637.51874	377.0014
663.2729	377.2011
639.66296	391.7856
647.40735	366.39923
656.09045	393.49042
632.12604	378.38403
659.3508	371.64166
646.7833	396.33643
640.2249	368.89722
662.42004	384.7169
635.2357	386.92456
654.0939	366.68002
163.83394	58.709522
160.96162	48.479916
167.12772	52.08844
156.8913	64.48328
165.44785	42.066143
174.71973	58.251904
155.56348	46.625755
173.80481	39.809128
154.09177	56.062695
158.33437	39.461174
172.34285	48.00979
150.76376	61.86247
165.49393	32.818157
179.84494	63.068523
143.25835	46.785824
177.918	46.083157
162.77498	69.18321
156.29472	31.808167
179.15962	52.87734
147.85333	52.52591
174.91956	34.62931
168.98944	62.858746
149.49228	41.447067
174.11751	538.63214
155.51308	549.4635
161.88583	534.2936
173.7544	545.4177
156.13646	538.1225
170.26517	532.6708
161.69865	546.1488
155.98833	530.1261
166.51033	541.1041
152.74765	542.3788
165.05264	528.8442
166.15166	550.79755
698.2607	378.87354
710.88806	379.89737
700.2433	387.29977
701.36194	374.4301
705.7013	384.35077
693.65173	384.49655
710.6279	370.83994
705.90405	393.0246
696.7884	369.2021
715.4211	383.87878
696.3198	392.5478
704.74817	369.82526
712.794	390.32773
690.17865	378.03577
715.513	374.7963
446.97388	384.05682
441.52335	365.59613
463.00824	385.02094
439.2082	385.10834
448.9079	377.64996
451.51978	389.1673
439.8256	376.11142
456.41437	378.0061
441.69302	390.8467
446.03143	370.77148
456.3947	387.4939
432.62476	382.25882
453.40094	369.25098
450.89227	397.17987
435.7959	369.9909
462.45166	377.3654
432.12558	389.1364
449.41885	364.6868
461.22028	392.1255
431.7342	376.0396
462.32568	370.85406
441.65366	396.87686
749.3014	373.75922
759.99536	387.59543
740.65466	383.92206
759.16547	372.72733
751.90295	384.22614
748.0812	379.63077
760.0215	381.6633
742.9629	388.93475
752.47327	368.84686
755.64667	392.23578
740.15173	377.07175
763.6105	377.5421
749.0552	391.53418
743.5915	370.14417
168.32635	245.49228
146.35136	250.44685
168.58452	234.83548
164.01547	255.14511
159.6306	241.22488
172.26445	242.19766
156.58723	253.50688
161.45956	232.61557
176.04295	249.2349
151.42038	238.10454
174.04802	229.71817
162.18967	244.86618
151.30154	229.96208
178.9651	243.21579
153.51466	247.4283
166.25713	225.76163
172.75864	253.63538
146.37924	238.88623
179.45496	235.60771
160.29602	259.28552
159.82875	226.6436
593.8304	386.04535
573.2572	383.56842
588.85474	371.67963
587.7989	387.4468
573.14233	369.8859
588.4736	378.04245
582.5405	383.209
582.9031	372.46423
595.43164	392.32278
579.04333	378.84424
597.199	371.34958
581.8459	395.48242
579.83	365.91608
599.2103	382.4254
571.64594	389.95343
588.9362	365.11133
587.6544	395.59637
568.7827	378.13608
597.00696	376.93033
578.0292	390.688
160.503	137.4713
170.6398	156.9365
159.94702	148.46878
168.75592	138.31519
163.22339	158.93864
155.4055	141.83734
169.92061	148.39314
157.31598	154.93639
164.53238	144.86545
176.61252	158.58936
151.72954	149.34882
181.62805	144.73627
158.7824	165.98154
153.2838	133.11003
178.88622	151.04453
145.37498	150.52792
171.8972	134.29068
167.38853	165.43073
147.45847	141.57315
174.97638	141.81303
151.44815	157.66475
165.14894	130.61101
741.39954	52.681427
729.5681	53.474052
748.31793	36.43941
731.77966	67.04887
728.11523	32.467365
750.973	51.410656
718.28186	59.342155
741.2783	39.38787
740.3321	67.8317
722.9684	45.45067
741.32654	46.181957
730.27014	59.137806
732.33704	45.74519
752.52515	57.84153
721.13824	52.41516
739.14764	34.14277
736.1663	59.233253
720.1515	38.92011
748.8415	44.365154
723.37427	64.45091
732.3345	37.171227
744.3114	59.994366
716.6955	48.20001
375.09302	375.7018
367.12872	387.25336
359.727	373.46207
374.7599	383.5153
360.76767	387.94553
373.58173	368.80157
374.68604	398.46606
351.54776	374.3981
382.83286	374.90762
361.64246	396.17236
367.6054	373.5424
380.92612	388.97662
364.84564	380.2873
377.53625	363.04263
372.72678	390.97397
356.73355	367.00006
381.24332	382.58353
355.09015	393.42868
367.21738	366.38297
381.57675	394.5573
350.2896	381.4018
385.3939	371.0335
367.0442	396.38385
366.03778	361.3058
388.98508	383.59592
354.1447	385.6725
168.89145	322.96152
162.9766	345.73468
155.50534	325.99448
173.66109	330.47192
157.17651	336.658
161.8415	326.19708
172.16919	344.73386
150.434	333.25787
175.23404	319.7038
162.6417	334.1148
154.636	319.23294
168.19942	332.8916
149.44357	341.06424
167.64653	316.42877
168.81458	340.98615
146.88583	324.3377
179.40262	329.44937
156.59883	344.0595
159.56216	314.43774
177.08533	338.09137
729.6781	125.92198
738.97723	114.07979
737.64685	129.78946
728.99866	114.28927
740.1388	123.87722
725.5153	131.05507
733.283	119.54769
744.04407	130.23547
724.5028	121.38798
744.2045	119.645065
732.9193	134.5153
789.1194	376.02963
797.2904	381.70203
782.33307	386.0766
797.8261	372.65363
794.2346	388.42206
782.0097	375.73898
801.6358	377.62662
788.96375	390.3697
791.6752	370.7949
800.9573	387.71
785.8346	381.23553
