440.075	79.70695
446.8982	86.99351
448.05566	78.432076
460.32382	86.81029
438.54694	69.06236
456.3453	81.473434
441.0939	93.47724
448.9987	64.913895
468.09576	85.11613
428.9704	84.50009
465.7929	61.712444
451.67523	93.73027
438.02304	86.715195
462.87506	79.0117
433.09357	90.62826
448.47186	59.52221
465.70346	102.59302
423.53696	83.63855
454.46686	68.64344
452.48853	101.94037
430.81738	65.43898
468.04605	75.79584
430.22998	98.20532
460.04297	64.3873
457.3623	92.44184
428.6631	74.800476
468.65488	69.27467
439.7955	101.820694
437.2082	61.563538
470.68887	89.14207
715.2032	383.06976
720.8219	377.74112
720.27893	386.8814
713.1858	376.26715
727.11395	382.40192
708.39404	386.1139
722.0416	370.84674
725.7894	389.0783
707.0817	378.07816
727.9143	375.58682
714.5125	391.14053
714.0167	370.26773
173.80556	499.3265
160.06665	498.0861
164.29405	492.63266
164.94395	502.97235
155.68051	490.15585
171.35132	493.3753
154.07169	503.46396
161.80908	486.86908
171.22884	505.71567
153.0928	496.18784
170.82457	487.57013
161.49649	508.37518
162.60013	361.60764
169.31477	366.9162
156.598	360.99286
166.51921	355.53854
169.05775	372.42905
150.67274	363.43915
172.92052	362.12125
161.53354	372.25043
156.15923	353.4175
178.41733	368.7531
153.57771	371.61038
167.85745	349.58966
164.96866	378.7476
149.21352	356.57233
177.2546	357.89136
157.21329	379.4549
160.6188	346.2625
174.44258	375.45953
146.50096	368.10733
175.71829	350.73047
788.5509	385.33682
780.1253	372.68494
795.63696	382.48468
778.7196	384.41174
791.6124	371.42538
793.9335	389.3574
781.3108	379.4759
795.8185	376.45172
783.7831	389.4381
786.38544	374.13824
170.5821	57.868732
154.80545	59.294044
167.19495	48.355186
161.0946	66.31059
156.49948	46.027283
175.95863	55.681335
154.88031	67.56151
161.71956	55.974346
166.54187	64.92511
151.12245	53.734905
173.30815	46.470497
160.44785	78.39909
161.87589	45.245907
175.82713	63.40087
147.37729	67.705956
176.22849	40.208504
172.87593	79.85667
141.42484	53.890545
183.37434	56.42509
154.60046	75.29393
155.46695	38.549965
175.24219	70.36459
145.39926	61.309986
181.11208	46.91893
168.20555	75.32819
149.59312	43.689972
183.37648	65.78841
148.46127	73.05392
166.97244	39.030415
166.42886	548.6243
159.4253	542.5417
172.54489	536.9303
157.36716	551.4813
160.86859	535.74036
173.18596	548.8929
153.97102	546.1811
166.3612	534.5078
163.71075	554.07166
154.43452	536.9972
170.45543	543.0296
534.8504	384.75574
534.76624	373.55728
543.24805	380.68182
537.6293	379.35938
549.80225	375.53912
540.6839	391.38083
533.8551	364.45624
550.79724	381.4046
529.8004	389.4334
544.6007	370.88446
547.4608	389.9149
528.5216	376.80197
557.3727	375.7382
534.9602	394.32184
539.5801	365.83212
555.20465	388.8485
525.2833	383.64264
553.4129	367.8347
541.8718	398.43796
527.6557	368.89655
557.66785	383.24817
527.6521	394.1808
545.67786	363.0739
551.4613	396.0488
521.73376	376.78156
826.2622	373.65036
816.63257	387.24017
813.972	373.10547
826.9076	384.6021
811.30994	381.75928
819.54895	372.29465
822.06726	388.88358
809.13544	376.28503
823.73663	379.65454
810.4618	388.40466
670.0089	378.456
674.7737	384.2363
664.28455	382.1308
676.988	374.0352
669.7196	388.7845
666.31433	372.41507
679.9128	379.90775
661.7063	389.86765
673.0736	367.58463
680.1379	391.46802
659.4867	377.73505
686.07025	377.22504
666.3058	394.82288
666.31854	366.39273
684.05457	385.68683
656.20123	384.3781
680.6472	368.23965
673.9127	395.1903
657.32227	372.5931
179.00975	275.58563
160.60452	278.0982
159.71317	267.51047
170.105	291.2018
155.83583	273.69568
173.96219	271.65897
157.53409	284.98187
157.66626	256.54694
169.3034	275.96002
146.60855	279.32626
165.74873	269.4024
163.82225	284.64545
152.63535	269.41412
182.22818	267.1793
156.38162	292.60785
166.16867	256.37766
174.97691	285.2027
145.37622	270.38983
175.386	261.5814
162.59947	292.00665
149.58511	261.90958
180.91165	282.134
151.2096	284.6966
167.0062	262.58868
169.70416	178.94128
155.374	172.49574
178.051	162.84892
158.65329	188.8237
153.84018	160.89554
171.1428	172.04129
144.20271	172.93802
168.61882	166.27023
162.18192	180.3872
152.04424	167.47327
160.70116	172.19131
151.42169	177.37708
170.08597	158.40128
174.82706	184.6422
145.55869	167.75586
179.212	157.87009
164.21945	192.28983
158.02893	155.24942
183.04764	175.4475
147.86308	182.61794
168.87964	152.19345
168.79019	186.86661
147.14651	158.99292
181.20346	169.3648
153.32585	189.21317
163.4554	152.05496
181.61513	180.79562
750.4172	382.15826
761.4809	370.96036
757.031	388.914
745.7718	373.28622
761.6711	382.8051
744.8971	388.14993
755.7859	376.31653
763.11273	389.02115
744.5166	379.2923
764.2057	377.5811
751.28046	389.01886
752.2646	369.82986
732.983	57.947437
725.01917	68.55731
740.61237	45.17631
742.5891	67.12104
718.7669	48.886387
742.99023	58.827576
733.9369	63.837147
732.88135	52.427803
750.4114	70.96988
719.5151	60.855316
743.40173	50.080208
738.0482	73.62384
725.3507	52.524513
748.24963	52.18029
719.0062	69.43508
736.5982	36.198776
744.63135	77.33352
714.0526	55.732777
753.1988	48.60501
730.0138	73.04222
727.7402	40.906624
755.71594	65.88185
713.1917	63.33084
743.8534	39.61232
735.82056	79.11125
723.2222	41.722084
749.63855	62.15954
719.5941	75.92018
732.5477	44.899406
470.80713	381.7979
458.5241	383.53418
463.7505	376.13123
462.55386	393.45895
449.87143	372.25513
473.0501	376.6475
454.61118	387.1925
465.513	360.07672
466.3011	387.60992
442.69604	373.28412
469.6159	371.3431
449.7766	398.39035
458.1381	375.12497
477.45493	392.27133
441.58228	380.31973
466.60333	365.96027
461.89178	400.32343
449.31952	364.68628
479.32037	378.78168
446.80267	390.85147
459.80713	366.9043
468.44125	397.18756
447.836	379.80853
475.8278	368.25278
455.54517	397.28668
454.39175	363.37143
476.8811	386.15314
441.7308	387.94687
165.13583	428.93448
164.6052	443.2636
160.14313	437.12482
171.39716	437.53824
154.152	449.7669
158.32292	430.8331
170.77309	445.53375
154.30835	439.84238
172.4199	430.06073
161.47165	450.84418
155.4823	425.52155
176.438	443.10284
151.31749	444.66846
164.0759	423.15887
169.5259	452.35565
150.2192	434.54657
176.87906	435.15445
605.18713	391.0137
608.15894	365.58136
625.528	388.80563
597.4826	384.40112
619.1472	373.41437
612.626	385.8117
606.41376	377.50055
613.2985	378.6924
604.40485	383.8894
612.00006	372.66766
618.8429	391.74152
595.86804	378.4763
624.1852	370.1045
606.1187	396.7628
602.25653	369.70825
621.2021	383.52927
595.9259	389.95935
614.66833	365.87823
613.2983	393.87985
596.1969	372.26358
625.3731	378.085
361.23502	398.44556
365.9218	371.0835
385.82175	389.5179
358.73062	380.72592
380.8858	375.30518
368.16144	396.10403
360.67188	365.07187
378.39914	385.02972
374.0181	380.6994
372.1092	374.79657
378.10574	398.59167
363.87238	376.7066
387.53998	371.74734
368.029	388.8841
369.7663	358.32446
392.68524	389.02765
352.04483	383.34857
380.61713	363.68146
379.22906	391.06293
356.645	369.2887
392.6629	377.06976
356.88177	392.86182
375.58685	364.42758
386.02448	395.60394
353.61597	375.76288
385.77127	365.73297
370.9718	400.66708
369.1836	365.79095
388.93842	380.85614
360.81738	388.34824
