735.36334	121.98021
730.4452	126.38682
736.3713	114.84502
737.2296	131.69574
725.54254	119.86127
742.4236	119.59456
730.2538	133.42851
729.36975	115.03931
741.9518	126.913734
723.90393	127.02749
799.83923	374.73987
800.96875	382.70328
792.19183	375.12512
807.7162	377.393
792.3903	385.67468
794.9586	369.65375
807.7977	384.72305
790.81024	380.1037
804.63727	370.1661
799.0508	388.7549
520.8289	376.597
530.26526	382.37854
519.2033	382.63837
527.1479	374.465
525.0524	386.52176
513.8841	377.40326
533.4252	377.3332
519.73834	389.65594
520.40906	370.04266
538.2418	385.28268
510.2995	383.4359
529.0602	367.03455
528.0919	393.28738
510.22403	369.62152
540.0216	377.5391
511.78217	389.6301
525.3946	362.45108
533.3899	390.59482
506.44864	376.5782
536.6044	369.5015
519.68805	395.39755
517.79144	363.16428
453.70328	384.61734
445.64258	385.02118
455.39835	376.8554
460.1354	385.94904
447.75555	378.51108
464.1744	377.5674
447.32358	390.12994
454.75766	367.5296
465.72583	386.5998
440.03058	377.4181
461.7312	370.32288
455.69	391.14474
448.71143	371.8147
472.4878	373.67963
439.1119	389.9874
453.29596	360.11505
464.9392	393.32736
435.78314	372.8539
467.93173	367.0391
448.67667	396.3732
445.43158	363.3206
472.3697	382.97443
438.35663	383.0268
460.95786	362.93207
456.98065	398.0294
442.28232	369.04837
167.11923	412.03452
161.07306	417.40186
166.27798	404.9859
166.18369	422.39786
158.43007	409.10117
175.412	406.92163
159.15128	424.3751
153.3652	403.31796
173.77954	415.64713
152.70973	420.56485
165.48088	397.78632
174.33891	424.7895
150.18578	409.05383
180.4111	409.8834
153.98524	427.62192
158.67447	400.55487
179.37946	419.86972
151.90817	414.49228
173.87009	399.9101
168.33502	429.26498
159.40442	246.45024
166.78629	249.60965
158.174	254.91093
164.79129	241.80441
173.03189	256.14923
153.42711	246.10555
170.61932	241.64998
166.49191	256.99844
161.0498	236.76062
178.94656	246.98746
152.0404	256.74994
171.54413	230.40445
175.61243	261.88992
148.90402	241.46976
179.25076	241.80392
157.79875	262.54495
162.19887	230.53543
179.37723	253.30948
147.44106	249.9749
175.16281	236.64043
164.7277	263.95773
153.49649	235.2009
170.00491	55.09043
153.3721	62.316
158.08769	46.31513
168.42941	62.87989
162.03252	53.61451
172.55638	48.585903
161.02946	60.43407
156.49257	40.63008
183.82397	61.9065
143.95584	58.275402
167.18648	45.30905
174.05579	67.94096
150.302	43.431675
179.26404	49.961395
153.4556	73.095406
165.49959	36.111004
180.1015	68.34569
152.70898	51.67472
178.05687	38.96949
165.25113	69.64905
156.63792	35.52553
179.63408	56.549206
149.7463	57.81021
172.2492	37.151867
167.42825	74.85031
144.20047	44.551353
184.9982	47.744587
157.68787	67.389824
705.0963	371.2931
716.134	383.59656
703.48425	380.7819
713.2389	372.2788
708.48645	385.0766
700.63806	374.81363
713.3516	377.5933
699.5328	389.32916
710.0752	365.4354
718.53766	389.4624
694.8593	374.37152
722.48285	374.71906
705.8612	392.041
701.62805	366.23114
722.8569	382.08136
695.4597	383.37534
718.33624	367.49094
711.8807	392.48615
147.60106	147.14296
169.99396	155.48752
153.42253	166.91655
164.08928	152.60991
175.20201	168.66325
159.48062	156.7829
174.80893	148.60086
161.98103	162.80618
159.63759	147.75932
175.55005	160.38089
145.48715	162.89229
166.61331	146.04747
171.07867	174.62851
148.33647	154.1953
183.82715	150.92288
162.92038	173.79066
158.07242	139.20505
181.8542	164.91902
153.02501	159.20467
176.18124	142.19746
166.0051	166.7454
154.34175	143.59912
179.79697	155.14223
156.31375	173.29495
168.48361	139.24808
593.9409	383.44522
581.5968	376.0228
597.7363	371.89728
583.1454	383.61835
580.159	365.2345
590.9018	377.9305
576.1942	383.8799
590.83514	372.12616
589.5916	388.0502
574.8091	375.13272
603.4093	375.09357
582.0883	393.09265
584.96045	368.48483
600.2355	387.20486
570.3627	380.73352
596.7551	365.58362
587.75964	394.56012
573.7573	368.74786
602.2713	381.40735
575.2024	390.59564
587.85	362.6234
595.7011	393.12973
149.73936	485.62592
169.30731	485.6175
163.99686	489.1811
162.00533	476.5943
178.30157	494.72797
151.29282	492.62543
168.17891	473.25888
167.06851	496.38263
155.58635	480.4935
179.01503	485.68344
155.41734	498.75024
166.8569	480.69305
172.00822	497.99756
158.29416	488.73447
175.56863	477.28668
161.62604	501.03326
156.67685	473.45264
173.5132	489.8807
157.57596	336.36948
168.95052	322.0766
168.92545	338.93726
149.91316	328.69833
173.71658	330.0654
163.37337	337.87064
160.08755	322.40353
174.43802	338.62012
159.59665	328.7512
177.80927	319.77112
167.4874	348.0396
152.28876	321.58218
167.00055	330.00482
155.27556	345.25137
167.56305	315.9013
173.911	345.70212
151.25584	333.7571
180.56296	327.54337
159.755	350.31613
158.69783	315.68344
181.26685	337.05206
150.82214	339.39398
458.34406	57.981834
457.88882	95.992836
449.46225	81.42997
456.2438	81.97853
438.24908	77.93581
446.904	69.57515
452.23248	89.254745
434.64764	87.76609
460.7434	67.86268
450.02435	94.662605
441.10782	73.20186
463.41684	84.583405
433.33856	93.316086
451.8167	72.03022
460.7464	102.14847
431.98495	75.98227
460.99414	78.00078
432.9707	100.41357
441.31744	59.04574
473.2478	83.39029
427.99994	81.056755
449.2985	58.386463
447.15527	102.108925
432.86432	63.029
467.48022	74.99672
442.31583	91.9211
442.68564	65.16671
463.13785	92.60057
429.694	68.60337
470.59186	68.13918
162.2684	552.99615
158.18227	535.0468
172.30022	543.5781
160.24973	544.6435
169.03967	536.5547
167.43593	548.11035
154.96513	541.0404
174.89957	538.33057
155.2671	549.8757
164.00714	534.19464
173.32083	550.8445
755.7063	381.10065
769.1793	369.04077
762.1791	385.05582
754.7135	373.64908
765.71875	377.21646
752.5037	388.15833
760.5187	374.0621
770.55414	388.73038
747.60815	378.08984
772.8531	375.3364
756.0602	392.67523
756.3353	366.6643
771.552	381.91495
747.42926	384.84558
762.6769	366.11313
763.11664	391.1538
747.9297	370.692
653.92017	376.5271
646.0698	387.98862
645.73425	374.6844
659.52795	385.09705
642.755	382.49664
660.2616	367.05966
650.50134	382.0467
641.96716	365.92313
667.37854	381.73413
638.73987	390.15106
654.78577	371.4489
656.9923	395.06738
637.6429	376.23535
665.6898	370.32898
646.47473	394.8333
648.56177	365.8965
664.2433	390.56824
635.05884	382.2025
654.28625	363.57642
653.3661	389.24377
636.4816	370.09113
662.31696	376.60785
732.3748	50.236145
728.5781	42.65942
736.7614	55.348694
724.5892	53.663525
741.61456	48.499126
737.8162	64.10811
720.48987	44.137848
752.7422	59.813618
727.79877	60.559196
736.426	42.202774
736.87787	70.737045
717.3305	38.56602
748.06506	42.692757
721.4412	62.593987
729.7434	34.62771
743.77795	59.82121
716.60803	55.261444
743.5771	37.933834
730.6475	70.633064
724.3524	33.47647
749.2269	53.09603
714.6061	60.896217
737.9553	35.025753
747.66516	68.19145
715.30035	48.97747
753.2598	45.40797
724.6944	68.95097
367.86804	364.8178
389.09714	388.20844
362.84937	380.64932
373.8558	368.38687
373.39447	382.69592
356.19666	376.36935
381.6013	376.8237
365.39456	386.4092
368.41794	371.90277
381.51337	385.85284
369.92676	377.76447
381.42426	371.7022
373.65253	390.59967
360.40274	363.07977
386.3452	381.4003
364.0567	392.66486
380.63803	364.56418
380.0128	397.81415
350.76553	373.51263
389.4068	372.43115
365.8048	397.19623
370.8973	359.84302
385.08444	394.02115
355.7955	384.3344
386.7545	366.26462
372.083	399.45514
360.65555	370.5316
395.44177	382.01123
355.38138	390.96347
378.61627	359.39124
