163.656	531.48914
158.6244	535.06744
160.03683	525.42664
166.6127	537.53235
151.85794	530.5815
171.56229	527.75464
157.02689	542.33167
154.67598	522.5939
172.22917	535.99896
151.57834	537.32886
165.67514	521.9146
164.03326	543.77423
531.2459	383.32547
537.03784	379.7242
533.69275	389.63376
533.5544	374.5825
541.03577	385.70587
525.15674	380.67456
542.9904	377.1416
537.88824	396.47086
525.96313	371.99826
550.2743	386.60336
527.0075	392.0238
539.90485	368.7031
543.2313	397.68808
519.89325	379.55698
548.1961	380.17245
531.14984	398.41183
533.1935	368.37067
548.54156	392.0097
520.7173	388.79126
547.09827	370.97745
161.76955	406.48996
157.08186	402.913
168.51064	409.1777
158.46452	413.023
161.34119	395.95807
172.4014	415.6601
150.27808	407.05267
166.80379	401.05487
155.4353	419.44467
153.68692	395.12885
174.48056	407.47366
149.92535	413.70175
167.69551	391.9816
163.70923	418.13467
148.99142	400.62164
173.8422	398.6441
595.49927	385.85706
595.7984	378.39667
603.0951	388.62262
587.3683	383.99567
602.21924	374.9067
598.6615	393.26843
589.3778	375.90524
604.95276	381.2973
587.943	392.26044
599.8612	369.10507
604.5102	395.6729
583.5966	376.29352
609.58276	376.90173
593.13184	396.30557
591.3883	369.7282
609.36926	386.64893
582.3361	388.67883
792.3141	377.6652
794.5999	389.77792
782.47046	379.38867
799.07513	381.94843
782.83997	389.54382
787.17773	374.5459
800.29626	387.78986
786.11926	384.13474
798.1569	374.96814
789.40405	392.1462
367.79428	382.43658
374.98907	381.81744
365.6971	389.30585
373.10364	372.65936
372.00983	388.79688
357.1076	377.7206
381.5505	380.11768
369.17276	394.42407
371.8759	364.842
381.6131	392.88437
358.66815	386.60168
378.98138	372.61014
374.71405	398.4649
358.6425	368.6261
384.46185	386.07123
355.76166	393.65186
364.93256	362.9259
384.14618	397.59125
351.56732	380.95117
386.06415	372.5386
364.289	399.89798
363.69742	375.37164
392.25757	385.23868
352.7522	388.0833
381.36157	363.6949
372.60526	404.86917
352.99835	372.81436
389.53326	378.63525
357.59497	399.48297
158.62589	240.9257
172.59183	262.274
159.1551	258.70004
173.09851	244.99643
164.47787	262.24738
156.94893	250.56514
167.8939	251.10197
150.05742	266.6978
162.39792	250.28496
168.00937	268.44968
145.76889	254.19609
175.03094	252.48474
157.55002	267.26233
152.99335	242.89828
177.92345	258.8902
149.79016	258.6648
165.21597	242.81677
161.45746	271.9711
149.15108	247.2208
709.1488	382.60455
701.129	386.7419
701.6683	378.43164
713.97833	391.31503
693.36255	383.75372
709.98773	373.71783
706.8075	388.94873
698.3319	371.75244
716.49994	384.4961
693.25446	390.08722
705.2891	370.22153
707.3504	395.39752
693.83673	377.72617
715.7648	376.84686
699.7838	394.54346
158.57118	331.12726
164.91129	336.15982
149.23431	336.50723
168.17867	329.57974
159.07318	338.5044
156.96704	325.12646
171.07643	336.282
154.73076	345.6654
162.09055	321.93753
169.19281	346.48132
148.83186	329.87137
174.36542	327.6104
161.86635	347.81543
151.2899	322.7519
176.81519	337.90546
149.1199	341.7099
169.18213	321.93515
446.0354	93.17592
443.02716	70.56145
455.12628	89.81185
438.28998	101.149216
454.07648	69.60226
453.8554	74.50304
425.49078	88.25982
462.97867	62.23477
458.93637	96.50999
436.91437	79.99088
461.21143	78.13039
427.67294	95.29241
446.69077	81.62487
468.0605	96.55683
428.66315	79.75481
462.2387	68.43318
447.85678	104.06688
444.30356	62.310955
472.63632	88.92259
436.43158	90.541145
448.51904	66.282684
455.13727	105.35935
435.59943	73.57884
465.2792	84.72641
441.18243	90.68607
450.94562	59.31176
463.90976	106.58175
428.74847	69.466805
472.7902	80.90636
433.62906	105.233925
157.51208	151.51538
171.67558	171.25786
158.53082	172.71849
162.78793	165.09271
168.76805	177.34312
152.67021	166.74947
168.06253	163.40631
152.67026	178.00024
156.33109	160.48557
177.75252	177.19356
146.49927	171.96295
169.43338	153.90213
162.33035	177.12122
148.81564	157.3318
177.3559	165.97716
146.69524	176.42337
162.83496	154.85625
167.61841	184.15506
146.63704	163.83981
176.14667	157.95506
159.79279	183.35974
725.3172	51.761097
747.4793	66.6609
732.28595	63.35445
742.8358	49.01686
739.0368	63.822365
717.9354	51.68403
741.6666	55.911263
723.9906	72.79514
737.9735	49.999626
739.37006	71.75607
725.7875	56.87451
749.01013	46.82896
732.9669	71.54045
729.62396	37.5491
749.7577	58.91311
718.0314	67.344086
742.6565	41.137554
747.0581	75.44642
716.86066	59.368835
756.4677	57.181183
729.569	79.97768
734.78375	44.1689
754.3944	65.93992
723.3301	63.39319
756.1179	49.608856
742.0394	78.57867
726.13055	44.720287
755.8267	385.01398
744.1907	392.6856
752.04407	373.3256
758.80145	393.2933
747.1078	382.1174
759.0203	373.03787
750.1698	387.97897
745.17004	372.44156
763.114	387.609
739.70325	385.5892
755.54816	379.07974
751.12146	395.11493
742.04205	378.26443
763.1473	379.2337
648.9903	391.18512
650.1061	376.9947
662.7462	392.89017
648.27106	384.15854
660.98706	373.46622
657.1727	388.27524
641.9564	373.04172
656.18506	380.34424
639.73035	391.93237
655.57056	370.38846
655.8539	396.43768
640.3639	379.64865
665.17914	379.0041
650.26776	396.5114
648.0324	370.59814
664.398	385.03104
638.99164	385.39276
826.94775	375.18744
826.71875	390.78363
815.721	377.88153
829.6898	383.33566
814.8217	388.67944
821.0671	374.8397
833.2423	388.95834
818.32837	383.1918
832.3206	377.71732
821.05164	391.40607
155.33241	56.751503
174.67944	65.61632
159.69339	67.300735
164.16818	47.520073
162.3641	73.458694
144.13457	51.391884
161.8719	54.261017
148.01569	74.26988
165.87488	66.629196
178.13051	72.09839
152.71062	63.908447
171.19963	44.702614
156.023	76.147354
157.66934	48.5841
167.42783	60.338642
147.46428	67.678955
160.87991	39.006264
173.90268	77.11989
141.57278	57.740456
174.85916	55.58863
155.18105	82.648094
152.31898	46.59283
181.46317	66.55062
139.6066	65.84293
177.5325	47.86611
167.33852	80.552574
147.55917	41.499035
181.81761	58.21822
450.34015	399.58936
457.90176	366.57138
462.4518	385.5424
454.4301	381.72598
470.12924	374.88727
458.40308	390.8863
457.2268	375.86777
476.31006	389.7105
444.53085	387.65088
463.95453	378.39163
468.08676	392.06754
450.20892	375.3327
473.26578	382.63675
457.20068	395.6754
452.27774	367.43277
472.68213	395.00275
451.01743	385.40753
469.37128	365.5073
460.65796	400.97125
443.27496	372.15082
480.6258	384.44794
445.77728	392.69275
463.72943	368.0395
466.7766	400.71805
442.43268	381.54263
477.93463	374.98813
158.30489	486.1054
158.79678	467.0441
174.41707	473.58896
157.44464	479.30704
166.07924	466.3188
166.33044	477.87836
149.49982	473.5485
167.97145	472.26825
150.63905	480.85895
160.07065	460.0799
172.51639	481.8885
156.06923	472.13135
170.26593	462.25113
163.7849	484.43173
150.777	465.05475
