618.38904	372.8744
615.0495	383.27606
627.6578	357.12787
632.0944	371.4132
614.0585	358.6336
634.6962	362.20624
627.9249	392.88675
620.29285	360.15808
636.78253	382.09338
603.15784	383.64758
628.7918	365.426
628.2811	384.05652
608.95935	368.95444
638.1224	375.11127
609.8092	384.25015
614.6752	352.21234
643.4097	382.56232
605.3451	378.73752
642.37463	369.63702
617.04236	398.1009
602.7428	368.20602
523.4608	382.11813
503.3873	379.0792
497.61304	367.396
518.7356	374.86224
485.344	371.51563
507.2141	367.68228
496.83832	385.4986
521.6653	370.80878
499.34555	391.86624
481.2898	375.9473
504.58163	350.73132
511.71664	389.7802
492.6608	360.84427
525.8936	367.80362
498.3322	398.78085
495.94614	351.8229
521.1128	387.60223
487.1071	362.96863
523.399	359.48602
514.4283	395.07138
503.06015	358.2851
520.26996	397.19104
488.52606	384.82675
516.9435	353.66272
780.10315	379.84125
770.09937	369.40738
788.9562	366.11063
772.0886	378.84506
777.2293	363.6554
788.6192	377.0274
775.63153	385.1187
783.4704	366.53214
783.7833	383.37997
776.7658	371.60693
735.0639	103.98141
716.5314	118.88119
743.7298	110.84332
746.27576	127.6497
727.0343	112.7451
736.75824	109.69798
738.21326	139.86635
721.2496	105.773575
732.19824	138.1379
711.0141	128.27705
744.9329	115.850624
720.00885	134.98055
709.0591	118.56293
745.3839	120.66622
726.72235	137.81349
735.85315	100.08438
742.6714	132.06796
168.3346	482.54034
179.46988	471.51846
170.62878	495.12842
155.8265	477.03793
171.05977	464.55743
155.77792	486.5153
172.28708	470.08456
176.88478	494.51993
160.50882	467.41074
183.09396	484.7124
158.72185	494.0664
165.54474	466.37158
182.56024	489.54355
154.42924	471.03223
377.07538	356.58145
366.29788	397.75177
368.35556	385.69818
386.26447	373.80634
363.84467	357.1864
383.7298	353.08856
356.09558	389.07962
388.59174	389.5981
384.0763	367.69183
353.83878	381.49005
367.4003	364.30017
393.37164	373.5647
357.15863	370.10522
393.51096	352.47174
399.63177	376.16547
360.4449	351.65387
385.0583	384.20676
378.0976	397.0177
350.9542	361.10895
387.46222	398.33087
347.19385	369.9408
397.09375	360.47064
377.38568	385.96603
351.60992	366.73285
388.18488	360.14853
349.91656	387.2104
376.32623	349.12473
383.09283	393.883
348.2825	382.0759
750.8236	366.08105
749.58264	374.34576
752.704	381.52115
760.5987	374.7209
738.1288	380.52524
764.2655	369.28464
755.7838	385.83307
742.95514	363.15018
757.6088	365.54187
742.4538	385.64127
755.17114	360.49017
763.5274	383.24142
739.7822	370.11157
160.85419	308.09006
168.74716	311.2404
157.87502	272.15918
185.29555	314.05298
164.13257	282.05975
191.2913	278.83087
163.97044	288.30676
157.09142	312.80368
182.09305	278.64752
143.324	293.5899
152.63002	289.03598
192.14456	295.22885
151.18698	310.53375
183.47816	291.70145
178.91483	313.61703
149.44789	301.88855
192.19011	306.65164
144.97621	306.86328
172.77083	269.81927
182.17642	304.01596
148.49799	285.1659
171.28053	276.30966
163.92648	243.0845
156.37045	196.88853
145.84906	222.66248
146.6672	230.87366
178.15952	194.66315
190.02219	225.62178
165.06815	224.23013
154.36789	208.5878
150.42738	238.87495
188.78963	205.67334
187.64786	240.06503
141.61844	217.07883
189.05832	211.37936
189.11177	230.4781
172.33499	195.74521
192.84253	220.06021
155.00493	233.91162
183.33261	207.21931
179.56204	218.22163
149.99474	203.43738
186.09958	198.62048
177.31912	240.6971
163.08566	195.90672
160.33597	232.64413
416.37128	52.940937
433.4869	27.53858
448.70538	121.28123
429.49	58.797504
490.7478	80.40355
473.0065	106.32601
439.82364	81.782135
482.60507	90.10564
418.47226	43.982273
479.2121	103.36166
416.97958	100.93506
461.4689	30.509146
485.2392	82.33339
437.95035	68.24101
433.2396	39.494743
448.61432	113.9214
407.24585	60.173664
471.32364	41.539658
467.39374	107.11503
430.81372	36.850765
480.2597	49.110283
400.8869	74.6723
486.14673	61.665092
435.55728	107.08937
422.13226	50.539085
480.76675	80.12618
414.1002	91.758286
443.52377	40.086678
468.08258	113.01182
439.30582	122.35329
183.72083	520.0801
166.05824	540.24963
172.8052	513.6762
177.92542	519.6343
154.28998	528.4467
167.28008	526.27673
173.51057	537.9714
161.85841	513.6883
179.14398	538.4052
157.59834	535.57227
165.31569	510.16852
180.42929	526.7325
152.63736	523.1013
169.27402	114.78841
160.85898	151.87337
157.90825	110.58781
181.42026	140.3713
141.9371	136.48726
167.42645	108.09302
165.24881	161.91684
190.4036	144.87823
197.05884	126.29375
150.85019	143.02817
146.94897	131.9498
183.65996	151.76945
160.23276	157.7059
178.15715	116.90173
155.18915	160.05478
149.97318	118.929054
157.46309	135.92694
149.41508	151.25099
189.56905	132.69656
193.40762	152.3084
140.77232	125.27234
189.3057	122.11891
178.00996	160.2987
179.05048	112.16753
197.20845	130.85464
142.72946	151.39233
152.10074	60.867714
172.69261	75.79597
146.98038	35.275513
190.50417	23.610222
169.65225	69.50358
173.17667	19.813019
183.12848	51.933796
145.31834	39.728893
183.1322	67.17122
194.10248	49.90905
138.50772	37.698135
159.39157	66.6393
158.59949	46.202164
182.40384	20.452381
189.54916	65.58051
156.74185	20.619509
185.29016	26.934015
166.3271	76.40645
149.41321	29.45286
199.17807	39.410458
138.17659	50.09203
175.84921	26.739416
153.58824	70.9834
143.85449	24.203001
193.1488	33.93197
141.09291	59.474976
185.7457	35.96132
192.9022	61.224556
548.5829	362.91705
579.5072	360.5428
571.0806	390.69223
561.943	353.24585
575.468	376.99066
543.93805	376.82968
546.3072	373.1629
584.7456	375.04678
545.8314	357.43585
553.23883	365.11948
552.90375	387.60175
559.54736	363.05505
586.8909	386.7829
562.6149	373.2232
579.66187	355.33057
564.03394	396.10004
575.4042	358.45328
581.4442	382.5955
545.55945	383.96332
568.06683	356.97705
554.8942	394.18674
558.23206	384.55023
584.8821	371.11407
558.7686	389.4511
671.72253	360.5247
687.6236	382.42676
662.3817	387.2607
688.2435	373.33914
656.6681	375.97974
670.4811	372.22458
679.39606	356.05878
679.579	391.28134
666.52893	383.75983
680.94147	367.46976
663.3221	365.29584
681.2758	362.04413
671.1527	390.77707
659.8085	359.78314
675.5675	375.40546
655.3694	383.43768
667.3256	355.3733
677.8577	386.4207
655.6625	368.97757
184.88118	350.1649
177.31703	385.59866
175.40408	356.77695
185.78677	372.20285
163.98718	388.17792
155.97792	349.3584
162.24179	383.0223
147.12471	361.26678
189.80136	363.2121
173.98946	366.86383
149.43576	355.23282
176.71674	380.3439
151.86353	361.68753
176.9238	349.0854
150.21405	377.081
163.9015	341.80914
183.79037	381.03342
148.25082	371.09793
172.69943	344.55255
158.23642	377.7988
163.93808	575.6751
178.2675	555.46045
158.01997	566.8205
172.87729	553.85803
169.74867	575.67883
165.10324	560.5494
177.24985	573.1769
167.80055	570.52844
158.40802	554.7799
172.49138	563.1026
444.78558	399.52548
426.37167	354.45148
464.378	385.20013
425.8662	382.01474
458.3876	383.60785
441.65005	390.42426
450.14078	354.95242
433.50684	374.68817
426.2675	369.78302
432.66315	356.76047
447.9977	370.76987
421.25113	375.79758
468.19073	375.05515
418.41104	379.38742
456.5146	362.95212
464.95612	377.7772
415.77863	368.04874
463.97046	369.66812
450.80975	398.01178
438.0127	352.3249
450.4536	388.124
434.29843	394.6805
442.99847	349.3112
453.67343	392.85077
440.2828	372.27277
460.00806	358.16748
423.06598	389.57053
753.254	33.75867
728.7654	42.2461
743.90076	30.691437
743.04785	20.125793
727.49365	74.14309
711.7471	63.910015
749.0372	37.164482
727.9719	62.286163
720.07513	51.31188
738.27264	77.39963
704.12646	46.049232
757.3779	36.869865
704.0519	62.492664
710.43896	42.356026
740.0826	23.748913
702.0273	30.540024
708.1553	22.995586
743.9072	66.081894
719.13007	22.191729
732.3632	26.948324
709.1879	53.085754
724.5871	22.124813
753.36755	60.873512
701.56494	56.03667
753.56726	25.709671
718.06604	75.62399
726.6521	13.564917
757.4459	48.704647
154.74146	439.15753
167.71516	408.19327
154.28448	420.24155
150.82724	431.48755
189.82756	425.67172
165.43227	444.61386
173.08405	418.55127
184.24283	429.98334
160.76308	445.9396
183.78635	418.60294
172.32266	440.70996
179.67014	411.55093
176.10153	445.2173
185.39145	435.6412
160.557	411.3825
170.81143	448.19522
147.92542	423.1957
165.36948	413.56796
706.2367	388.75476
711.13367	362.23907
719.696	382.87067
712.99664	386.60153
721.8148	367.54398
712.4511	380.30353
702.6761	377.1004
731.1891	372.57352
701.8951	382.07794
725.21783	363.48294
727.56824	375.39557
701.5589	368.0145
717.40247	358.41653
720.4498	387.02835
705.2934	360.9639
727.3965	382.8284
