191.49844	470.7335
186.59164	491.20148
180.48935	466.26172
179.41971	481.84918
166.53702	494.4143
196.13525	480.9809
178.87373	498.28857
170.03922	470.31195
196.12224	491.4952
166.06815	483.21152
183.88792	469.9415
185.41632	498.2281
161.5586	482.08438
194.39421	486.5808
170.99321	496.17172
176.67033	520.5781
193.72348	523.13654
172.02957	538.0794
186.63309	523.92706
181.37141	544.31915
173.5206	514.81165
192.804	535.46686
165.23637	534.2143
185.20003	513.16095
188.21512	541.5101
167.7999	519.85657
182.81235	516.80566
176.62955	541.3831
719.0121	363.24713
724.3368	363.67584
711.3199	389.69052
705.0209	383.39267
725.84436	375.4322
695.1456	374.0047
731.20105	374.4132
699.6423	374.54498
708.9787	359.84546
726.27527	386.08554
704.79395	368.4328
721.2601	357.2722
708.80804	392.69116
700.39465	364.4207
731.214	379.74448
701.65875	388.07077
711.14954	356.0642
720.5099	391.46124
728.68176	354.55865
201.81242	363.7315
191.58676	384.7159
177.491	357.57782
194.06345	380.03876
161.31834	372.05783
191.06058	354.76047
173.08484	367.16864
164.2362	347.13507
201.93942	375.9988
165.45752	386.34207
171.95247	346.07373
181.46878	379.70636
159.85875	362.56195
188.7869	347.05832
181.48529	366.9287
162.06947	356.1446
166.53214	381.66687
184.80946	385.00726
197.99913	359.348
177.05502	388.52457
860.1748	370.8598
879.1979	370.96475
859.46045	376.37253
874.45685	366.92084
871.8086	377.29773
866.1217	371.39722
878.81555	364.65564
873.375	384.8262
867.93134	365.46185
879.5446	382.4634
553.71204	385.22418
559.1015	382.50018
559.5553	365.388
549.71155	359.55988
553.8233	395.68402
534.07874	363.98337
533.84686	355.79456
563.9729	363.6285
543.53064	367.5433
551.8607	351.85428
528.3273	377.8951
525.2517	371.10648
533.7628	382.2852
537.38855	395.57834
524.81305	359.86554
551.9292	392.23343
521.62317	375.47028
556.4491	361.17914
545.28394	395.94073
544.72784	351.58487
566.4916	373.55923
525.6974	388.99634
562.4967	356.55206
564.494	382.85983
192.01808	202.20064
181.30711	228.45227
190.34	238.08781
159.28876	205.0673
196.26656	227.3776
158.08127	221.41245
196.56065	207.02686
183.58142	247.52307
154.46736	213.24338
177.03911	217.106
185.16304	213.9451
183.16763	197.93216
191.6818	246.1796
164.32608	228.45566
197.72305	235.8158
159.27452	229.52217
183.34482	203.62506
207.17244	232.59949
160.6706	238.02116
162.61244	212.71172
165.25171	247.69917
178.80885	197.66026
203.82193	216.49614
194.31131	160.8944
146.18182	139.93324
192.81647	151.70946
173.51376	140.59479
177.22787	136.97902
167.92696	144.88408
156.03047	120.5096
201.40132	156.47961
151.9075	135.72177
191.32603	113.83617
180.14713	170.09924
174.75368	127.0568
182.57553	140.73105
163.72998	161.54048
170.54126	117.06832
205.64339	145.84367
150.36879	144.9171
199.16644	140.0325
206.08435	151.84146
159.6185	160.30899
207.9996	137.2789
153.35428	153.69742
201.33559	125.311806
194.23494	168.2845
156.48637	136.99716
194.5564	112.449425
170.29665	169.5547
438.37485	70.77074
512.69006	101.18865
474.9165	37.81624
507.41925	95.76094
457.1723	103.82503
484.3597	35.443176
492.23862	28.92045
520.9389	72.523476
484.5135	67.59435
446.30933	72.49948
439.28995	77.8674
500.0774	41.462227
464.98218	107.92568
511.9007	58.484936
510.5849	51.02366
441.03546	88.34112
479.68817	30.5245
502.74115	109.96378
443.34235	62.76
500.82465	54.31173
450.1827	93.9628
460.88364	40.081654
490.51678	107.080185
432.58994	92.13614
490.11426	33.83663
498.26132	106.288956
442.61688	54.85665
506.5294	110.76677
443.0713	102.62095
510.01172	80.673805
185.56471	443.06186
170.6137	445.6192
186.17654	411.00058
191.0004	445.36572
167.14389	415.56113
194.63255	423.38043
163.11584	425.43082
179.61423	427.83105
156.30968	424.77765
174.47025	414.10635
188.83607	437.1374
177.91971	446.5909
176.032	410.03384
194.71756	414.60114
163.09923	420.61694
197.79909	434.14136
194.52144	440.38852
167.86557	438.06836
798.71423	385.00015
806.31305	384.36664
796.1234	360.98074
817.3152	385.16068
802.67194	364.11108
805.782	360.59546
804.9681	377.57895
816.79584	368.11395
809.4022	387.82474
787.87415	378.3047
811.9901	371.08084
795.063	375.60236
793.59656	367.73752
820.9705	371.4179
600.98535	381.38013
605.3729	358.28928
619.4287	359.3409
581.17633	373.2066
609.5948	353.27118
602.0739	393.8426
591.9293	358.00198
613.30194	385.18854
587.4774	386.2179
613.5963	359.36444
613.7274	391.5755
599.6342	361.4389
623.5363	369.32867
594.4595	383.72806
618.573	369.62372
620.86414	395.9998
587.4557	378.24405
599.2862	353.41333
607.0236	391.8512
587.66437	370.67508
619.5203	388.80334
598.6725	392.9728
178.96875	315.3017
162.91315	296.96414
157.3818	292.6949
180.09457	298.1324
180.91164	320.99872
193.01605	270.34723
165.65602	312.25897
164.22208	302.59506
168.89377	282.29544
198.75522	311.4878
190.26398	283.32925
197.6843	285.05185
169.6557	319.50922
193.18436	276.31564
202.39944	293.89337
167.51535	276.43
181.21257	280.52682
191.57916	302.50656
179.32356	274.5482
200.355	307.31793
155.32822	299.1181
191.86266	279.34592
674.7075	387.1699
646.51917	372.25482
676.18787	378.70862
667.3153	386.00134
658.6151	364.66217
668.7657	361.15118
648.5582	378.4544
672.43945	355.82913
662.6002	392.6728
644.0311	366.28622
676.46796	365.7902
643.65924	383.8061
648.82263	360.61124
668.3534	375.36484
637.39325	375.5641
678.2928	387.65622
647.44684	391.53033
659.0589	356.66678
682.555	372.863
655.2959	388.88962
663.8544	354.3111
407.08392	392.34164
377.45987	382.40982
416.2294	381.47418
396.47906	398.1007
418.77725	376.94193
423.70825	370.98215
386.34232	386.961
412.40714	355.75845
420.00302	387.46344
401.03864	347.1342
380.68646	363.18823
381.5313	396.3907
407.45428	353.3416
429.53384	364.2985
384.10175	373.83868
413.27618	364.55377
393.7687	351.98276
383.47406	351.2777
421.00537	366.41193
380.44492	388.6432
423.80597	361.50323
388.99237	396.95428
375.2155	364.74234
416.87555	362.63638
385.90607	399.924
385.22708	356.9897
410.3393	396.81705
375.13666	376.477
418.36554	351.3219
389.90906	389.86392
167.08597	24.595234
170.20126	38.393143
160.44336	20.493895
197.7038	24.731565
155.03555	62.924335
191.01453	62.462685
170.92339	73.79018
195.94017	74.2271
176.89655	21.428991
192.23923	48.843697
161.10092	34.55603
206.98645	45.136074
186.44586	74.96205
170.43909	69.55768
209.06499	35.480026
154.8894	55.31897
189.84863	17.073284
197.12907	65.684616
153.35878	49.866444
185.05118	20.364956
157.71272	71.023315
153.47641	43.63723
209.00826	49.202488
150.32716	60.360786
178.98456	31.275995
203.82094	68.78075
146.43416	38.28129
203.67967	59.681385
160.16876	66.23084
839.93555	382.26666
848.376	382.8087
829.5505	371.68585
833.1963	380.66022
839.33984	388.92004
832.18964	363.62677
849.6792	371.42014
828.2738	377.8255
847.37354	363.51428
852.73425	375.97168
844.67596	359.6186
850.91327	365.5419
846.1307	386.50726
763.4955	27.154552
782.4268	74.686325
754.93536	53.838173
780.97205	23.559023
803.3043	49.17121
791.3121	50.226913
793.96094	60.80324
752.8228	61.56054
782.5807	17.86863
801.8888	61.77831
774.23517	73.078766
790.72156	21.72482
776.9545	73.67088
757.9255	22.14801
798.3126	71.93675
749.98663	47.20746
768.3419	60.49232
786.947	74.48719
759.4154	34.37049
803.40564	31.305145
777.7637	60.675537
773.3085	20.76496
763.26666	70.610435
749.71893	38.06831
797.6796	25.146818
759.6694	69.57506
750.53595	33.435074
796.04846	31.745224
177.65143	580.4706
177.64961	558.64545
190.71805	577.0946
167.90533	560.82465
190.61063	564.0506
184.84671	581.7334
172.36876	558.25745
189.8354	572.5127
168.01645	574.4481
185.63197	557.2859
178.73236	569.80786
750.3737	360.69122
768.85126	366.6944
746.1332	380.8261
766.0177	355.82425
771.47284	390.3799
765.8198	372.98163
775.1235	360.7442
765.63336	379.57996
747.17346	369.4333
778.5842	382.69586
752.2154	388.47296
755.7473	360.2508
761.32697	390.20645
748.2613	374.4975
783.5513	370.36334
771.4061	384.41434
753.5963	370.63342
776.91187	368.2584
462.50513	384.70053
487.275	354.725
477.07843	358.0231
476.22858	365.3645
489.38544	360.08636
476.74365	374.69794
481.9859	356.8642
485.7164	394.96915
453.26733	390.06158
494.72568	363.3887
473.03043	396.91925
459.0748	358.24405
487.82877	387.20663
453.85995	371.05103
465.40268	350.14117
470.05966	387.37238
454.10187	362.91492
498.20258	379.49088
467.8207	400.18628
452.77036	381.826
495.75055	392.43683
449.82968	365.3156
495.73428	354.0022
482.27872	398.77606
483.323	351.43097
492.02402	386.90472
463.79272	393.28934
488.1801	348.22998
