721.8193	117.24455
716.9208	119.76802
730.9012	94.87274
748.86365	119.82558
709.28613	97.446144
734.47107	99.52384
731.52057	135.43657
715.6667	106.22856
712.4029	127.336586
710.432	107.690475
726.7942	89.9386
722.81067	132.30429
710.72766	118.87654
748.723	109.57619
731.4077	116.432655
746.04504	102.90221
743.9944	128.58344
618.0235	376.70624
625.9092	373.9914
611.1271	373.31287
616.38885	363.38086
612.3524	388.81744
596.9746	380.60443
613.24725	357.07135
620.95764	389.17514
597.4499	364.95367
625.0147	362.35754
607.7554	387.53192
601.7469	357.49014
624.1183	381.1532
590.4218	376.64838
620.2628	361.19678
598.39545	387.0171
594.786	372.55194
183.90907	473.5918
154.61081	473.08325
167.9136	454.3441
182.19261	464.3623
152.74948	466.55518
176.38023	456.31372
171.95018	482.9619
163.19162	455.31097
178.74394	479.581
159.85818	481.9311
183.35384	459.51556
179.47163	468.538
157.22485	459.83148
171.37589	365.91827
172.69803	370.99658
158.43279	336.64337
188.09293	352.41708
148.6933	357.3974
176.71233	341.9712
158.37445	365.09146
152.09964	339.76126
184.10185	341.59613
152.93027	361.2155
177.87584	335.3765
184.96715	371.44025
149.9117	348.6728
183.34343	335.3438
162.86778	369.64755
170.6528	332.56927
187.47318	365.39304
717.8623	66.1409
745.38855	26.191303
727.1173	62.4141
713.8334	17.974424
736.1625	20.659063
708.89246	49.619083
717.86365	34.17091
748.0878	54.029278
704.06134	44.133373
721.37805	28.452581
737.3396	66.14067
722.6642	19.176876
734.30005	59.481518
720.70166	60.90725
747.37366	12.45202
737.819	29.64449
704.1411	55.60902
750.0783	33.697987
745.66754	60.70525
743.3632	21.008568
755.7977	49.702496
708.0758	29.081142
370.6781	366.3164
362.92	379.60876
377.54877	382.1972
391.31613	377.20697
357.99683	387.12787
359.81992	360.70367
381.23724	395.02667
385.3255	367.87933
396.70917	363.34256
366.61224	394.7338
360.95663	352.58804
390.51404	364.90594
350.76523	367.0174
379.68698	350.2566
390.04294	394.3899
353.5096	357.36792
399.10007	368.82004
358.30878	394.25015
375.72162	391.5863
392.52512	383.9168
352.65088	386.76276
376.85416	355.55502
361.35416	384.10873
372.1435	349.4299
383.42975	354.92865
173.09915	52.42638
183.60428	35.844673
165.91037	69.27961
200.25479	39.898277
191.65103	28.881693
162.6382	63.983772
160.47618	29.146582
192.63213	59.411873
152.33208	64.34438
169.30014	22.54525
157.90503	70.79686
157.15611	18.212042
198.50212	52.66767
144.61842	57.375355
141.36337	41.458187
156.98573	76.9001
150.48402	33.075905
175.80502	20.278517
184.45047	65.60241
135.25394	59.075024
169.17157	73.111855
135.73782	47.63926
186.36513	30.004017
190.52187	73.65488
152.89426	44.69918
179.32446	209.49641
156.99294	223.72299
147.51173	211.31873
148.08432	202.94247
179.35791	191.61342
183.53757	196.57565
158.16458	203.64189
164.779	193.28207
178.33992	235.43855
151.03952	230.07178
151.1649	193.52777
191.74457	219.89365
145.29262	217.61848
192.08946	200.44658
170.19803	227.21208
156.78207	188.41501
189.28824	215.29231
169.01993	211.64424
169.36595	186.4659
157.68535	231.01953
157.45853	142.47493
188.1696	135.71053
174.01212	157.137
160.02556	106.055336
176.91432	142.86319
147.55011	118.88051
165.65945	111.59094
151.41699	148.56284
148.66228	129.84268
191.71803	120.89085
162.5585	152.59239
177.83157	110.678185
178.96909	154.10875
143.56863	139.44003
191.44809	131.9678
155.83356	157.49382
161.40445	116.765724
183.2993	153.07707
155.46739	113.41477
184.95934	114.23253
193.93324	135.01196
490.2058	356.53314
512.54877	385.71796
488.38168	391.44913
500.7354	353.51947
520.79364	385.589
507.30444	373.54776
517.90076	379.73694
499.53925	372.91132
484.7293	372.6159
495.53183	384.50775
476.43182	378.6925
511.54868	354.2397
501.3496	392.1098
486.95523	360.73337
515.2194	366.9847
494.171	391.61957
496.8124	355.73343
524.2099	373.3652
478.85913	373.62973
514.9725	361.56537
484.46924	378.63403
736.7167	361.15295
752.8482	377.5407
738.12524	385.2447
733.73486	367.4793
756.6272	382.80597
738.2558	372.84625
753.41266	366.41998
750.10913	384.90775
743.1398	362.22638
758.68665	372.34222
730.85205	374.2755
753.179	361.32556
744.5602	383.91144
425.5992	97.613335
484.2797	53.872887
427.1551	110.90371
419.76083	53.767773
448.27792	119.21735
476.26642	47.461422
459.74966	85.88908
408.61298	85.22174
463.05624	34.918682
478.28134	43.088837
422.83374	39.736187
447.39966	35.273567
454.36163	111.8145
421.80048	104.89571
485.50992	88.972
440.63364	109.9578
438.76312	36.14442
476.48477	57.705696
414.55557	87.498665
425.909	38.275352
488.06885	73.0387
421.04962	47.19352
478.3265	100.79546
433.49112	111.71548
464.0065	40.519474
472.51913	109.70825
161.57094	398.7063
176.97455	424.37347
188.37248	420.31696
188.93782	413.12094
167.46661	412.90186
158.23466	402.01932
169.83919	395.6988
145.65627	421.5524
151.98276	400.91873
183.90448	409.19965
164.75388	430.3073
153.67728	421.18643
184.09146	415.4337
157.46448	425.17902
183.86206	401.73785
174.22798	432.04062
420.7082	359.23935
436.90436	385.29083
448.61572	367.5407
451.04852	362.96643
457.50024	391.69916
419.23334	367.41702
460.46307	361.15875
424.47406	372.70636
429.03906	364.38385
459.7353	373.1523
418.0873	377.0639
453.26465	375.4402
450.27744	387.65143
425.32877	388.28717
454.94257	365.54938
427.2159	394.66046
431.73785	353.45782
454.13702	383.63794
425.1306	380.53668
455.00665	357.47543
440.54306	394.81824
444.0506	354.6922
577.1976	374.5864
542.2143	386.93292
569.3102	373.70477
554.3083	392.58435
539.86554	381.8322
568.92395	386.33868
558.5564	359.41827
546.58044	360.72128
578.3902	364.3853
538.60187	372.56854
566.49133	361.93015
547.9071	372.86877
540.55804	360.90997
567.933	356.86612
549.93634	391.12274
560.5882	352.02554
558.9799	386.1378
551.0044	368.46774
572.4338	367.45532
565.1112	393.79083
769.135	366.79803
788.93536	381.35577
773.1421	381.398
781.17615	361.62756
786.9002	375.9029
779.64185	371.95126
790.48126	370.3487
765.5303	375.65686
774.2754	362.41675
781.68427	385.60773
770.47736	374.91547
160.7839	504.77618
183.46564	503.5743
171.8793	504.09503
179.93486	510.13434
159.35724	530.65485
176.89645	502.29468
164.94928	532.56464
149.74132	513.806
178.59103	524.05255
171.57556	528.7914
157.47868	515.5612
179.25449	530.2457
152.92139	519.9396
179.20451	556.2928
169.89174	561.92566
159.10394	559.5714
182.13316	561.52374
154.78366	558.79
176.1972	548.2627
175.91165	569.2213
161.8931	549.99066
162.49057	562.8613
167.84573	572.7221
669.9663	376.49158
657.2418	357.4863
644.48	376.61154
666.5796	362.0981
670.17206	385.65567
639.9491	371.73865
674.1577	370.11252
651.3537	383.97076
650.57446	359.08267
673.5565	380.61282
665.15906	384.51837
666.38043	368.2746
652.14905	390.14386
644.3617	361.45462
672.36365	364.04706
644.41925	384.9057
647.645	367.4728
167.8347	304.7503
145.73268	273.9046
153.2292	275.72293
161.17876	297.59027
170.16208	283.47455
184.83467	291.2855
156.99461	299.31207
178.02316	263.8852
159.14139	303.2258
171.11197	264.9256
187.39468	274.17096
165.11073	273.62814
168.24744	259.99927
187.90475	295.15564
149.80429	281.57813
183.08833	269.85638
151.99805	306.03217
179.58553	300.4341
192.50833	287.7737
690.4169	380.50775
704.13434	358.07526
714.31213	387.51477
692.7531	372.90472
704.26385	375.16498
698.6049	387.23978
716.80615	369.3731
716.62317	363.08276
690.29584	362.5855
713.3735	358.46582
707.2855	388.29913
694.2369	361.5526
718.2272	377.32492
688.0797	370.61566
702.0475	362.40503
712.9242	382.595
