473.65088	46.04169
440.39063	101.52263
488.22247	58.514973
495.17123	59.568687
430.14972	46.297543
483.56366	88.40081
489.3212	79.06401
438.08878	36.848335
455.43375	71.3586
418.6163	55.626472
448.31598	59.44826
451.22467	109.739784
422.31793	38.12393
468.21777	26.993359
475.8377	90.60695
447.52155	35.492107
481.9179	94.97203
419.68463	83.92638
463.11432	37.40113
436.0232	112.57436
412.70648	74.580826
491.1939	70.08946
413.7538	91.71864
439.2924	25.74878
429.49673	107.488144
407.7099	78.97009
481.70038	75.70674
407.50888	91.405716
484.0434	60.342274
622.1532	363.7326
602.7777	364.6632
635.253	373.95993
605.9378	369.13812
617.349	369.71497
622.10205	383.69183
612.62714	379.78088
627.7715	350.39294
634.5248	384.64063
606.28424	375.6906
634.2357	355.38525
630.90356	369.34003
613.00476	356.923
642.4394	371.1375
616.0327	387.92242
631.5898	360.70544
629.1581	389.11203
609.3888	362.20074
644.25757	358.3318
620.16864	390.86267
624.95135	354.1471
640.5243	382.39468
742.58704	32.1852
723.62506	44.624348
707.2833	56.870564
722.7742	21.461315
718.1479	47.78141
705.7307	32.58991
722.79315	64.948814
723.9015	33.21658
715.63635	27.50211
739.75903	45.469414
728.5231	69.90412
710.454	26.371008
743.7717	66.966805
700.3235	48.018875
746.7375	27.560064
739.3617	71.45574
714.0475	21.02499
753.2918	34.378708
713.64294	66.866714
718.4689	16.619532
752.2369	58.819904
703.2973	43.3462
753.1485	25.58868
745.29095	57.73701
700.14325	35.68314
752.9037	51.424248
707.0273	67.83441
723.9534	14.211678
175.35774	443.02124
158.3398	425.00592
188.18253	440.76605
155.99141	439.3414
171.83624	422.92084
172.4979	418.03265
172.19102	447.22134
178.28777	434.9374
168.28787	434.22406
149.35475	428.03644
185.10664	427.03717
158.44145	446.72906
174.78802	413.8672
176.89217	451.3185
161.14542	416.29437
187.18471	418.12247
169.8388	452.25284
509.40546	354.87518
515.18	374.2807
499.85712	366.88367
521.43616	367.47498
503.7798	392.36954
513.81195	386.97614
520.162	382.75803
494.89154	376.96057
496.11362	358.46747
508.81805	392.892
488.99927	353.7906
509.9168	360.0857
488.60162	364.78583
505.3003	350.21045
529.0227	361.38354
495.3798	388.78555
487.79596	361.4881
530.69135	374.34872
486.45224	376.30365
523.9042	357.71152
498.6769	395.7266
514.0925	348.38354
525.87823	377.56818
486.044	380.9297
521.2069	349.33606
527.4032	383.2454
486.4022	371.00424
667.05273	380.4236
668.169	387.56638
680.4631	369.45142
680.89453	384.7552
665.56964	362.9068
684.89056	362.4802
661.6001	383.09164
662.928	358.4001
677.04877	378.45847
657.3539	378.89862
665.3281	353.9127
689.4857	373.79572
655.1748	365.8479
686.5083	369.35883
674.8759	384.96136
677.2495	358.14917
683.24817	375.50696
660.13495	367.0757
742.55566	366.41266
749.85657	384.3091
740.5193	359.67798
757.0874	374.29633
738.23804	380.20193
748.27814	359.07574
753.7923	378.1544
735.1161	370.1741
757.8498	365.7952
744.1206	381.56046
734.50824	365.05936
762.1302	374.55908
734.65283	377.39798
753.71765	361.58997
719.74036	383.6532
713.53845	377.2254
713.8354	382.30203
702.2142	380.393
706.07916	362.4414
725.3949	376.023
701.3457	374.4075
721.5958	369.69382
705.8499	383.84912
705.8433	355.6813
726.6016	369.2237
694.49915	374.39264
714.8205	355.6796
711.6946	369.4187
700.5457	364.86627
720.49567	361.41125
563.84186	384.0713
555.5978	353.6559
585.2016	376.9887
564.9482	369.66132
564.306	350.76596
582.3856	383.96686
559.6047	360.51044
574.52405	370.25748
548.57166	380.22638
578.36304	355.6145
571.202	396.65442
547.2184	366.83234
553.56415	360.64914
574.28314	388.53204
548.52277	355.0561
590.9008	367.2647
560.01843	393.62814
585.6615	353.29575
570.7323	375.8048
554.80554	364.24274
586.1373	373.18817
565.61926	392.0656
569.1296	360.15826
590.1488	383.4896
555.2873	387.49942
355.73517	371.66217
389.012	372.36993
359.80304	355.68204
383.50958	356.85205
369.90314	395.88446
375.37137	346.1565
371.2011	387.23944
379.3995	391.20255
399.83203	365.51044
361.53644	379.4031
368.7705	353.50558
394.796	380.8436
355.39032	382.16556
384.1777	351.15042
362.45975	388.4647
365.6129	372.19244
384.3559	365.4285
370.03738	365.12476
382.055	346.15323
386.41742	387.3465
347.32904	372.75534
393.73724	358.19476
382.96686	396.22662
366.4692	348.0678
396.99646	374.27594
352.40576	376.55176
394.36227	369.31076
397.34644	385.38657
356.68744	359.9925
746.71277	114.25509
723.0459	94.92721
732.63196	103.15519
742.4877	132.22858
719.7671	129.14946
740.12	116.08778
710.4979	126.804214
710.5362	110.207664
745.0265	123.489075
722.479	134.941
718.7958	104.34589
733.1172	113.85762
710.5316	115.96117
743.545	108.30908
726.2593	138.80862
730.7654	100.15723
732.7665	135.11058
715.6198	135.08704
729.3078	94.761314
780.30786	378.41498
767.5063	370.1679
786.57825	369.12408
776.5411	371.2403
777.83563	361.8133
776.65826	383.92453
767.7659	378.58704
782.5856	360.78824
763.05676	373.3149
768.8109	363.05136
785.0769	374.2382
171.63232	296.4166
187.26923	303.93057
191.05507	288.31577
152.6192	291.24002
196.5869	308.4013
165.13449	326.04532
163.53511	282.34116
182.72034	286.23242
142.51666	299.63614
177.34517	286.20148
189.99142	318.1129
187.1425	311.47034
194.76582	300.56656
155.83603	318.7834
180.93457	280.32178
180.51157	326.83163
170.51111	286.9208
188.66873	283.65002
175.29417	323.1036
147.02153	298.09787
195.9417	311.95673
146.90643	315.20734
167.56618	275.59503
164.93855	332.1286
149.4833	309.4688
182.92902	559.22156
166.94089	576.8853
164.5928	552.6776
180.79874	574.68854
171.39021	555.29553
175.61009	553.8601
163.5029	561.69885
158.98439	558.7565
174.9609	572.9596
160.07402	572.17053
172.57957	567.1222
452.48795	390.02133
436.77115	364.43817
461.58774	380.34308
450.5441	370.41345
425.45874	367.4721
440.3872	390.82217
439.51718	369.95636
441.76236	348.26868
437.5312	376.89752
424.2697	357.19226
458.77612	358.52176
454.37866	380.77664
460.30893	375.16168
457.42636	364.3509
425.94223	380.75183
447.00684	356.5127
426.96793	388.7531
433.444	357.33337
469.51205	371.26962
420.59357	379.92236
413.28857	360.00262
450.32147	395.293
419.45956	367.15158
463.8649	359.48962
427.7569	396.08215
457.90048	350.06158
459.82535	390.40103
431.10736	348.32077
193.48538	379.16345
148.34183	381.76385
150.83385	372.29254
179.98412	361.32367
162.45993	389.91418
157.20627	368.95282
183.6773	378.05692
188.76285	359.19635
168.40826	357.10968
154.9449	382.68878
151.08034	363.9798
186.21445	384.5295
156.32816	375.7842
190.01755	369.46783
163.6307	393.99515
148.63332	377.45135
182.61853	365.3756
173.4547	394.45197
177.773	353.7752
183.1293	391.16602
152.34169	492.5617
169.75206	468.0669
170.00122	482.94687
162.38199	499.01324
185.46303	475.4327
177.12051	501.61993
177.6262	478.5114
166.74507	502.73203
155.012	477.90918
185.16658	492.6245
167.40225	495.26797
161.56802	468.3317
179.93393	497.7775
156.23973	483.9196
181.12637	470.92627
173.54672	496.7304
163.03476	17.148104
172.88832	55.26173
148.82773	56.555336
159.2472	60.111645
167.82022	32.01333
158.58307	49.6019
176.36992	21.330341
189.59315	60.607258
152.95486	23.208895
187.6546	24.990734
181.20358	61.75251
175.72697	11.862361
175.58304	68.33005
172.16641	9.028928
197.31583	41.679054
187.00482	67.265755
165.605	24.72928
180.72491	74.10945
153.69037	36.12318
190.28775	32.384636
171.33392	71.02229
143.12503	41.75776
197.81516	50.97722
144.52386	61.59776
168.16025	18.430853
169.28154	76.58927
145.35912	53.193523
206.27177	43.59584
146.24774	66.56605
163.2938	198.56984
150.73428	215.01302
163.36938	218.89395
157.83136	206.50964
179.84712	239.23894
170.93907	222.66158
165.80264	211.45334
164.41599	248.00339
167.77643	200.92136
193.68533	227.18686
144.66583	235.13354
183.08861	207.75471
170.98691	246.74126
178.12097	233.72849
196.23146	237.05441
155.32065	234.7363
186.95001	199.60457
184.04852	242.72278
139.4794	227.93954
195.08105	210.66289
152.09288	238.51804
156.81975	192.00856
191.24564	214.90952
142.93277	210.5632
193.11162	204.94223
188.18918	248.11484
154.6511	200.17912
171.95648	516.4579
161.36812	532.57947
170.97551	538.6318
182.89485	538.26904
168.66385	526.693
179.64183	517.6986
162.62363	540.51605
162.33487	517.3219
182.46277	529.7133
158.51259	537.5277
167.04483	515.4034
179.64726	533.4581
148.11404	127.54437
160.90991	119.72213
144.45377	155.54117
190.57681	150.93114
199.58856	140.55391
156.94275	124.47086
187.77525	104.92302
172.78775	140.91064
156.97333	117.28212
187.18297	121.53904
155.1053	159.2898
196.38406	121.216225
176.93135	156.7974
148.48851	146.19566
185.99684	143.8879
183.4246	162.22543
138.94565	133.45708
198.01805	150.67715
151.5232	154.0932
175.13412	111.9504
157.78973	150.57639
164.06609	107.82002
193.01598	133.42892
144.72751	133.23204
168.16017	104.603806
188.88109	155.4686
167.57878	162.57907
199.4256	127.54701
