745.6852	376.1917
750.9521	385.69626
748.3491	362.88168
746.2656	391.326
737.4168	376.80267
754.91583	364.45465
738.35925	384.68784
742.94446	365.5905
758.9829	379.88757
734.0211	372.52615
754.9432	373.52106
757.5668	388.37408
719.62067	111.06633
734.61194	122.908714
728.2855	138.39902
739.20264	110.91826
734.1347	138.10292
726.86847	112.99536
739.3449	105.6442
732.94916	128.81525
725.8878	105.84544
750.0315	127.52339
718.181	136.26456
731.4654	107.10301
742.3987	136.41338
716.19165	117.02272
709.8645	378.7945
709.1195	391.10648
699.5074	368.38388
723.7597	377.7598
718.3743	365.6469
713.83997	385.0937
699.2523	387.807
708.53485	373.2503
723.7751	384.82565
699.5006	381.20526
708.9379	363.44525
716.6633	389.92123
694.6816	378.06177
723.3621	368.3777
566.503	394.05487
559.47046	386.01166
576.43976	387.86346
571.5772	375.64752
565.15405	363.0181
582.25	389.85324
558.64996	363.67993
584.99207	371.37073
568.05164	380.12766
557.9239	359.26624
587.0452	384.50214
549.5928	382.4967
578.876	365.31497
573.5065	394.99188
559.46094	370.3054
589.5067	374.0268
558.03064	391.12262
571.41785	359.8943
189.97647	56.95243
148.56859	34.304283
142.20401	51.991688
183.38773	70.4135
168.92834	21.060587
177.67912	75.467606
154.0682	21.860886
163.29756	24.82132
195.43723	53.329254
128.20398	44.37278
191.65508	44.76122
162.35757	81.105446
195.25432	38.703823
138.43915	61.305073
168.26277	52.74865
182.67465	55.114666
162.64188	72.874855
138.32268	46.42081
188.3715	48.865593
136.49617	55.129578
177.53017	27.795086
151.13902	72.99477
140.02998	29.577337
170.11552	14.472119
159.03398	72.193016
160.70683	405.96548
177.24907	409.43765
148.68056	410.9687
175.74626	400.82104
169.2042	418.99374
143.58072	414.22665
178.57921	417.3624
145.16676	422.09106
156.7255	401.86798
172.78183	434.85284
154.17186	413.95538
186.6575	406.0729
164.03264	432.70953
150.96828	405.4516
177.27943	428.95978
428.8497	378.48282
456.27222	374.45093
466.1092	391.0743
443.58652	402.5812
432.38232	386.76593
446.91733	376.90936
436.70132	361.79538
467.8409	385.89484
427.63843	364.15207
468.4313	403.33316
440.90268	363.52634
432.59613	354.46204
461.5939	363.735
452.4433	403.14557
447.7042	356.63647
471.37207	373.3704
433.85947	368.99823
473.11713	369.84003
443.15268	396.4362
471.69604	364.9837
449.23154	393.36856
429.22662	396.39597
464.65796	360.281
458.00958	396.74847
151.66263	345.85046
184.21799	356.60968
169.35493	373.70706
157.49823	341.9315
183.12312	341.98984
149.73985	369.0606
163.9114	339.90665
180.16856	361.5064
172.51578	338.99002
178.38065	370.5276
147.34714	348.338
178.95499	341.5517
154.30896	372.6121
148.15475	362.19293
176.74194	347.00922
153.88531	365.52774
446.4084	35.646072
461.1664	84.01033
485.2705	94.733635
461.87238	39.3955
460.67075	107.84878
431.1608	38.734688
486.98257	57.811848
413.88916	59.764427
406.41214	81.83214
447.3252	56.503662
408.53607	65.48546
488.62115	77.9831
439.8146	122.91256
444.10773	38.41427
428.30103	68.8597
425.17123	105.73985
460.6591	105.66917
453.36612	122.0613
412.3441	88.33707
488.01642	83.97616
426.3038	42.106815
425.0263	32.02578
496.76666	91.27299
409.0429	98.081375
482.88867	59.828163
453.42422	115.65824
425.3274	47.6852
499.43985	67.76759
418.00372	113.78755
155.53084	198.60924
160.87166	220.07133
151.89323	232.23416
180.12675	201.70206
175.46384	237.91692
164.72308	197.27463
162.71487	240.68738
146.0789	232.2667
172.32079	198.66048
165.49554	223.24442
142.32181	213.83841
179.74754	235.86162
176.4334	207.70427
148.48936	208.27332
169.22485	245.47134
143.6115	222.67151
189.7065	221.74084
157.05058	243.17813
171.70474	204.09923
174.42056	549.9127
153.81567	555.05084
167.46292	556.0768
158.19754	569.95123
162.21927	561.79596
169.008	562.08386
171.4595	570.223
161.64548	547.43866
178.89487	561.59314
158.52594	549.64557
715.22345	60.351906
733.5679	56.77898
716.82654	26.296665
737.5543	18.61583
709.97314	66.92669
758.8263	54.565655
753.68243	71.566185
745.92694	49.691593
759.4198	29.0967
749.5426	74.78169
744.0216	23.40142
741.4935	66.19901
706.0047	49.37048
726.3646	18.332458
739.9669	71.93477
706.7169	30.203772
750.513	60.499596
713.787	76.76231
725.9819	24.69057
757.8674	36.68477
700.7266	31.32343
738.1198	31.47408
714.8414	68.64147
708.66644	37.018787
723.81744	80.34932
159.67375	531.035
160.18733	518.89325
178.27353	523.95703
158.39468	508.01123
177.64677	511.20184
169.06897	531.5543
173.62427	507.76465
165.4628	522.0559
152.17857	513.4561
166.56836	515.3872
175.39015	528.69275
157.62778	287.346
179.48003	296.41467
182.72833	303.7603
162.52394	266.60788
159.05717	312.0927
145.73434	286.41815
189.95247	296.80997
171.76059	307.58603
158.4042	270.6447
160.71799	278.38882
181.30292	308.3791
176.9784	277.10226
147.12694	304.7862
143.08884	293.51474
176.62656	271.55777
159.1445	307.14694
169.00204	273.03336
185.49783	294.09464
670.79895	379.50198
680.02167	377.42682
662.4418	388.49194
661.17267	367.4717
674.66675	386.33716
652.6029	383.07034
680.352	371.2077
682.8063	383.4654
651.178	369.6316
669.0993	365.17978
660.9519	396.42746
671.6839	359.55936
678.1791	390.63266
655.94745	373.42175
686.0264	371.00043
668.90393	392.9216
499.2115	365.1435
522.13196	375.53668
495.53906	370.00247
528.4348	361.59906
525.5514	391.27286
505.75977	380.98727
507.80176	363.9763
508.1917	398.39325
513.02716	354.9491
533.69543	387.59625
493.5327	384.54218
523.10205	365.36493
516.21936	391.437
493.12274	378.15485
533.5638	371.36755
496.93756	386.7465
505.03018	358.70145
533.8605	377.69623
528.80286	382.2087
535.15717	368.473
524.1066	396.51974
778.9424	370.66837
786.4562	377.9097
774.2047	385.3197
786.9503	366.3254
782.0172	391.40396
771.099	376.5639
791.9901	386.64175
782.37976	385.54813
778.56445	364.38528
791.1791	381.04117
769.6255	369.97052
382.58643	354.78833
387.55618	393.36615
352.4439	363.48846
365.01904	397.90973
359.7184	395.13983
366.73538	358.43613
394.4511	380.33987
348.14105	377.54236
358.62555	378.5133
375.40134	403.4092
374.0792	352.73917
391.1321	399.95306
345.53787	386.27814
380.1551	400.97125
392.36465	387.80377
355.84586	370.5296
395.6254	360.34396
384.36578	401.9199
366.1136	347.0947
387.90375	362.84286
353.67902	389.58017
363.14215	386.0696
359.16925	401.53302
344.8041	360.5668
398.02155	369.79266
370.61923	406.21466
392.1965	359.33813
397.54187	391.71893
359.47247	357.85992
169.66685	455.00162
172.06552	468.42157
175.5621	460.6962
181.13028	481.39566
156.60593	483.62762
182.17506	473.6933
169.56628	487.44254
151.78207	459.2815
181.6951	463.25522
159.95348	489.21747
163.66284	456.88583
162.77536	482.7894
147.62094	474.46875
156.74377	462.17218
177.31168	162.0469
146.40913	119.47255
189.2523	146.33733
178.02713	156.10184
187.5871	127.38713
174.09125	122.09462
152.84691	118.91648
170.98953	117.347244
149.3295	163.82529
156.03577	140.39694
198.44954	138.60127
150.66957	129.87592
170.2129	106.96069
157.57559	164.17499
143.63692	124.03329
185.44702	117.97225
146.86171	159.0114
160.08447	115.02281
187.4061	153.38821
139.91641	145.48659
160.81566	148.63716
165.976	164.46289
175.75235	114.602005
633.4999	376.65857
605.2777	368.82745
636.6989	382.0145
630.23865	388.2014
619.41077	363.69006
631.7018	364.90802
612.5471	392.21344
624.21216	361.49417
635.51514	387.95026
601.9686	384.30093
620.7145	375.4185
623.5589	392.171
605.9076	378.67093
632.4247	372.16766
618.50836	380.71713
611.58295	363.5752
607.861	384.77338
