740.495	24.400047
734.01117	38.64927
715.25793	22.537106
735.87335	65.47977
742.23737	56.04258
750.3266	43.67569
716.8189	45.23005
705.7352	31.722538
739.4187	75.95454
705.7298	46.8709
745.0747	52.19685
737.38477	71.3008
707.4481	36.23027
759.9739	27.181396
728.55975	78.340256
729.4974	19.603725
759.08105	56.295094
709.8038	56.648724
755.1321	52.13148
731.4935	71.12582
716.7492	29.009441
748.7604	21.327742
688.37	49.191444
742.93353	19.07323
747.35925	67.3394
706.33356	60.578056
362.05133	369.52982
371.26553	388.59198
364.31754	395.45795
382.52432	368.951
351.31393	376.75958
382.3979	353.6345
384.6565	391.851
354.98798	367.82755
384.0467	384.3842
355.3813	395.653
348.12158	386.41125
395.2689	384.34424
360.9523	356.63544
391.28827	354.35138
376.883	383.89447
368.20258	345.4997
391.48883	377.35266
352.39844	387.32507
379.9014	360.2472
380.94687	399.8298
349.1052	367.1686
388.5014	363.24542
358.18393	401.82913
369.78595	357.25693
370.3083	400.5469
343.22992	378.35284
364.26715	350.76065
168.14096	209.74826
178.61961	232.97627
165.16803	238.08456
147.7053	202.43974
179.51129	197.8662
185.64229	217.57243
181.79176	224.64714
163.76437	189.68167
149.00546	208.0763
152.53262	195.58917
186.25275	230.42044
155.77017	230.26607
191.02454	218.60611
175.26436	238.05412
144.1453	217.43034
185.3131	207.03622
148.46234	232.95544
161.08813	195.21939
153.30762	234.7083
146.35208	227.03592
169.07906	194.23492
150.56114	342.50613
143.72635	353.17365
182.55447	357.0368
155.88217	335.57962
183.64061	345.63205
173.80786	368.29852
150.1148	354.73706
171.05045	343.58096
154.65263	364.03873
167.04564	334.9638
187.53468	364.22427
148.59174	360.43436
171.50826	330.51837
167.23691	372.37567
149.81631	337.9345
187.1631	351.00116
155.32596	370.44757
181.26175	339.89532
171.03928	430.1022
151.1268	408.90515
174.11081	399.3535
183.19952	415.90512
155.15402	402.48184
185.9823	411.8532
152.73027	419.39975
159.7388	394.95502
157.88747	427.7661
184.051	402.1574
179.30844	425.61987
165.01056	432.41293
160.4079	399.73605
175.19955	428.12607
146.77121	418.06436
180.14171	410.29004
177.78058	64.369125
142.41434	44.470745
194.88925	39.82648
167.02567	63.545135
163.46722	54.411938
193.7565	69.34401
164.08615	22.317507
169.32573	76.203354
161.36137	77.818794
146.21127	22.786634
189.25652	40.945374
142.2657	33.887703
163.40625	41.397163
181.19382	78.293015
142.4451	27.055655
187.28731	27.953861
137.99149	58.799995
166.89824	16.335936
172.36076	39.104626
154.13226	69.2456
179.53741	28.312994
144.50401	66.510414
154.04172	22.823647
199.79335	56.09793
136.57054	43.027027
187.94234	23.941193
184.40897	66.60585
765.8002	375.91983
768.7636	367.71793
766.03064	381.96445
772.56134	385.44037
785.2527	368.80728
777.21124	375.88278
791.7369	366.87836
785.107	384.32272
780.04346	362.14932
788.89514	380.47296
784.5025	389.88678
778.3665	367.4198
776.9012	387.91586
716.0033	123.99507
745.0973	118.21965
736.1174	134.84175
717.925	111.70862
741.50226	132.68854
718.3097	129.2125
741.93024	107.42107
725.0369	107.472336
716.30365	118.947556
729.1865	108.66874
723.21497	138.33353
721.3854	103.72601
747.0514	125.46765
738.57605	102.439514
749.34454	117.01723
498.9965	388.2082
505.36246	384.72525
516.2742	381.4514
503.55396	365.33984
506.47137	360.0414
510.42783	394.93854
491.14584	364.73627
516.2865	391.55548
484.35138	391.89447
504.6793	355.61288
518.3388	365.11444
488.57104	386.21008
512.0042	360.7702
503.95575	396.56384
495.0957	357.2023
507.46426	374.9254
481.57495	378.2351
481.5682	368.90985
521.9337	370.28024
479.9143	373.80597
524.0434	360.77005
498.2308	394.69293
420.16138	59.976906
483.1491	61.033882
412.45917	89.48042
451.4848	32.1491
493.00806	96.91662
462.40033	39.247314
486.39795	68.24901
416.25455	103.15476
411.6744	62.251274
483.22696	103.704384
429.49374	108.088196
433.2885	42.434135
409.28635	95.78697
484.09113	45.66213
490.87506	72.342606
450.61108	116.86206
464.19174	74.80246
445.96295	109.006454
421.7713	99.2916
406.89667	89.86986
431.84628	115.57446
431.9527	34.535316
486.07343	90.90175
459.15796	83.024925
474.30728	50.66607
462.48575	113.151306
420.0599	50.12524
492.1596	87.17734
409.40884	103.06081
448.49106	34.380943
165.39812	474.59555
148.74245	470.9345
184.11507	459.37347
165.26128	481.08145
154.16696	449.01505
184.59903	468.6142
165.81349	465.96246
168.31973	457.57935
168.02942	486.78857
152.13104	462.4625
176.4801	462.89728
154.1587	472.46826
164.07675	448.26205
179.86865	475.97906
734.4991	382.14435
753.3451	368.88132
749.4485	389.31534
737.94507	361.77502
748.8126	372.6147
737.8931	391.2118
748.0645	364.45364
754.7228	383.63406
728.772	374.9084
757.28577	374.8826
738.9167	369.7761
732.4391	369.19055
739.44324	387.65564
727.9902	381.19427
166.83583	514.3793
163.35004	518.81464
151.71165	524.0374
177.49887	509.67056
166.9186	535.31506
173.14851	502.48917
170.16689	531.5022
152.64554	509.49292
157.72592	502.0328
177.16055	526.5282
163.10872	504.25684
180.92375	523.921
161.53038	531.6299
183.74353	513.63824
190.22624	286.92035
146.71606	275.8615
189.35556	279.6098
148.54587	291.8338
181.98462	294.01407
160.62357	308.35977
154.25848	301.7193
152.13745	273.1041
172.21548	303.8992
152.08273	280.11237
181.67561	277.11127
144.27876	294.04266
166.2587	265.829
176.84314	304.85245
175.40143	279.20584
184.32802	287.53244
167.34164	305.50732
157.34378	266.06802
182.5845	302.31012
452.77197	385.53156
443.41373	355.91602
444.6643	397.3169
457.85406	374.1933
434.4977	361.8448
430.00922	384.52097
439.36182	380.69342
459.60736	394.37747
423.54376	373.78796
450.5703	395.71432
438.73764	393.3393
438.47275	355.2486
444.59604	378.53296
414.90103	382.0815
434.1231	350.6251
457.71362	383.69577
424.69922	390.17963
454.7339	359.6372
417.8915	364.19885
427.4746	372.26047
464.35284	385.5721
415.5677	372.11383
448.62085	354.7766
427.5708	399.2918
429.84088	351.74326
609.9281	376.75327
594.5193	378.17923
623.4335	380.75256
617.58545	390.8056
595.5907	386.0296
623.5622	371.46063
608.7289	389.9506
592.7646	367.1841
621.4738	385.26807
602.3356	393.55585
609.1896	358.75995
623.6825	364.53964
594.2831	371.45905
618.90125	362.42606
613.72156	395.19043
605.8129	361.86414
628.72156	377.3522
599.4784	367.2744
617.25415	358.84256
546.6629	372.40802
574.1422	368.33112
572.63605	374.99402
547.0019	391.88733
556.24884	355.34277
568.61957	391.50845
547.8011	385.94513
557.6726	360.78412
561.34467	395.15442
551.73114	360.94995
576.7909	379.4155
538.00507	383.95114
563.2977	387.82117
555.7629	376.18265
549.91846	364.89517
565.6038	360.8969
555.28577	394.17236
540.7157	365.69342
573.99603	386.0883
541.7269	374.04306
168.1381	548.20044
167.1182	573.83014
153.87589	555.712
184.2057	562.4815
162.47327	548.9803
168.94211	561.7402
154.923	570.9516
153.58989	562.672
177.9877	562.77
162.87454	570.4035
176.6794	553.1424
152.14754	157.80954
159.74275	124.20194
163.75328	161.09529
182.5095	154.41025
170.30861	116.45386
150.86992	115.25533
149.07596	150.42493
185.30916	121.17948
171.31017	135.38284
142.27702	138.707
160.44221	109.206955
175.78177	162.66933
148.37766	120.44999
179.2147	149.79549
143.41367	125.78715
171.39204	112.40257
189.63722	146.20493
152.86107	125.69375
192.19046	125.97325
157.863	147.00317
184.55458	143.30545
192.4723	140.67477
142.58871	150.01938
703.1948	363.69394
702.0037	383.3364
690.20135	373.99884
716.3749	380.82773
691.07947	386.56583
716.7123	375.0904
711.7216	384.14862
697.14075	366.21155
713.5339	389.44788
698.25494	390.53372
689.32196	367.11453
716.87476	365.69897
691.5541	379.764
710.2176	363.12286
704.211	389.6884
642.6381	368.18896
657.3548	357.40527
658.4535	389.95578
667.5431	370.53903
668.85547	384.71964
647.43915	372.12057
676.5597	375.3118
652.0434	394.048
655.1822	359.98853
666.9553	363.63693
649.722	388.10214
653.98096	374.49136
666.07294	390.58966
642.2549	377.3719
663.2255	361.0058
670.9174	376.93378
674.2864	361.50107
672.82587	390.1013
