479.17545	398.23267
479.41986	380.3179
485.54892	387.27734
483.0711	365.26862
459.77472	370.8483
476.68146	365.72226
475.25284	391.77798
457.46558	359.61096
488.39154	391.27875
453.46307	367.3945
467.26083	353.77557
494.28818	381.8944
464.99155	390.89886
498.83017	370.74686
456.19052	392.4656
481.761	356.09067
499.40054	379.4147
448.4271	374.09094
493.22177	365.7418
462.13364	394.5971
465.70523	357.7658
490.01715	376.99954
454.64175	378.33875
485.45807	39.635242
513.7936	96.91989
516.50134	40.866917
510.9583	57.784405
460.5562	88.34154
501.69717	102.396416
475.70636	61.19505
442.7177	80.22988
524.29065	86.32177
473.65146	119.25873
429.6749	87.85984
485.46674	69.17445
442.70117	57.690804
481.70947	108.60431
520.3086	89.82773
467.77213	49.173653
505.44287	39.069542
456.68964	76.5598
494.83774	37.57644
469.6998	107.9106
479.98203	114.552444
501.2514	44.24881
515.38666	103.066895
436.2936	60.834766
460.43466	39.42642
453.40536	112.37396
449.0856	42.799103
503.5749	118.3147
442.15952	100.80503
669.91455	363.19208
656.67053	389.23492
642.07477	363.5605
663.304	370.96298
642.9848	386.04395
664.3147	365.2647
658.4315	398.08383
637.4287	370.2149
672.01953	372.78812
649.23755	393.7596
632.7335	370.05377
671.46936	386.04547
641.5551	372.76437
635.88763	358.0975
663.7694	386.69733
633.1573	380.067
665.9873	378.1894
637.03156	382.65332
651.44183	359.6553
160.5497	221.61751
157.28983	217.44507
167.31929	199.0942
170.19922	222.07693
176.33264	195.86594
199.46869	219.87646
169.76181	230.88354
197.25471	214.0607
195.99242	228.30777
164.59792	231.43669
194.5575	197.13115
192.14018	232.62988
192.06291	201.1089
201.7441	209.3292
157.7261	198.539
181.30936	191.41298
175.47374	232.63583
172.85672	190.23386
180.7144	233.10954
167.77278	237.18161
401.54898	355.2757
398.0891	398.02097
391.71506	352.90784
409.56555	368.374
383.11758	398.87677
397.0489	356.89316
411.78433	384.14072
421.34784	372.62823
409.42972	355.8095
412.5598	396.85553
382.24274	368.97498
427.58194	375.44965
390.04834	388.47296
392.56815	348.56033
407.14804	403.17188
372.49585	377.45932
396.62543	350.21164
397.7139	405.49237
380.68826	358.75525
400.0285	394.4952
376.33176	386.6467
402.11954	343.6805
418.24512	393.04623
382.51694	379.16388
416.9965	362.33942
390.97235	394.07532
416.83286	354.23285
421.13702	388.6659
369.21957	386.21445
785.36005	21.05491
794.9342	54.96293
757.8895	25.123562
772.9772	60.029167
776.5792	70.03036
778.3122	19.034796
785.05695	71.20306
755.484	28.08186
799.7172	65.86327
764.33276	70.123634
749.90216	44.79221
790.6017	34.889774
752.2052	47.218155
768.1847	19.492579
799.8162	57.31723
761.151	61.438362
809.8474	32.97735
764.1044	30.837204
804.2545	42.34084
788.20306	16.915604
758.43616	46.274227
796.8583	31.500187
794.9277	68.68579
770.4382	25.9511
806.5651	59.081482
186.61763	150.22855
198.33083	117.72974
164.41049	145.7572
156.03787	128.8643
181.74973	116.12488
193.13785	152.93393
161.12146	122.59192
199.27676	131.405
156.47446	132.6879
161.22359	137.21523
202.05775	147.93726
154.85619	122.37636
194.63524	158.23224
168.20435	159.8866
185.32426	109.94972
183.4841	164.47668
188.55353	123.857056
197.347	138.27156
156.01138	151.35883
178.8533	115.19092
202.1008	142.04277
153.54268	142.13718
593.60516	359.99338
607.4241	366.17307
596.2256	368.43405
599.1265	362.24976
581.2843	372.5353
580.49426	363.38226
611.74255	390.35834
604.2249	380.91098
606.3904	359.7561
593.9176	396.25342
575.7728	377.11475
616.23663	380.6912
583.54877	390.2052
601.5779	355.59555
592.326	390.2454
578.27264	383.39117
614.2026	363.47552
588.11316	386.55664
586.9449	356.42474
603.7476	396.14218
522.69495	383.74094
550.48206	369.42157
554.8946	386.7089
521.1058	365.3603
557.3479	368.24582
536.8436	384.91937
550.65326	375.6965
545.0029	399.01422
521.9468	371.5379
544.58203	355.14063
520.84247	391.20514
536.0221	373.78326
556.7289	378.57446
522.52747	387.77975
539.1607	356.7614
528.64636	395.04395
516.25903	369.28754
551.79126	362.29657
534.04785	392.0484
530.81433	356.63342
547.7384	390.49973
859.87274	379.70148
869.90247	377.22507
876.1322	382.5684
856.5543	368.465
877.01337	368.97858
854.4471	378.55173
868.14404	371.73553
879.84045	378.04572
859.34924	373.10184
864.529	363.87238
868.58704	386.83185
783.7902	363.7325
808.8778	380.27875
781.50183	381.81818
797.3021	362.9567
801.5148	370.06656
779.5025	377.62787
791.7112	384.19016
784.2665	388.0771
796.63245	358.76822
808.00745	385.813
782.16614	370.10452
806.31384	362.8795
797.4272	390.47305
787.5421	367.35657
808.11005	371.40814
698.7826	388.83508
714.2012	363.72208
704.18713	376.36066
689.7261	374.77634
719.526	371.0837
702.83655	389.94702
697.1886	361.0206
715.5638	385.70282
689.9557	364.1048
702.83057	360.02692
707.3378	391.33267
692.70764	369.00726
715.6715	379.93576
690.4852	388.3615
704.677	365.46503
721.3237	376.34332
163.75385	418.2741
196.44518	402.88248
191.42242	421.06573
164.99155	412.914
196.82327	420.3496
172.72311	430.10352
186.74437	419.38843
186.11685	430.06998
165.93535	401.74188
194.09619	409.81573
180.21959	428.13126
177.53831	393.45392
185.18309	399.1988
162.47176	403.25552
185.00052	393.57855
156.94069	413.24918
161.56566	275.71884
197.51376	295.98087
191.93088	298.0338
172.63228	265.41522
171.73055	308.35297
156.94043	292.0399
196.9824	279.19504
178.42589	286.70038
184.84793	262.89545
204.18088	283.11243
162.51437	299.8404
189.12268	270.24442
180.97185	306.39923
162.78824	265.87292
199.18549	289.67642
165.28621	302.90872
155.61662	285.36752
190.2161	304.44745
171.4235	273.9035
178.49399	264.51605
844.9979	382.42386
820.48035	369.81262
846.8459	372.57437
823.4004	384.45038
837.41516	363.91022
830.5137	386.61914
830.3577	362.90717
842.51355	368.88223
839.9796	379.80386
830.90656	376.1885
835.72375	388.7707
825.6217	374.6606
180.8651	359.55817
172.94691	369.8227
163.1149	337.11746
160.01477	357.0753
161.10724	351.275
195.46138	344.17343
198.89047	358.38464
158.98116	345.43484
175.72937	331.75748
166.9957	370.4024
172.60864	340.8767
196.70485	353.7682
166.60788	365.56482
185.24417	335.71677
192.88821	365.3232
173.20045	334.72214
197.57031	347.36676
171.20506	583.00476
168.12137	565.90765
191.754	573.1277
176.56227	559.08704
193.12961	568.5445
188.10577	580.675
181.34477	556.17426
188.30792	562.58673
166.78633	581.3035
181.27414	562.0569
177.40807	585.9415
170.84763	557.65375
183.10696	512.86273
176.45822	527.07184
184.28784	536.4737
192.40779	531.33
161.76743	525.4503
187.60547	509.07135
173.45444	538.60254
161.9838	520.3944
180.4956	543.255
167.0111	535.7757
177.77145	508.52725
193.04478	519.2492
170.80673	510.99078
180.04947	523.0913
744.89246	391.64944
747.47723	360.1524
764.8375	377.97366
746.1355	385.6061
749.42224	373.15454
756.8016	389.08307
736.5912	367.31317
762.39703	387.3106
741.66187	371.73862
754.6579	360.93018
762.2549	370.91302
737.3787	388.11676
761.142	359.74603
751.7508	392.12653
732.5888	374.3135
759.5403	365.46826
152.13808	62.47118
198.83023	31.803131
158.398	37.744514
173.9193	13.683645
143.96031	43.81855
176.50558	69.88739
175.94055	22.268911
205.155	54.421455
146.95541	54.009315
187.79025	26.006128
185.46983	76.62772
163.71054	57.01768
181.61288	20.862797
163.96284	71.693924
167.73665	27.328785
204.5675	66.21369
153.38306	47.33448
194.44545	66.83412
167.01797	41.57711
153.93695	34.02128
199.9014	40.766167
175.40048	79.56846
190.64742	20.062458
187.30504	68.165276
159.38644	25.82788
204.35652	32.298973
200.44005	72.465706
179.12842	470.57697
165.05875	485.06512
160.9058	473.21246
189.18869	458.86237
183.27113	487.77435
161.59323	467.15033
193.62292	466.30014
193.705	484.39664
184.48204	451.22186
194.75784	476.24658
173.1572	462.68393
167.9666	456.96753
181.38962	481.9248
165.77196	453.9182
193.11911	456.6678
161.04512	478.14502
