503.47763	388.50812
500.27017	380.67105
515.44824	362.9601
506.69873	360.14368
499.46255	354.86316
505.42188	372.5684
492.11807	391.1968
486.91876	362.18976
518.7429	374.89505
482.649	377.74512
505.25742	354.25348
512.3233	387.52148
499.17072	371.9623
525.61035	378.88828
489.70123	383.76996
490.98486	360.78204
519.2237	386.44876
486.0097	370.80923
735.6018	125.25456
745.1886	111.682846
715.5439	109.059494
740.0533	115.817215
715.59735	128.77055
723.6146	100.37357
728.27795	132.51543
720.1126	125.67104
740.5696	101.45532
746.6006	118.70134
734.2777	102.21951
740.9312	106.63756
713.18335	117.238075
165.07578	193.71268
154.64896	204.5717
149.93152	200.02567
185.38052	198.51414
182.25362	210.4366
181.74281	192.59848
165.01346	234.68442
159.84866	226.92546
166.63948	188.37228
156.92386	232.86687
154.72745	190.22458
189.20406	220.52255
175.19037	230.05017
177.64615	197.32214
182.65915	228.68246
150.20753	221.81088
190.7233	214.8853
151.77309	228.70535
440.62558	41.62732
448.1092	76.2751
423.39575	39.761723
449.7015	70.86296
427.65546	96.3924
428.89038	50.503304
414.4938	83.37484
429.6709	110.44507
465.9918	36.858818
491.90607	56.078564
405.42194	86.44581
483.72836	57.359783
466.06866	111.96285
478.1966	99.906586
461.00708	76.08489
434.76196	38.748077
486.63394	67.53387
425.2924	100.91858
423.53778	113.72972
486.22852	87.17883
448.09442	111.04396
425.22015	36.40532
483.65558	89.48287
409.84634	67.40375
179.75894	293.03555
160.46219	266.23358
167.96251	263.30368
185.09439	280.83713
152.90616	287.68903
147.46785	272.2223
177.57562	265.30307
148.36647	282.62646
190.34116	279.0975
167.27841	300.5335
185.8479	272.4497
190.37665	284.92456
186.39484	292.22614
151.32289	271.6245
160.21365	295.07104
156.9686	269.79266
622.5631	373.10043
596.0832	361.39703
601.4193	371.23343
611.5416	385.0033
589.4277	377.69812
614.3023	372.75403
601.852	389.0641
588.79016	366.68793
618.9723	384.36606
605.7982	375.7602
604.83386	356.8753
608.0891	390.90683
601.7358	359.99237
618.225	357.58636
593.25964	384.39752
620.6081	368.49823
784.6998	375.34528
771.86237	382.5412
778.41833	363.75592
780.68384	383.04257
773.2932	361.51297
782.92944	368.98383
764.21277	379.42844
770.53735	369.987
774.90765	375.0148
762.6935	375.38565
433.55713	363.49753
426.73633	379.106
442.89706	386.63315
452.7982	386.9556
422.28598	361.8588
456.2404	383.13766
455.2968	360.86807
451.41617	363.60962
426.98047	369.0228
429.37396	388.8854
431.65692	355.0055
440.54468	391.0768
422.56158	375.34894
460.98438	358.34723
459.94345	391.4
439.2228	353.0304
461.10504	380.50775
446.05844	397.63083
450.7929	353.23877
464.6338	384.7883
446.82358	352.71115
183.59639	43.550953
161.92758	42.859158
170.02643	9.529976
185.81622	61.490486
157.7604	26.56514
175.9426	19.6831
162.57863	72.16239
142.25911	29.408497
194.65201	62.464928
172.2332	64.46286
182.80327	29.938778
174.9189	72.615944
149.24074	38.94924
191.689	39.508553
151.82925	69.73275
146.73022	24.448061
194.41197	50.470898
144.75027	57.237995
155.51111	22.578362
186.46059	68.24421
145.27805	48.443428
186.55592	24.807362
137.59163	52.010803
705.349	360.02707
714.7313	385.82767
687.2508	381.0362
710.3761	362.02863
692.88025	381.17126
691.59094	360.60626
695.6712	371.99396
694.49475	389.2496
717.4406	362.4649
719.3551	373.5121
690.81134	369.31293
715.5208	372.7994
704.1795	387.06976
698.009	357.49286
709.6266	381.43665
543.04034	366.32816
566.2131	358.1328
556.93335	387.87363
565.78827	363.84445
569.7586	368.5493
558.65686	395.25824
558.3495	357.06512
567.97186	388.94104
541.3225	384.1685
573.64636	365.3511
548.2755	389.03888
553.76105	358.05084
550.6222	377.41025
548.1397	356.03937
554.8286	371.8205
564.0758	383.92877
537.0773	370.10657
188.71262	132.2121
155.05309	154.40988
154.72632	112.734825
190.31815	149.10716
160.37906	120.17717
151.20685	124.358864
182.80812	119.684654
147.11989	117.231094
159.52159	111.79513
145.44331	137.81767
168.35074	108.08917
163.10922	156.2573
145.92331	126.92467
193.76096	127.6109
182.93848	154.55489
165.75203	136.88167
191.77481	140.63554
146.32965	146.40591
190.73705	121.31509
175.78932	156.29128
170.52881	468.35138
182.46712	484.96915
180.82993	488.9284
150.58981	463.2874
165.10252	491.72305
166.477	477.1137
176.26619	457.8487
155.3782	489.95135
164.46571	453.87177
187.71127	471.80698
156.34622	485.04785
172.1132	475.06186
166.21582	458.9239
150.30841	478.38385
184.26515	464.5079
157.82632	562.2804
164.96938	568.9299
181.29263	563.4757
159.92984	577.71875
171.95604	567.6396
175.28499	580.89294
167.75148	557.08844
171.46904	573.3484
164.53693	581.45795
173.82559	558.1462
752.12195	378.67365
738.9807	385.27502
734.18585	362.46164
743.59485	381.27362
744.5792	360.624
738.84015	367.30023
730.3342	379.84158
750.1608	364.6992
749.17676	384.3239
731.37897	368.75757
753.5678	373.90274
723.0131	48.356968
753.3053	22.954544
750.21936	55.207592
714.7355	45.686214
742.89996	28.39555
718.9493	75.26088
716.0408	23.761372
723.7672	70.82072
730.0853	60.384296
729.3223	23.803968
748.2756	32.74764
704.33276	43.44307
758.61145	39.26244
702.26306	51.16232
701.5887	28.234976
752.43445	45.756577
707.3429	64.05856
755.38116	36.00048
738.11926	67.75118
737.64716	18.328688
723.4298	28.08251
714.7564	69.921364
183.01807	350.4327
181.263	356.85764
150.4371	344.5469
184.17014	331.19702
155.0268	358.99435
167.72678	329.13327
186.18912	359.11517
150.35995	352.79913
158.35757	332.94714
180.74942	363.12457
151.12871	339.33612
174.39075	329.71985
170.52487	364.16006
179.6748	327.91586
158.01521	351.62018
158.83784	326.17847
394.6921	357.69937
386.8325	390.9423
376.11896	351.06143
393.2013	374.4535
378.30823	372.97723
354.9665	357.75653
364.00714	361.2381
360.23724	358.00262
397.75186	372.259
366.53162	391.73785
365.26337	352.61038
391.87604	391.0247
357.2986	379.40268
377.9181	346.0571
397.97708	379.4272
349.2215	376.39398
365.34778	375.1778
371.81247	396.97647
375.74704	369.94916
378.4326	402.4143
354.04083	384.24832
396.05737	366.70444
350.91092	403.1595
352.71445	368.9781
646.4088	388.26898
638.26697	372.532
655.37195	369.68585
674.38464	376.2847
664.55457	364.6008
669.7583	366.9721
642.9929	382.4213
645.68884	361.07706
662.07166	386.18765
643.08716	367.29184
669.93915	376.77954
653.90344	375.9412
638.97595	365.04108
666.2769	384.62012
654.6249	389.20786
663.4252	358.54236
176.0681	427.1774
185.48198	419.84433
186.00609	410.502
156.0956	397.2533
147.81122	408.14386
188.79129	414.27374
151.29063	416.55087
164.15602	393.43805
171.75198	429.14917
158.72449	392.4042
154.18892	430.25067
167.6216	428.40894
168.99382	410.02753
183.92056	398.67548
161.61873	430.22308
169.81534	392.61954
159.05301	540.985
170.98334	532.13837
185.11452	529.1599
158.06711	536.0856
172.55864	511.7291
172.3038	539.83325
158.69336	517.881
181.28232	521.3758
181.66652	530.6738
158.937	513.3223
176.43265	525.60315
