728.6681	123.12213
723.5702	124.97286
730.6632	116.21333
733.9491	125.59922
718.5586	119.018105
736.7816	117.13672
727.31476	133.6182
724.38025	112.27199
741.9198	123.15016
716.0781	125.50751
736.35046	109.282326
733.5807	134.29065
718.67444	112.30272
742.9779	116.12166
719.7396	132.15909
728.9861	108.03324
739.70984	130.39188
165.26033	523.9006
171.44768	519.60956
169.90591	528.7965
163.34308	516.80865
177.48277	524.53326
158.98454	527.3456
172.74887	512.496
175.28146	531.59204
157.28696	519.74915
178.60788	517.28674
164.50131	532.35583
165.39839	511.3625
446.26068	75.96124
440.27393	75.4893
454.66757	64.19787
447.01837	83.15633
440.34457	67.13127
457.61646	72.34114
450.63483	89.46089
448.54443	69.144585
460.07623	80.33789
431.4664	71.363914
464.63712	63.91734
442.51334	89.12956
442.81104	58.507885
466.65717	80.652245
432.79874	77.05947
446.63858	62.292156
455.73526	93.28346
431.20343	66.603195
470.0782	69.88192
437.80508	95.132385
443.58545	51.974274
466.6918	90.59273
425.52686	81.75548
461.1871	56.66336
448.70743	96.47926
430.43954	60.77186
469.4428	75.281235
435.60345	83.6748
456.29987	54.33175
461.2143	86.38646
162.223	371.62152
175.86511	369.3738
165.24614	377.68353
167.4097	367.78598
172.5	375.3993
155.69205	377.97687
172.6141	362.86948
170.74203	383.977
156.88599	364.56372
182.31044	371.56122
159.1605	382.81738
168.72987	358.62875
177.01486	383.81586
154.58966	370.9357
180.49977	363.31403
165.05301	386.44058
163.17802	359.0274
180.44232	378.10724
440.83417	379.66907
444.7984	370.0323
448.37933	376.903
438.4084	370.80377
451.86578	368.57166
437.8733	386.36987
438.54736	362.7809
454.018	380.72137
431.76178	376.4264
451.15656	362.9416
446.79694	385.1293
432.44125	366.75104
455.54492	373.93448
431.92188	382.35074
439.51483	356.9416
455.30023	386.85684
426.44952	373.1509
454.89517	358.40735
440.39966	392.0874
431.66177	357.60168
461.1779	377.67752
424.31488	379.50583
446.49487	357.63828
448.333	392.08344
425.8502	366.24744
460.58627	368.60095
432.32983	389.27814
167.73073	424.88248
174.94693	434.23853
164.4572	430.18896
176.84738	418.68198
169.13512	436.63507
158.21529	420.29498
173.58417	426.05463
162.09274	436.11362
169.75235	416.63647
174.75183	441.04834
156.23447	426.8641
180.20715	424.91022
162.94261	442.24014
164.02525	418.43268
181.63034	431.63217
156.05798	433.40005
172.16374	129.69675
168.98563	145.63828
156.62177	131.8229
173.7382	138.26328
164.25587	140.29117
165.57996	133.44838
176.36954	146.94267
158.90768	137.48117
181.26993	131.37564
164.41609	149.87944
161.87753	124.6841
179.90677	139.54175
157.2152	145.12372
172.77518	121.79952
176.25017	157.72166
151.11026	137.71968
187.42892	133.9203
162.3771	158.48395
167.9237	124.75498
181.28421	151.31998
150.08206	146.64377
178.69675	125.044754
170.02777	153.67303
154.9188	126.40731
187.12196	143.76936
155.87427	153.08595
733.08264	37.560024
734.4034	53.150604
724.0856	47.895065
732.37006	46.491173
724.9756	53.516155
725.03455	40.917118
744.15594	51.33122
715.1559	48.669075
739.27844	33.80274
728.0319	64.22179
718.38367	34.981327
739.1168	43.675392
716.958	59.843513
729.044	32.65426
738.8068	59.39388
718.1359	42.465034
745.64435	34.02794
728.1801	57.97567
715.7971	30.388433
749.8456	47.822216
712.92664	53.80343
732.9784	27.259817
735.27814	65.58523
710.62585	43.531914
745.7315	41.590794
721.3815	64.77313
723.2742	27.764454
744.78876	57.183044
508.51434	376.77368
512.9074	366.8577
512.0678	382.17905
500.6845	367.7655
511.52115	372.08795
498.74005	383.61063
507.4688	363.79144
520.00397	386.30768
502.41568	376.79172
521.1579	366.58423
506.5489	385.6917
501.47476	360.38712
517.6281	378.52588
492.67252	379.2364
514.40454	358.01346
513.6642	390.99127
491.4983	369.1291
526.197	370.15338
498.00034	389.59152
506.99414	355.47482
524.86896	381.99133
495.44516	374.30435
520.4193	360.62964
507.07437	392.61588
494.68256	363.1217
522.7296	375.48712
701.0692	380.96405
714.4229	370.65408
718.0529	378.30936
703.15845	371.47202
724.04675	366.20453
711.7439	379.17923
708.9361	366.93256
726.50696	376.6147
705.54987	376.65244
717.96674	361.7206
715.3439	386.61136
702.04865	366.1918
721.9292	371.94354
707.7622	385.3018
711.273	361.63422
722.2415	383.6884
160.66507	559.887
175.77347	550.4845
167.02846	566.4447
164.05803	549.2707
177.53023	562.7111
161.23323	565.76514
169.21277	552.5814
172.28995	565.6371
161.39032	554.78094
175.75233	557.1334
745.8329	384.39996
746.622	368.28415
759.59973	377.97055
744.753	376.40298
756.7051	364.88672
751.20605	380.45917
740.2944	365.61737
752.6811	373.26837
739.21466	380.4734
750.04553	363.31808
755.4076	384.78937
739.18335	372.63824
759.64655	370.89325
622.02435	376.9682
621.32806	361.18457
629.6484	378.97858
609.22296	377.24643
632.88495	361.12952
627.1576	389.34387
615.70667	370.72528
629.85065	372.42517
619.1737	388.17508
624.48615	367.59552
638.42993	382.0275
616.8253	375.72433
633.95105	367.26758
623.8187	383.0134
614.9251	362.159
637.80963	375.86456
613.2132	384.0538
626.69006	358.7586
632.7647	385.67487
609.9313	368.99677
639.6529	369.43732
369.59137	386.07855
369.16977	363.12766
385.75668	382.04654
367.56015	378.0468
379.7475	362.02887
373.4183	378.54517
361.18207	367.13657
378.35388	373.27847
361.262	383.16904
374.17975	368.44717
378.73767	381.97592
366.57843	370.67932
387.32828	364.8196
368.01996	392.1693
364.00735	358.0362
386.12054	373.30133
354.70544	381.00525
375.77032	357.03156
380.07416	388.2501
354.2702	370.88153
392.20657	369.37827
361.7169	389.69125
369.6147	355.08722
386.6533	388.30154
359.08026	375.90076
384.41626	356.90024
375.14056	393.4393
356.6486	362.3402
391.9159	378.02463
660.47546	382.91873
675.17883	369.0511
675.58575	378.22525
668.18823	373.05487
684.406	367.8199
670.2169	380.57135
668.20276	365.55927
685.0592	377.12958
662.26196	377.27426
678.40216	361.38043
676.41956	386.4538
661.4153	364.6031
679.68866	372.62796
668.0807	386.6141
671.3114	360.33542
682.08185	382.97064
659.1968	371.87744
175.7075	217.49812
166.02623	231.88779
163.36635	216.47012
174.63687	225.65059
152.66321	234.10886
170.67084	219.397
169.58626	235.7456
156.7058	221.552
184.67535	218.66032
159.49832	237.40291
164.51704	208.87552
182.69409	234.97261
162.7779	223.51424
174.44337	208.81963
173.26926	241.60323
151.6434	215.75815
182.78334	224.64914
159.76254	230.11441
167.68575	204.8475
175.23114	234.01074
151.14656	227.75163
181.3616	212.25859
164.32913	241.57532
158.5675	212.38289
186.1041	228.9573
157.36647	482.20892
173.63956	469.24994
171.9255	489.15717
164.24553	474.78207
173.28464	478.15875
166.14455	488.21646
167.85634	468.18344
176.97934	486.14404
157.82828	475.9398
178.83583	472.28644
167.60503	481.37598
160.63718	468.40015
180.58464	480.05566
160.50998	489.183
569.4558	369.27493
573.73804	380.0091
563.2877	370.28247
581.8502	371.87238
561.994	386.5633
565.73694	358.03363
581.97455	380.6556
564.4685	377.66348
578.68274	363.19693
568.2096	382.62607
557.70374	366.9937
574.9384	373.5965
556.7284	383.43994
571.14514	362.9582
581.0292	386.4261
554.1905	372.4105
584.5966	366.48236
567.7445	388.9112
559.60205	360.83524
586.0657	376.01584
554.0243	377.5237
575.0736	357.61926
574.8598	389.55072
158.52667	41.975327
177.56638	43.204205
163.99818	56.358734
164.85933	44.106895
180.80115	58.072487
165.4381	49.724567
172.35703	36.198208
170.97806	57.054436
165.47781	35.689713
189.69882	49.98639
155.99147	57.453014
171.42801	45.327595
175.76958	51.913055
149.3722	43.76619
182.26627	36.362022
160.93466	63.56617
158.61954	31.530008
185.02284	53.688423
148.41777	54.322502
173.22809	27.894482
173.93074	64.82561
153.5635	35.739254
185.5881	42.177696
154.6131	64.272804
164.5821	29.82793
179.53773	63.919228
154.47002	49.37369
179.8485	32.275528
167.43347	69.00058
771.1082	366.76794
789.2571	376.58502
773.3002	383.73026
782.4462	367.94238
783.0973	382.60086
774.7817	371.865
788.34576	371.3273
778.35077	379.98615
778.2249	363.84763
788.9225	382.2908
770.80066	376.71637
788.70233	364.904
171.3339	308.42838
161.13243	294.05316
177.18385	307.2328
157.61212	313.29376
171.44191	288.7657
175.7427	320.5524
163.59747	303.64093
184.2745	297.9804
164.29749	311.25333
165.76869	288.89047
183.63791	306.1386
153.9966	308.29138
173.37967	296.24005
172.0597	315.90103
153.75966	298.2213
178.09517	300.37592
157.59578	319.36484
167.34964	299.52948
183.08768	315.0479
155.16629	303.43832
179.97989	291.08194
166.23386	319.74652
155.03389	290.8457
