706.67975	370.21628
702.91113	376.1144
705.93005	364.0396
709.72107	377.28897
697.66565	369.69904
714.27875	364.67764
702.45166	384.15356
697.9246	361.21527
716.391	374.7287
695.26196	377.61038
712.02606	359.01334
708.8208	384.79733
692.3187	365.0279
718.38654	369.31696
696.6219	383.3165
704.0089	357.7021
715.46765	381.2899
690.8651	372.8567
732.6114	112.17439
727.13586	116.04244
722.6046	105.15547
735.85626	116.07517
721.21844	117.64851
731.7161	106.69198
730.6803	121.45345
719.179	111.06443
741.1312	106.20245
723.115	126.26833
722.01013	99.19005
739.4783	122.64402
713.5544	116.766014
735.15375	100.80916
729.7756	127.538345
714.8202	106.20363
742.1342	113.78135
717.28864	122.6179
728.5145	98.05415
664.1785	378.1781
658.2852	370.89722
666.46027	367.64362
658.3961	380.36896
658.79016	365.51007
668.68286	373.15088
652.79535	376.28494
663.957	358.80353
669.70154	383.89514
648.337	368.10223
673.4195	365.9213
653.6358	384.67392
657.6437	358.68036
674.7815	378.48758
647.4671	374.86594
670.8374	359.68887
662.3052	386.32953
651.8999	361.81516
675.78253	371.9855
739.09937	375.2833
744.98083	366.91794
747.01917	373.98627
736.67267	369.78424
752.2526	366.5107
743.06793	380.3786
738.34503	362.4197
756.49347	375.3374
732.1046	376.66818
750.4068	359.8879
747.9599	384.3614
732.72	365.55676
757.03864	368.95514
737.4443	383.5248
743.7391	358.7141
753.2123	380.6874
771.8315	372.5326
784.5186	362.24506
777.5853	375.9708
771.53455	363.16153
783.80316	373.06464
767.4214	377.87866
779.2763	367.6918
782.2769	382.21292
767.8695	368.23663
788.9679	368.80344
774.3345	382.3818
777.855	361.2198
788.72516	377.37567
166.97482	472.17743
174.80951	465.71524
171.01688	477.07104
163.65411	466.5014
175.68997	472.11896
162.72476	480.76913
168.86049	462.54858
180.4405	480.36978
157.37595	472.1651
179.74345	460.94354
168.18222	483.9179
163.59862	458.3221
183.43199	473.9532
157.13025	478.60718
173.75694	457.0042
174.54477	483.69604
156.05692	464.6944
182.64975	467.57047
164.0306	358.87592
170.89636	344.09113
174.97581	359.18634
164.5646	352.1786
181.99396	347.47433
169.68326	361.49457
166.42574	347.4549
174.81613	352.16888
157.71341	362.84946
174.23218	339.66223
178.9001	364.77298
155.66849	349.4908
183.88776	352.96396
164.60464	366.8288
164.35696	339.35016
184.17978	358.39255
156.88512	355.7581
180.09337	339.19193
172.63971	368.1631
158.72308	343.9226
177.24216	124.00199
163.01433	139.05191
168.04977	120.95235
172.2941	129.57414
163.59164	127.740555
180.76477	118.81663
167.68681	132.26234
164.7456	115.797104
181.32248	129.70868
158.79126	132.54303
173.85321	117.40765
173.70226	137.59987
158.81085	120.99874
186.24672	121.957596
166.01367	144.75055
165.53734	108.50226
183.21231	136.81078
153.17023	129.19519
181.07826	112.40326
173.22575	144.1318
158.82793	114.63379
188.57709	129.99144
155.1655	139.17844
172.09923	109.85557
180.27612	142.61038
151.71141	122.012405
377.0507	366.49982
371.1944	369.54877
364.24405	362.2948
381.1949	376.27292
367.0319	374.8934
377.48557	360.11526
374.19794	376.5173
361.74274	368.0749
383.17468	369.59174
364.33618	383.21707
370.87537	360.9618
379.0269	382.00043
359.4122	374.31024
386.31186	362.56213
371.31003	383.80038
359.11102	358.97763
388.93423	375.71387
358.6616	382.9378
373.78534	353.3147
382.98276	387.63507
354.8007	366.51474
390.44922	367.81363
366.53854	390.33405
366.39807	354.65668
387.53192	381.26938
353.71616	376.93658
382.90747	355.51428
375.83908	389.4511
719.76715	37.074085
736.03064	38.517555
720.0919	53.328453
725.57086	35.790688
729.43567	43.046303
722.7645	43.86469
740.7981	33.522896
726.8373	53.715454
721.09784	25.018677
739.17755	45.160416
711.5626	48.332726
732.57196	32.9167
732.5206	50.718746
711.3902	32.80889
746.9041	37.1326
723.03625	60.591175
727.78436	27.43578
742.6478	52.99518
714.6413	42.387264
739.26917	27.40568
730.2174	60.293194
715.23755	28.224451
745.8941	45.277287
714.8823	55.346058
733.5739	23.937832
736.3659	56.919903
709.214	39.388084
458.39972	65.81548
441.24487	81.6898
446.70712	59.06939
457.44287	78.29345
438.25226	77.88189
462.27203	56.95527
450.70517	82.86934
435.27426	63.685535
451.0479	73.79039
434.0904	86.25033
449.6508	66.253586
459.07242	85.98567
444.739	71.43008
464.17853	63.105274
453.37875	90.337204
440.47842	58.8685
466.8522	77.167336
427.73126	78.37793
450.33545	50.60441
456.75067	95.28535
429.22144	72.74078
466.13824	69.515945
436.73618	94.39015
442.25204	51.8406
466.92905	84.39943
436.9449	72.00728
456.31818	53.14842
443.56427	88.14845
428.846	59.20517
472.285	69.46059
490.3482	382.6663
497.05502	367.36676
502.854	374.0693
491.8919	371.03168
504.56387	364.02618
497.20834	379.39548
491.2046	359.23447
511.24213	378.65268
488.98956	375.6409
506.4204	354.966
502.44702	382.94455
489.5102	364.9798
507.71906	370.44925
488.4576	387.94012
495.40912	354.47076
510.63345	384.21588
481.9715	373.73843
512.1206	361.53018
497.10693	388.88962
484.22284	359.35522
514.58453	373.65253
482.00742	380.23834
501.1604	358.3215
505.67587	388.28168
481.51498	366.7826
515.39087	367.57916
167.3372	572.4918
167.79865	556.9086
176.22354	566.29553
165.58	565.362
178.8762	555.6833
173.31642	573.64954
162.58075	555.02136
177.42245	561.46094
160.70743	571.9795
172.93214	555.829
179.54605	571.0806
159.1159	562.187
175.31784	200.98248
168.16254	212.89473
166.71388	203.90747
173.33727	208.38428
162.10187	213.19234
179.19106	191.56314
172.65593	218.11002
154.03226	199.37146
180.32385	208.67949
161.00931	220.20935
167.60423	196.09662
179.76463	216.79851
160.07822	204.67532
181.73537	197.98671
172.29208	224.61096
158.47366	194.33434
188.30293	207.01297
154.96413	218.38643
172.84932	192.05424
180.71855	223.7657
153.13919	206.55518
186.584	200.84944
165.90778	223.20894
164.49846	189.52402
185.15497	213.31206
153.39175	211.65
444.35367	355.80164
436.22403	382.89923
422.62384	365.92233
441.8181	370.9146
429.9957	379.00946
435.04208	365.7436
442.70166	381.16284
429.18564	369.73206
446.45892	365.25977
435.5131	375.29352
428.53018	358.6336
445.39252	375.45
419.74545	381.00955
440.42953	362.8791
446.36655	387.2879
418.02032	371.64398
453.18848	368.3845
431.02423	388.93842
431.8269	353.60886
451.6228	381.0871
424.5952	375.407
451.5651	359.94147
438.56143	388.87872
421.69565	359.8333
453.62875	374.27637
426.29208	385.14014
438.03842	356.6815
174.6915	419.59586
163.93248	411.62167
180.95766	408.85666
167.04074	417.92657
164.16563	401.42575
181.86734	417.38983
158.93657	421.82495
170.56085	398.18335
173.91095	427.75064
155.10295	409.2257
171.71458	412.1372
164.10397	426.98013
171.44354	405.16217
180.9641	423.51205
157.33296	416.02374
178.79497	401.8505
169.21886	422.92657
160.33588	405.92844
184.41841	412.5249
164.89201	44.82031
175.6813	37.26826
179.3862	52.11967
159.40894	40.425125
182.7719	36.754513
170.65573	47.64223
167.31369	38.51858
188.6319	50.496643
159.88254	49.999126
176.34235	29.95722
172.5881	56.83421
156.8688	34.13139
176.21747	44.26329
158.35162	59.30937
167.12769	30.849407
184.08827	55.97927
153.17526	44.525215
183.18478	30.512615
166.57536	63.595177
159.07956	28.686777
185.13048	43.76638
152.72661	51.858276
173.59225	24.35417
176.27373	62.260216
150.71608	36.605217
189.49164	38.52163
164.82648	55.637867
165.38496	23.990211
621.9557	376.25986
608.3799	373.8166
619.64026	361.92084
610.54944	386.95346
604.06396	360.13968
619.98553	371.00558
601.69916	380.75662
615.26514	367.1406
617.9855	380.51935
605.1279	368.8101
627.0772	361.94952
612.1349	378.18585
608.3337	355.24185
629.4027	375.31305
597.6226	376.22522
618.8236	355.63815
617.12177	386.82825
598.461	363.7088
626.8326	369.0561
605.2509	386.00137
611.1	363.3918
624.86676	383.68872
598.7552	370.92
176.14891	516.0553
167.89247	526.1721
160.6948	512.8257
175.25476	523.5709
160.1481	529.92883
169.28427	519.0011
177.80347	532.2451
159.63397	518.5097
182.18141	517.5484
165.40242	533.26025
167.09656	511.24496
181.9495	526.1433
158.89743	523.98584
174.13077	509.80875
171.93724	533.0681
161.4287	279.9861
177.33958	283.10516
164.18515	296.5833
172.38393	278.27277
178.2772	298.5055
169.39743	283.9497
181.29008	277.00235
167.18655	289.63153
164.02054	274.0833
178.94667	288.95355
159.57945	289.80966
174.74344	269.18338
173.12404	292.96173
154.23294	279.5591
185.74266	281.39612
161.33897	302.59763
168.3243	269.06
184.62796	295.44772
153.63011	285.61963
180.83829	271.2982
170.93237	302.55646
158.33151	270.8024
185.2688	288.26724
155.31485	294.7837
558.0207	365.52585
561.3245	378.63397
551.6712	368.75943
567.7414	366.13287
553.49774	387.64948
551.481	362.04425
573.4026	378.86792
541.6448	376.99615
562.97327	360.8573
554.27075	377.54663
544.3761	363.90533
563.0234	372.1427
549.0307	382.01376
554.4355	355.80933
570.0716	384.93442
547.9468	373.76645
570.5761	359.96686
558.61633	385.88068
545.59186	357.95053
571.8012	373.6901
543.4944	383.88333
561.1618	354.67596
564.28357	387.22736
541.3238	369.40793
573.91125	367.50772
