750.74426	370.45908
747.08167	375.83652
749.3401	363.92053
754.1345	378.4864
739.7329	372.85883
756.8004	368.82593
745.2715	383.6103
743.715	362.91827
760.5221	379.00674
740.4204	379.2518
755.443	361.72382
752.6783	384.49344
739.24304	367.17532
762.2455	370.66437
443.4981	74.12074
454.84146	69.68213
458.94696	91.56913
437.02768	71.20276
452.92715	61.54137
453.0163	85.22125
448.06036	67.30113
455.27032	75.98162
438.2902	81.787254
452.7701	53.172447
457.33624	95.36435
436.61093	63.233917
463.36035	64.42082
444.63794	82.7249
444.01074	62.925884
460.85367	78.415146
432.22763	76.68071
458.17487	58.815563
448.21478	93.88635
428.61273	62.304863
464.64484	72.044785
436.35654	92.0073
444.94238	56.86776
470.19147	80.4893
431.00302	70.18318
468.2713	59.73125
443.4992	92.545525
439.69962	52.404613
471.1524	73.642426
426.7831	83.68077
617.7734	369.13812
617.74207	375.58868
611.07245	367.1571
625.72314	371.25623
611.2097	378.02014
616.839	362.9138
622.2176	380.19397
607.2183	372.42487
625.50354	364.13824
614.578	385.1714
605.4463	361.60297
633.36005	374.79776
605.59534	381.6375
619.87195	357.6707
626.6413	385.91495
601.7407	368.36264
632.94507	367.53992
609.287	387.77066
611.5023	357.4389
629.88385	380.90625
602.0631	376.4936
626.77704	357.91046
619.94495	389.39572
722.9854	108.43501
732.5325	112.676575
725.0128	118.879395
729.6786	107.486145
737.6863	121.10836
720.4917	114.43024
738.1332	103.673096
730.6947	120.77195
718.8908	103.40576
740.43024	115.697586
716.28424	120.522255
732.4064	100.30996
733.2616	126.412186
714.63367	111.565186
741.2872	109.49638
723.6486	126.78224
725.8294	101.45448
179.03232	141.97897
164.95676	125.058044
172.38387	127.4406
166.92838	132.55246
163.71855	118.18956
179.05984	131.03287
159.56564	134.20688
173.55792	119.61485
171.71242	136.01926
156.79669	125.954346
180.40588	123.55601
164.91898	139.961
159.7741	113.74629
184.91238	132.87202
153.67863	136.92455
174.05042	111.830055
174.17288	146.46246
153.87457	119.57739
186.4239	124.473434
159.81032	143.90427
168.35144	111.49689
184.40689	138.09006
151.70657	129.14159
181.15556	116.74874
168.44463	144.65207
368.88214	371.97552
381.7082	372.3181
364.1709	379.11847
371.05676	360.5545
376.31448	376.45157
360.40155	372.23264
378.1247	366.9002
370.60373	380.06024
366.3449	365.7565
386.11493	378.33002
358.18326	382.524
377.56906	360.95276
378.66486	382.9354
358.45496	363.16495
387.65054	371.0728
362.96375	387.07635
368.79465	354.1917
384.27167	386.56995
386.38632	357.5987
386.35382	363.69223
372.40707	386.7907
362.0689	358.52597
391.86102	381.49258
354.74997	376.6753
378.11273	354.156
378.549	390.59457
355.1943	368.54962
393.19724	367.83887
367.63797	391.5229
712.04675	369.57416
716.0966	377.57208
706.0123	371.43292
718.7006	369.3756
709.3129	378.02997
703.4073	363.7072
722.38324	374.90378
704.0765	382.8167
715.1499	361.62524
718.06396	384.8347
700.07355	369.64178
725.8508	368.82965
710.9792	385.49127
708.90173	359.64612
725.1826	380.18253
700.6489	377.25177
721.542	362.12994
671.1757	386.22562
659.8802	367.15903
673.09033	368.718
662.5315	381.29526
667.00696	366.18948
675.8017	377.16644
664.1711	373.06567
677.6127	362.1158
668.8486	379.33014
658.932	360.50366
680.48694	371.85614
655.87756	381.63046
672.6093	358.72318
678.0193	384.5483
653.3697	369.68127
682.40784	366.0535
664.40857	387.7093
666.2542	358.9529
682.8917	378.04922
657.166	375.63812
174.43117	517.1456
171.26505	531.61505
158.59805	520.867
174.19804	525.6355
162.35652	536.7644
169.10396	521.58154
175.36041	538.027
161.35059	526.6174
180.46259	522.6724
168.75598	537.72687
165.20135	517.2343
179.71793	531.2855
160.23598	531.49976
502.29022	361.37198
505.23218	385.2067
491.33633	370.0909
498.19574	372.5224
494.61612	382.1542
497.78726	365.72733
510.57706	380.0026
488.99063	377.3679
508.5228	366.217
500.85162	378.6732
491.83527	361.66608
506.2729	373.82654
488.74188	384.94208
503.25787	355.58563
511.9283	386.17303
484.35263	369.36823
516.0779	365.161
494.48218	389.80646
495.59692	355.5066
516.797	376.86185
482.56036	377.55853
510.3255	359.2931
501.41537	389.13193
485.7005	362.83893
514.2652	371.76935
168.39923	53.10974
169.01425	43.650707
178.97519	54.028267
163.32388	46.608883
175.19272	36.35641
175.449	50.073418
163.23862	38.308746
179.94846	45.48687
156.09537	50.488327
168.90192	34.963615
175.46075	63.046387
154.54973	37.07055
181.36691	39.668083
161.76254	55.543846
167.6132	27.106098
188.05037	51.65276
148.30486	45.248623
179.32797	31.021877
168.89995	61.001423
156.93642	30.97639
187.63281	43.923985
154.82654	58.4599
173.23247	26.013367
182.44522	58.120564
154.20856	44.08979
186.05928	33.363728
163.35042	61.521454
161.59851	27.487774
169.46065	208.39722
158.729	215.36862
173.00365	196.879
171.8202	219.37952
157.04355	201.7327
177.34602	206.9272
162.75853	219.47958
167.19029	200.49231
176.3072	213.60986
162.9692	207.33138
178.91666	200.47696
167.2036	215.49849
158.13614	194.94742
186.22426	210.26505
154.11047	219.90019
172.0576	190.55151
179.64668	221.23398
152.40897	204.63312
186.91272	204.62277
164.13806	226.75998
163.83543	192.63086
184.89603	216.07022
152.91623	211.34256
180.92862	194.74007
172.18066	225.85555
158.7499	281.54672
174.51074	284.67133
164.52954	292.2388
173.41632	275.23074
175.01265	297.33255
165.83012	284.47394
180.88435	281.157
172.59698	291.25586
163.87572	270.52267
179.5183	291.9462
156.76315	292.36746
171.48618	269.3749
174.39548	304.33417
152.71707	282.64435
186.3311	281.99432
162.84274	300.92572
165.5812	277.8004
182.03145	297.94525
152.76297	288.33704
180.79343	274.0727
168.75156	300.7855
157.197	274.92975
185.98436	290.83218
156.73846	299.25595
168.1787	354.25443
176.2737	371.6104
167.86981	361.63605
183.88235	355.66318
165.30289	366.90433
162.50725	350.82413
175.33041	363.91925
154.46846	362.88104
175.19191	351.7237
172.79349	376.70343
153.95047	355.7636
177.4789	358.31064
161.16275	375.31033
167.11935	345.20468
183.33112	369.2006
160.76859	358.83176
181.83904	349.54742
167.06627	372.96478
156.3592	348.26407
184.73253	362.17535
156.54102	369.2149
173.38963	344.27203
172.32278	431.44806
162.23482	421.57037
183.94846	422.73862
164.96101	431.13223
167.68712	421.90887
178.3672	432.60977
157.87277	428.4604
174.15184	411.33136
168.61086	437.0687
159.08987	414.1955
175.70067	424.7356
156.38138	434.33966
171.5955	416.36368
177.02095	438.72217
155.19756	421.868
180.39273	416.52255
163.78232	440.63324
165.69875	411.56577
183.27911	428.77652
166.45595	567.28894
172.53464	558.57825
172.85103	571.7867
161.80121	558.9541
176.0672	565.481
161.30734	573.3172
167.34758	556.7163
179.20627	571.2799
159.4224	565.341
178.73888	559.48914
168.55109	575.7094
771.28094	366.10938
785.8904	374.55316
773.1117	381.76767
782.69305	367.75256
783.8395	382.45526
775.8101	370.61594
791.14355	370.2479
778.7549	379.24054
778.6015	362.4483
790.7958	379.3247
771.70105	375.10178
787.63654	363.0227
731.08075	50.507652
723.8917	36.734238
729.194	42.24666
722.6195	48.96705
734.71967	33.896225
738.57104	52.76369
721.16003	41.331505
740.73004	37.338963
726.4796	53.937813
719.84106	27.401882
735.3626	42.653545
711.4832	48.310825
735.9608	26.496176
730.5881	58.550518
711.62836	37.420326
747.1483	37.9384
718.87683	56.247246
725.86285	29.366428
746.4245	50.567154
713.2756	43.047832
742.85925	29.279367
722.2298	61.858192
714.1727	31.067007
742.3409	45.286793
712.69885	53.513775
728.65314	24.225992
739.90906	59.595055
553.4949	371.36105
569.4894	366.71356
558.636	378.2829
555.7203	362.62274
576.7218	377.1994
545.0897	381.47668
566.9708	357.2459
563.7051	381.42523
548.82837	367.67075
563.62976	373.3031
552.3025	378.93765
562.51746	367.4279
573.13824	383.87268
544.64746	375.61
573.31866	361.56464
560.52264	388.32227
548.0925	360.39716
570.641	374.1465
549.7254	386.06012
561.5651	358.69238
566.3925	387.8387
542.84436	367.41443
577.1039	368.98465
555.5018	388.48456
555.69336	355.27194
450.5869	376.9467
433.188	377.11752
444.55646	362.3167
441.4684	377.57635
429.79395	364.62323
445.04962	370.95923
428.2221	382.647
438.58472	366.76526
446.73453	382.47943
433.92392	370.75726
450.47134	366.90833
436.98383	383.2493
431.92377	356.21936
456.75253	376.24115
422.91376	379.93726
443.76196	355.06186
444.24838	389.66043
422.89655	368.28754
456.21646	368.5213
429.81314	389.3052
437.79483	358.83768
453.4477	384.80228
423.48895	373.6375
451.7834	359.7208
437.72348	389.6281
424.99896	359.81
174.91336	482.95718
160.23647	488.76263
170.85294	477.53043
176.44165	491.3165
162.17905	480.5187
179.94946	472.96494
168.3215	485.88745
165.23062	474.27924
181.31055	486.489
156.38522	483.12177
174.11594	470.11343
170.65634	493.12997
157.45287	474.0953
180.95667	479.32904
163.97047	493.20807
167.11258	467.89447
