446.2309	72.691444
448.61874	82.18568
451.2674	65.2417
453.91022	87.68864
434.06866	76.87377
457.33026	70.337814
440.19287	87.00319
445.28534	62.18047
453.9944	78.710495
437.33893	82.61998
460.16876	53.888653
461.29926	86.53938
441.01807	70.28183
465.36832	71.93657
434.43817	90.62844
445.06195	55.2698
462.8537	92.55334
432.4903	68.06514
468.0822	64.4717
447.52515	95.376915
433.87225	63.517365
463.27197	78.67153
427.61676	85.645966
453.6852	59.66106
453.852	96.70489
426.5952	75.3088
472.6242	75.932236
442.37265	96.982765
437.41904	56.033386
470.84644	88.112366
164.81985	374.31195
169.93619	369.91928
169.69788	378.6382
158.75894	368.0474
176.81729	370.59924
157.52802	383.0445
165.94168	364.95792
176.21762	379.99387
153.16959	370.8217
176.8068	364.01056
164.1164	384.05646
160.81224	360.85776
180.5816	375.40463
156.60269	376.7539
170.94832	359.8596
172.43529	385.44778
622.1344	372.42294
629.94714	374.66068
622.3588	379.94537
627.00995	367.76263
631.86066	380.89844
615.4093	378.76154
636.2915	366.43222
626.5863	386.08197
615.8123	366.77313
639.02637	379.85077
615.2905	384.63373
629.1449	362.42062
634.016	387.40994
613.08325	373.4533
638.1566	372.7964
621.64813	388.65643
621.01605	362.73013
740.5563	124.69606
726.98694	123.28268
731.4908	117.37874
732.7629	127.96549
723.4383	114.91992
737.5494	119.46893
720.7625	128.00748
729.49036	110.99547
737.8942	130.82674
719.9715	120.50484
739.5523	113.69237
728.38367	132.45024
163.9992	422.14438
170.44756	427.479
163.77548	430.71857
170.47198	417.9825
171.56732	437.89313
157.78906	424.95206
177.01411	423.4489
158.82059	436.76685
164.21765	414.58487
176.75754	435.33765
154.9908	430.5778
176.11241	416.34473
165.62405	437.44125
156.6782	418.30347
179.50928	429.10336
162.20042	480.81754
167.11703	473.42523
177.92429	485.12558
157.68353	474.87695
177.81552	470.7794
167.25166	483.3177
164.61269	464.90884
171.45305	477.92896
155.54886	480.77094
171.57779	467.91333
169.97536	489.06097
159.23996	469.4987
178.49174	477.50214
161.10144	487.7705
514.0647	374.0188
519.6498	381.1728
508.36688	377.2608
520.7692	371.20465
512.14667	384.05685
509.16318	364.88638
526.0678	379.8111
505.02582	382.97614
520.6043	365.93448
521.4276	388.37274
505.99298	370.38144
527.3313	372.5031
512.04565	391.82883
511.05624	358.18195
532.4205	381.34915
498.54608	379.77612
523.59064	359.60016
518.3318	392.9152
501.3536	365.0594
533.0905	374.47418
504.695	389.3096
517.109	359.2309
527.39874	388.26874
500.61856	374.19724
530.2069	364.33215
575.0205	380.80865
569.88464	364.9986
583.578	380.05524
561.7682	380.5018
575.9357	371.85004
579.15283	384.98633
568.171	372.36652
581.94824	371.53387
571.1136	389.7705
574.1376	358.96033
590.9448	381.06882
569.468	379.58524
585.45044	362.09393
577.75653	390.56796
563.4576	365.81357
591.5185	374.17792
566.2953	386.15338
578.86633	363.7018
586.0396	387.15903
560.84656	373.4894
588.4608	369.19687
372.18723	378.10806
373.05127	368.7516
383.7215	377.948
361.88593	377.76108
376.49902	363.04718
379.04333	384.41745
358.5293	367.42044
376.85037	374.07043
367.05173	384.87177
369.79474	361.27094
386.202	389.26718
366.18732	374.74188
383.37115	368.27618
373.34183	386.5069
364.48187	364.6044
390.4053	377.6775
357.17142	385.9426
381.41748	357.59335
380.76434	391.1302
354.76773	372.53775
388.41193	369.51474
369.37756	393.64157
372.07907	354.69403
390.58347	384.54156
355.6601	380.13605
387.16803	361.17966
375.25174	395.33405
360.02274	359.084
394.51263	371.3968
362.5265	390.52402
167.26549	235.15652
170.56168	241.20798
159.82831	236.19736
180.34328	226.6988
163.50034	249.36243
161.90108	226.08626
177.75995	240.4764
163.62888	241.97786
172.09041	230.37003
169.81285	248.91507
154.32898	229.21211
185.75543	235.6816
156.84286	251.46284
164.65662	219.47343
182.90927	245.18015
149.8995	242.08891
175.64713	220.86382
168.22577	255.69604
154.9296	223.11203
177.33147	234.46606
155.39867	244.46432
168.9429	224.75388
178.11461	249.76273
152.32135	234.99368
452.53302	371.55322
447.14948	380.32312
444.1609	370.16702
455.21567	380.0989
442.55478	377.34866
452.91397	365.1485
450.87518	385.76913
437.57925	366.72662
459.01904	375.2448
440.50992	385.82632
445.4396	364.05145
457.9139	387.67944
435.19647	377.02435
461.86996	366.4881
446.95087	391.758
435.90372	361.55338
466.36743	379.13153
431.64063	385.85
452.6316	356.79776
453.53745	393.56497
429.9108	370.0329
464.74374	372.02484
439.74506	392.57443
444.07706	358.09787
464.0891	385.87955
429.777	378.29755
457.6491	362.33917
170.75958	158.1512
153.7667	139.03484
170.56824	145.0647
165.23982	150.6802
161.90945	144.12692
178.21481	155.89407
155.56876	145.23782
177.17981	142.27646
161.6333	156.76187
160.7504	137.38719
178.5878	148.64941
155.36438	153.11868
178.08304	130.61856
170.23206	165.45633
148.68993	139.27242
185.43239	141.52138
157.8936	162.43674
169.08554	127.9494
183.88478	158.9968
147.9036	149.76126
175.5729	136.94324
162.6658	166.23665
160.20119	131.05186
185.1912	150.74864
151.5563	158.87035
168.90202	135.19783
177.10194	163.7604
160.22214	49.21612
182.97322	41.508858
162.93582	61.14084
166.13321	41.406914
177.57376	55.084858
159.33139	53.677357
168.12662	48.94211
167.39627	56.398155
155.97371	41.737766
183.07277	52.1513
155.65935	63.23475
169.04189	34.09063
172.44275	59.707146
152.96585	46.232098
173.28027	42.10308
162.79182	68.930504
159.17906	35.69423
183.999	58.683113
150.14365	58.263145
175.29208	29.819864
174.67279	65.74599
148.86282	38.76964
186.82211	46.724255
155.8771	68.63071
163.12668	30.223001
183.23178	64.922226
147.44751	50.586025
180.13454	36.898796
169.99774	69.49272
739.22577	367.49408
754.3935	374.225
739.6686	386.171
747.8916	371.03592
755.48157	385.1097
744.5795	376.1669
758.3872	370.1168
744.9518	383.40405
745.31396	364.42914
757.29443	379.33182
736.9012	379.1929
752.78094	363.9508
749.6195	385.64655
736.9226	373.06384
173.3923	310.4149
162.04048	317.44672
167.70103	306.62604
174.66956	325.10635
155.01302	310.14627
175.63333	304.16995
167.97478	314.4284
155.1871	302.2669
175.0657	318.20767
156.95224	320.9731
167.70413	299.07745
168.06961	323.35406
161.54329	307.89474
182.49591	307.60938
162.85722	326.7783
161.58122	300.0545
181.60332	316.8482
152.02618	315.1279
175.3436	297.72345
169.3068	576.65857
158.11311	562.4744
172.62845	568.74945
158.11354	572.73224
170.55756	560.48785
175.83499	574.02747
162.21072	567.3396
176.24503	563.3424
163.7446	575.6461
164.77391	559.25134
719.37463	379.28717
699.28064	378.76657
712.40173	368.05746
712.128	387.4033
705.7618	371.41595
714.0308	374.0495
706.0348	385.25922
707.5384	363.17767
717.9691	384.85175
699.03796	373.42432
717.66473	364.09534
709.56555	379.4121
699.7651	366.78824
721.64417	372.91754
699.43176	384.24374
781.64215	368.04297
787.6301	384.42804
771.4087	374.75995
789.70667	373.70053
775.8533	385.38004
777.0257	370.44952
785.8441	377.95337
772.4864	380.2945
787.1519	367.00177
780.8135	383.153
771.7582	368.0041
675.72473	374.32016
662.2816	384.22577
668.7653	373.492
677.9149	383.3936
663.18945	376.6516
672.527	367.26666
670.00665	380.2306
661.42847	368.2978
681.8673	378.8711
656.84875	379.93176
671.5838	362.0379
672.8251	386.78357
656.1759	372.34528
680.4786	369.42313
666.5028	388.7291
664.3668	363.242
175.94632	534.76404
161.33972	526.11743
171.78995	515.7842
163.22353	537.78455
158.88226	518.14636
174.1077	524.34863
156.62209	532.2648
167.67767	522.65344
170.02895	537.05804
155.44156	524.2856
179.18622	520.01495
165.05518	530.7515
164.98257	514.6462
177.45023	528.8666
732.3997	51.116173
736.23315	30.468678
731.4382	58.86743
723.0289	49.301125
738.42944	46.46529
723.5704	61.161934
724.1235	43.65327
746.808	61.427803
721.5362	56.34272
742.7311	43.13755
727.76874	65.37498
718.78613	39.75837
743.4293	52.047913
714.55774	57.668816
731.1765	39.238914
738.17126	60.370537
713.23315	44.94929
748.6115	37.49654
723.7505	70.440506
723.4557	33.555878
748.42737	55.10924
712.90125	51.03898
739.5244	37.080044
733.06415	69.27754
713.18176	39.605904
749.38226	46.835426
717.49634	66.49957
729.38385	31.146662
740.1898	68.74511
