717.1519	376.93112
710.1846	379.24048
713.33453	370.6491
717.3707	384.3979
704.8534	376.32623
723.004	373.36786
707.1249	387.71442
708.10626	366.79834
723.0311	382.03802
702.31177	382.75757
717.7259	366.049
714.055	388.7554
701.52405	371.94513
527.8896	373.35907
511.25278	383.2702
518.6496	374.4322
522.56165	382.95706
511.11945	377.22696
523.14575	369.48358
517.5531	387.14056
513.43945	370.98273
529.5659	380.04733
505.61484	386.84198
520.71173	363.98395
526.0762	389.33633
503.63574	371.56686
534.37354	373.32217
512.8075	392.2276
514.55164	362.51828
532.23737	385.70523
503.00577	379.6457
528.79834	364.81415
520.6244	393.7879
508.14908	366.1469
748.3116	376.61874
742.5781	382.26453
743.4203	371.26407
751.5926	385.31708
737.5431	376.5552
755.2108	372.71188
745.48395	387.41232
737.61536	369.68118
754.75916	379.73532
735.70276	382.67078
748.81604	367.7303
375.65155	389.3325
360.52798	375.73837
376.05173	374.59146
368.41937	385.75824
370.44574	372.7193
375.84033	381.84845
366.3187	378.87985
382.31012	368.3631
363.2485	389.87122
363.86877	366.2493
383.02216	380.29584
359.53192	381.13043
374.83545	366.6116
381.32166	392.78586
356.34445	370.0086
386.97577	372.55652
368.5584	396.70978
364.4909	359.50476
390.2473	384.08713
354.64755	385.2156
377.96622	357.8924
375.28925	396.48486
357.26044	365.13324
392.2933	374.58203
358.89545	393.43365
371.09048	359.1797
386.3426	389.55664
351.72766	376.7128
383.36682	363.06686
726.52405	63.036797
730.495	49.60589
738.2085	47.394047
732.7066	56.051342
733.2368	42.52322
741.89685	58.67873
719.9669	47.019493
744.0102	52.31072
722.8031	70.38659
724.9828	42.106365
750.4884	60.737694
722.1593	53.903423
743.8174	42.542686
735.28467	62.82595
718.5808	36.986965
749.4701	45.289486
719.4329	62.517048
733.15	30.826117
743.60486	68.69763
713.1061	51.689026
745.7703	37.248875
729.8239	69.12265
727.8846	33.84371
750.8158	54.381615
712.04236	57.698242
737.4538	36.177513
735.9247	70.043274
714.2114	41.82076
172.35646	235.72041
161.53008	244.54228
164.98634	225.8104
173.67377	243.7968
158.51471	239.25427
176.76143	226.56157
167.41357	241.21594
158.3197	232.95859
180.983	240.02043
153.11098	249.44832
165.47603	232.35954
174.10846	251.86496
150.0597	236.56375
179.53922	233.22684
161.09712	252.21196
160.05077	222.56938
179.988	246.71317
151.82741	243.95801
171.41223	223.49655
166.8121	253.32187
153.28265	226.98477
459.86377	73.31338
445.6482	82.86656
440.42285	72.08974
468.19086	91.298096
440.2561	78.91262
452.2372	74.961494
444.38446	88.32371
437.5206	62.10557
462.0485	82.19539
432.4073	84.250046
457.0053	53.865948
454.64166	82.4594
432.52914	68.9819
471.7181	68.55287
438.16373	96.73362
447.47467	68.7827
458.56308	96.75136
425.17203	87.63311
457.53125	64.88477
452.07642	100.01822
430.59442	64.74993
468.2648	76.79421
436.3085	89.89859
449.5975	62.518353
450.43198	92.450386
429.48285	75.1444
462.12402	66.39334
444.72943	95.5527
443.40094	59.60924
470.73224	83.86538
154.23212	314.88385
171.05309	298.6847
168.23741	326.134
152.39003	301.68472
170.87863	309.88654
156.799	326.3512
163.52405	306.0748
173.95796	318.47708
160.85046	311.7458
177.04419	301.53
167.84525	317.46317
160.3788	300.1111
180.7403	314.39874
155.167	319.52472
166.00554	298.22162
175.42987	325.0561
152.18362	309.43405
179.15338	307.565
162.90726	322.266
161.45035	434.59943
176.67181	444.19196
154.29735	442.68457
170.53912	431.6767
168.37244	445.21405
154.94308	436.1124
172.74419	438.62604
158.10367	448.86514
167.18817	427.22235
172.77266	450.0511
162.78214	440.99048
176.92813	434.09586
164.2776	450.91147
159.22855	427.87988
583.6776	381.34467
560.9781	381.14575
579.0055	371.0336
576.61456	391.8677
569.1527	370.76343
578.945	376.87534
569.7479	384.48642
573.93024	365.22858
587.3274	386.9064
566.4991	376.92377
585.58484	366.2284
573.7554	379.86948
566.4006	364.07037
589.8488	379.49
563.7301	387.02393
578.8706	362.31747
580.5123	388.0161
561.074	371.99796
589.37354	372.71283
570.5989	392.0222
162.35391	478.8108
169.941	492.18457
157.88907	492.0834
169.97398	478.3912
167.4207	499.85114
154.8316	482.96698
176.56969	489.66202
155.71742	497.2482
167.03731	485.84244
174.47917	498.1833
159.8256	486.38275
175.66896	483.2928
162.29787	497.62265
722.9078	118.25285
742.431	128.45358
723.67834	133.13107
734.59924	117.84938
733.92664	129.77734
726.87537	123.709885
739.2772	123.402664
730.40356	136.01157
729.06116	116.13103
738.9368	135.10898
722.246	127.10188
740.7788	116.88454
627.95966	382.00323
620.13513	370.84387
632.6398	376.39108
618.69684	384.55008
630.0487	370.36633
638.01355	387.38757
624.0528	375.78058
639.1614	370.77032
626.40247	389.4051
620.0128	365.05804
637.815	381.87375
615.8186	380.1175
635.2894	365.27573
632.7316	390.30252
614.89655	374.00043
641.96106	377.00348
620.5216	390.10303
627.11475	364.33862
783.98975	381.95596
769.5411	378.8035
782.2416	369.62265
772.90155	385.74768
770.6788	368.3118
781.8987	376.38483
766.2073	383.99503
775.8183	371.1168
778.43054	384.36972
766.598	373.75305
181.00607	374.9433
163.87714	384.6418
162.72818	370.5271
170.56427	383.93365
150.51685	381.0284
169.64493	366.1812
168.15587	390.74347
153.16565	374.09494
175.85133	378.32977
156.58945	390.52606
166.93567	376.133
174.17886	393.37372
160.10715	377.67706
173.47447	372.26605
162.72464	394.9492
158.67252	366.61057
178.13246	385.85724
156.93881	384.32077
168.11836	524.5276
169.4795	539.7859
157.24933	530.64343
172.70224	532.4728
159.7492	541.8252
164.66524	530.6487
175.73727	538.4009
157.13931	536.3519
174.8214	526.9222
165.61708	544.0989
159.95981	524.08875
684.26416	380.1776
664.2511	382.7315
673.14685	371.39407
682.7145	386.8857
667.8051	374.97092
683.1317	368.2613
671.955	382.67328
669.492	365.78418
677.659	380.9793
660.8839	377.51538
677.8057	369.11584
675.42224	389.7763
663.6594	369.55893
684.4027	374.42862
666.71204	388.82422
168.49881	47.94279
168.4554	59.029236
158.116	50.24452
174.58629	51.902172
163.36003	60.31547
162.8824	43.330147
178.18332	56.712444
152.42697	65.96474
170.77025	39.176476
173.76346	69.40593
151.37909	50.093895
175.19186	43.650604
162.58379	68.88826
160.3746	32.91978
172.82098	63.181038
155.06128	55.824543
178.29333	38.167324
167.5152	73.21588
152.98119	43.653015
183.59732	52.76956
154.79228	72.47098
166.59348	34.688683
180.88493	69.253525
145.3682	47.737854
185.03403	45.432816
159.19516	61.98114
154.46541	37.24628
185.07973	59.306286
147.0345	57.741924
167.08037	565.06177
169.39963	578.9566
159.02979	568.68317
172.57288	571.26495
158.73225	580.0483
161.64001	563.22375
175.01126	577.5851
157.70964	573.85455
173.84093	564.602
164.23367	579.7323
447.62653	369.30795
453.79193	379.0887
441.28668	384.4874
455.08698	372.23547
455.22125	385.22647
447.91656	377.40723
462.93002	373.89188
445.67227	389.70074
442.68927	361.62668
467.29633	386.1659
441.34732	377.14822
456.33746	365.61264
451.55826	389.06403
438.24374	368.88235
470.33612	376.66058
438.9948	393.2077
450.18085	363.2857
463.4367	392.95975
433.7731	379.72958
462.21167	363.17917
448.33194	397.07336
436.15073	362.85236
462.97675	380.68405
434.19174	385.75787
452.31256	357.86414
456.58026	394.6281
433.5561	373.72076
467.65005	369.41965
160.84828	159.55753
164.25082	141.82658
171.08397	157.94409
161.37672	153.26819
176.88783	143.77502
167.62961	164.50984
158.22415	143.69537
167.40608	151.86316
152.41188	158.24709
170.49278	145.8447
177.5752	167.18404
146.66861	149.09172
183.41249	147.93983
161.96216	167.15012
158.86902	137.10204
183.74863	155.82883
147.45654	162.55777
176.1625	138.1276
170.53244	172.23477
150.89888	143.25351
176.57065	152.73387
155.62949	167.95795
168.84898	136.73659
179.13629	160.35492
155.74802	150.76712
