731.6987	121.20624
724.834	123.04198
732.36865	115.443665
735.849	125.6194
722.70135	117.82274
739.61884	114.2924
728.5776	131.61314
726.429	111.51793
742.16504	125.915634
717.8078	123.731384
736.77875	107.91925
735.52997	132.18867
718.8858	113.255295
743.5995	119.3184
721.6296	129.63986
728.14197	105.6898
172.1813	47.70602
155.7714	49.694206
168.00194	41.88409
168.65155	54.640026
161.39217	45.059723
180.37578	46.186962
162.98087	53.345287
171.67032	35.154427
174.67795	57.106575
157.61514	38.402473
177.23463	39.67459
159.71495	60.619648
163.23	35.231255
181.18997	53.160717
149.24649	51.45714
172.53494	28.439398
171.96056	64.90288
149.9454	37.0616
185.95157	40.23451
152.97543	58.21644
165.74382	28.990427
179.0328	62.421783
150.86438	44.177013
181.06691	32.378117
165.02623	63.772564
157.3035	30.336325
187.38922	50.571064
160.74826	224.23283
170.60089	215.35637
169.36792	222.53157
157.8185	213.27022
178.22733	217.32132
164.31268	230.46585
163.32864	215.82309
176.82043	223.99695
154.07797	218.88345
174.7786	209.6929
170.76923	231.56233
156.72952	206.47415
184.14333	217.62698
155.58353	231.16971
167.94096	205.12708
179.15414	231.18384
150.24388	213.35352
182.85104	209.06609
160.90714	236.4742
162.94708	202.92615
183.78322	225.80307
150.91591	224.22757
174.86496	202.92743
173.93872	235.40909
622.1435	367.55768
635.7979	375.73972
621.978	377.03073
626.38306	371.2215
629.1866	384.35312
617.527	372.3465
631.9103	372.1424
622.8164	383.34714
615.6145	363.93845
634.8419	382.1624
614.6554	384.1678
629.90466	361.56915
630.0678	389.921
611.4654	371.24994
640.2526	369.5483
620.18567	389.47803
623.4542	360.18338
640.23755	382.92307
611.07983	378.56302
635.7135	364.0782
442.79077	380.12067
435.3334	371.67258
446.66968	372.39896
436.93832	379.15637
441.1067	368.2901
445.97852	385.79886
427.5608	372.28357
454.21576	367.1031
436.02588	385.55865
436.3941	364.5048
450.25702	379.84225
428.9647	380.3276
447.23785	361.97992
450.64093	391.42365
422.45596	368.83978
455.8355	372.3139
433.25928	391.78864
435.65536	357.60397
455.06183	384.8156
422.3266	377.6226
453.95303	361.70828
441.3789	392.2987
428.9349	362.88974
457.38437	378.31973
427.08463	386.34723
443.3037	357.06305
173.72598	567.156
161.56888	557.64905
174.78851	554.81006
163.54922	566.74054
166.21603	551.76825
176.08418	560.4886
158.6027	562.5491
171.67819	549.15076
168.75427	563.6404
159.71451	551.14075
175.66147	134.00844
161.8907	137.94717
165.17024	131.57498
169.75945	137.01208
155.60497	133.72202
179.33395	126.0163
163.15207	147.27763
163.05437	123.43938
180.20012	139.7717
157.38622	140.8408
170.30255	125.11344
170.85202	144.57626
152.25151	129.01599
182.42963	131.33656
159.518	151.7796
163.87827	117.09811
182.8759	145.81697
149.15546	137.43446
177.6171	120.7308
168.92667	152.16167
154.76686	122.57301
185.90894	136.1273
153.4403	146.21803
171.21596	118.94606
175.7487	150.67508
158.50964	292.25415
181.80617	290.25778
167.60345	299.96796
163.88982	284.0738
174.35062	298.83975
160.68274	299.66864
167.3013	293.5041
171.93094	306.17682
152.8601	290.34616
177.04295	294.9144
158.61725	309.7559
170.4608	287.0779
180.66257	305.16388
152.91881	298.94675
177.35417	285.3105
165.06296	309.07358
157.10239	283.35477
182.8925	299.00174
154.52336	304.536
170.77902	279.48343
173.47513	312.10437
160.08786	477.4186
173.33124	477.97632
164.92357	487.2535
164.72946	472.02496
175.49588	487.9953
159.89615	482.5753
177.00377	472.4048
169.89873	487.9698
158.30948	471.71298
177.93129	481.75595
159.17801	488.6049
170.14822	469.6976
763.44934	382.31964
747.3076	373.20914
762.11096	366.0629
752.51575	378.8504
751.5309	365.9178
760.2622	377.4698
743.8246	378.10327
756.55457	368.23615
756.30676	385.3278
745.00226	367.43634
763.10645	372.31583
748.14526	385.15692
673.2025	371.1724
683.48584	381.6359
668.024	374.61203
680.3096	369.04727
672.5164	381.13202
664.2118	365.76993
679.0718	376.7857
664.8429	383.18768
676.21277	362.61136
682.30554	386.88416
661.0908	371.48904
688.151	370.3351
668.7587	388.46454
669.70856	362.03656
687.48145	377.24045
661.884	378.04703
683.2665	363.29202
675.83575	387.56427
159.7767	358.79465
171.75198	364.9237
162.18672	372.8983
165.70305	360.49835
177.50696	379.28217
162.6637	366.3062
176.43301	359.24707
169.17357	374.1258
155.15894	354.84662
175.67184	370.41827
154.65984	377.26788
170.71985	355.89987
170.18767	381.21243
153.50485	364.75034
180.92233	364.22018
163.64218	380.7908
165.36452	352.14752
182.31052	371.03314
156.0928	371.58438
177.74457	353.0943
169.2778	435.02237
158.76515	418.8492
173.3272	429.91315
160.54605	435.0851
165.97604	424.08685
178.20625	439.38663
162.96304	428.64297
177.19772	419.6259
165.43661	440.40546
166.49008	417.15714
180.02303	432.92764
154.55653	432.47427
171.40567	420.84155
171.7092	442.6115
154.20555	424.8103
180.55069	426.43344
158.72517	442.33807
717.4005	368.3327
725.259	378.74908
713.78845	377.40546
726.50586	366.11957
719.3897	381.19104
709.72705	369.14075
720.8586	373.10846
710.6548	384.4875
720.6028	362.29324
724.67523	386.7904
705.63916	372.7776
730.73724	371.01944
716.9006	387.6053
711.9147	363.19427
730.9862	378.53534
705.54553	379.79538
456.3117	71.14249
447.0533	85.192856
439.00162	62.03866
447.2849	68.800995
441.81186	83.41741
445.22632	61.29785
458.54126	87.086006
450.215	76.301605
468.61676	68.46416
442.0357	97.846504
445.07733	52.90737
465.07193	88.088776
426.5188	82.82485
456.96747	55.00457
450.01807	90.02463
431.12897	67.718636
464.10944	75.39332
436.0598	87.2734
438.75204	72.23915
473.09073	79.73724
435.16138	80.33211
461.7884	60.760815
450.47574	95.71651
431.51343	62.832306
458.9436	78.88831
432.96722	92.21155
451.71005	62.35392
459.60922	94.26521
427.26886	74.1351
470.15094	62.434486
503.25586	380.87518
501.5246	367.2652
516.65564	378.0463
496.37555	376.6939
514.1264	364.01666
510.1293	378.39917
495.23422	367.00693
512.17737	371.15256
497.0495	385.46005
507.5686	364.5263
514.45074	386.4164
503.84857	373.27118
519.54846	365.8374
505.87662	386.27216
496.4205	360.93945
522.665	378.33148
490.69693	384.53357
511.35074	358.35382
510.60883	391.54166
489.85913	370.40628
521.3454	371.59818
500.93857	392.02225
503.1562	357.7175
520.11755	385.4142
489.11044	377.66388
574.5695	364.487
569.3202	381.886
562.84436	367.87714
575.8041	379.89597
561.3546	380.25922
572.33044	372.66095
579.8836	388.7372
566.0521	373.3148
578.90094	370.1002
564.3555	386.60583
560.53406	359.9339
582.3861	377.93817
552.8169	380.492
573.13446	358.18405
573.0933	388.46408
553.9904	370.5432
585.4339	372.0053
557.8291	387.41882
567.0942	360.5473
584.73096	383.6906
557.2711	375.21405
583.15045	364.49316
568.32916	393.2438
555.1326	364.57526
789.3136	375.72052
775.53503	382.70218
783.42175	369.5428
786.87427	383.97238
775.39575	370.7747
793.277	371.3271
781.56055	382.00162
779.0025	364.90344
793.13416	380.89084
775.9826	376.22006
788.52496	365.8474
376.32147	381.73157
365.8635	366.52808
380.77072	369.25885
364.39764	381.9455
371.6539	373.46613
380.85733	385.99353
364.17996	373.52316
386.9992	364.97357
368.08563	390.46902
363.17023	359.37628
378.9958	375.33292
358.72385	378.76633
373.65375	364.03708
374.7529	392.7447
356.80722	368.69797
388.2624	370.8653
362.54587	393.06033
368.68842	357.42255
389.05646	382.09332
352.1347	379.66187
381.0699	359.65875
371.07184	385.15778
357.46002	362.4101
386.4713	376.6298
358.66916	386.23468
375.18155	356.81726
383.82245	390.79407
353.00525	372.6656
175.51468	511.37476
165.01178	529.7355
158.92542	513.1056
174.09467	523.34155
161.53116	523.5908
169.87338	516.2552
170.20224	528.6038
158.52573	518.98737
177.93387	518.79016
158.7677	528.8245
165.57468	510.44247
176.4006	529.49664
715.9267	43.96926
738.71265	40.532516
728.7302	55.534687
719.9448	29.067677
738.08527	46.136536
723.6156	53.955444
731.95544	40.50834
733.9203	65.97987
722.38574	38.49483
748.80035	41.997128
721.22595	62.975983
728.5556	35.43689
740.83936	50.55837
725.1895	48.07333
736.8003	34.227943
734.9432	55.957832
713.457	36.086887
746.96875	47.76916
717.4657	56.802773
735.5155	27.74284
741.1422	59.137154
710.81305	43.755165
743.9501	35.834454
728.6476	62.483685
727.60254	28.07879
748.3941	55.034595
712.82635	52.29475
