170.3074	134.52695
163.66902	136.67862
170.18509	125.35603
176.70633	139.91318
162.48672	129.86935
178.24345	128.06044
163.84833	142.86354
165.22137	122.59338
181.74954	136.89728
154.26057	136.60857
175.38759	120.9448
170.65848	144.13834
155.07076	125.461105
186.39235	129.89383
159.10548	148.49727
164.77908	116.36568
181.68112	146.13373
152.26567	131.1091
183.16208	121.87919
166.79808	150.54012
157.98569	120.53496
186.9898	137.3475
154.24867	142.00249
174.9042	114.84741
175.45975	150.19656
165.29817	559.27844
171.67262	557.17596
166.23357	567.64386
166.16678	550.6174
177.5611	563.996
160.00772	563.80756
173.3318	550.1357
171.99425	566.1886
160.5086	554.6248
178.65915	556.8053
159.98186	54.65926
172.83852	37.42852
175.38281	50.14493
164.98607	43.668236
177.11018	44.97684
166.48409	51.578533
160.55832	34.40267
181.96152	49.401966
158.6633	48.8084
175.93637	30.40649
172.5018	56.157562
154.55249	42.005325
180.72017	38.62917
159.09496	63.91108
167.2211	34.02282
181.04062	59.665974
150.02907	50.51786
182.57648	31.776749
168.89188	64.636665
154.15335	34.450645
188.19315	50.001804
153.86275	57.829792
170.93982	26.067913
176.03932	64.89708
149.43864	43.86194
186.85602	40.042984
164.71835	60.60921
163.24112	26.548508
187.8339	56.523247
165.0491	212.09317
174.58475	207.5762
168.20905	217.56047
165.3457	204.83049
174.05072	214.60233
158.13232	217.07767
170.28207	201.89215
175.5504	221.32559
159.71341	206.7074
179.69829	204.93904
162.83331	220.85713
157.41716	199.99174
183.94339	213.72922
156.18665	224.64206
172.83896	195.0325
180.0017	226.44995
153.6248	206.78072
186.36183	207.3646
163.84192	228.6237
164.52357	195.64233
183.00673	219.59688
151.4415	213.33672
181.12152	198.6073
170.85802	227.775
709.5956	365.79935
720.81573	374.60202
706.3076	376.23578
715.97186	370.60712
717.74115	383.02286
705.1804	370.50272
725.96936	364.27567
712.02856	378.08197
707.06067	359.93848
726.8519	376.89316
700.847	379.0227
719.77454	362.95392
713.5627	386.4289
700.2494	367.0501
726.43396	370.21265
707.2333	385.29266
714.2271	359.36172
724.59265	383.32037
434.91046	81.75798
464.90366	60.734894
453.34766	97.12979
439.798	63.819996
446.48846	79.82362
445.74692	87.00988
449.43506	70.20969
455.01553	77.831314
442.68613	74.78855
471.17432	67.39074
436.30664	86.8043
452.05118	62.39987
461.875	78.724365
429.8907	71.37181
459.774	56.427765
456.3288	83.34236
434.89923	59.764355
457.14136	71.490616
432.22974	90.8073
447.38364	48.505047
467.09488	86.219
437.32813	72.514084
463.14423	69.12999
445.2809	93.1151
442.14185	55.974327
471.27426	77.03288
429.1955	77.98546
450.59186	54.46702
459.66943	90.272514
428.61542	64.79878
683.6841	372.30344
663.53156	378.08878
668.0444	369.62308
673.8003	379.87994
662.7995	371.44788
675.7107	368.08084
669.56433	383.64786
659.2998	363.2805
675.16473	374.54608
659.3087	383.03146
670.2749	362.27826
677.9823	385.38266
656.098	368.79916
681.84534	364.2355
666.29846	388.2328
665.1542	359.27078
682.49274	379.46765
655.73474	375.62302
675.6973	359.90744
171.48972	527.9948
160.31525	518.23535
177.04338	520.1245
161.99689	532.2214
169.95042	517.28485
176.98428	532.4052
164.78154	522.9356
176.14627	513.8898
168.20001	533.16144
165.43149	512.68695
179.29532	525.30273
159.22766	526.2535
508.13153	370.76404
511.5495	376.21313
502.55234	373.91196
513.5728	366.7045
505.8144	382.21466
503.21698	362.43744
518.3938	377.64804
497.86035	376.8236
510.3819	361.01297
513.1872	382.51593
497.55048	366.26987
518.9852	370.04193
499.7455	386.52277
504.9995	355.5385
520.3948	385.68695
491.70746	375.0991
520.54877	361.7301
505.06293	389.3579
496.858	359.03574
525.5961	378.11975
493.25043	384.02524
513.85614	355.62277
513.33527	389.1658
491.4649	367.4446
525.2362	369.0133
724.1073	53.10891
726.7567	41.80355
731.1835	53.23051
721.08325	47.67159
733.8619	38.881737
729.7196	60.335854
720.77014	39.37143
735.6094	47.425346
715.8304	54.43214
729.43835	33.990578
736.6387	66.23072
715.34827	42.777107
747.06757	41.097385
719.5244	60.598366
724.4738	29.009876
741.8216	52.45857
710.1061	52.053764
737.6999	32.9987
737.6359	60.002857
716.7247	35.123966
739.87604	44.946198
713.701	61.55769
733.37964	26.55628
744.59656	57.704334
707.9701	40.595028
744.9112	34.29132
725.00446	65.515274
717.85706	29.24726
747.8587	47.391205
436.72836	379.61493
446.24725	369.79193
450.08823	377.19702
439.2421	373.7814
452.79288	369.4254
442.81732	384.9595
438.62158	367.1508
458.45337	381.96808
431.76398	373.59464
452.96124	361.60135
446.8912	381.40176
433.88544	363.55643
457.5035	375.25287
429.69196	382.56207
446.70856	361.0424
455.1772	388.2595
427.992	368.64075
459.60953	361.7188
441.27744	391.53616
436.4684	356.1386
463.79477	376.97607
426.87848	377.47794
451.18585	354.35477
448.22354	390.6128
429.11505	361.47784
462.004	368.44165
433.96338	388.43668
441.92487	358.4426
173.8237	482.36392
166.75223	474.23932
180.52505	466.5685
165.8552	480.02222
160.61282	464.00693
174.96292	475.94742
158.43892	483.98975
170.8906	469.31146
178.54518	487.16537
156.01994	472.39935
181.47855	473.0695
164.17134	488.2084
167.17252	461.81314
182.72093	479.93253
155.54991	478.4515
174.00386	462.19537
170.50626	487.90543
161.98123	470.09918
733.9147	119.62346
718.982	128.07991
729.3282	113.846535
736.2352	129.1456
719.8412	118.1086
736.5868	112.63042
727.03546	122.100815
719.067	109.231606
740.3502	123.93955
715.234	120.99143
734.9491	107.2957
730.3427	130.81569
723.5415	113.11013
741.5054	116.95055
724.4459	129.85912
727.20624	105.98549
794.3014	376.08102
778.55084	375.04175
786.8432	362.61746
786.2301	378.1499
777.20374	363.5201
788.9512	371.2437
774.29706	379.53223
782.17804	367.19153
790.2418	382.90683
774.3336	370.1897
794.0666	366.9509
780.95905	382.39224
616.2771	360.6318
635.78674	379.9325
606.9857	377.03268
626.3947	363.24988
622.6296	377.6524
612.2947	369.4649
627.0157	370.26944
615.231	379.3127
620.5065	365.8016
628.972	380.76624
617.0292	373.03033
632.5587	362.28165
622.0841	386.4839
610.44006	361.6701
633.75116	373.53183
610.0874	383.1105
623.5208	357.12357
628.2997	387.551
606.08704	369.7059
636.1979	368.65347
616.25354	387.507
165.96812	401.7707
181.67575	425.3537
164.99402	418.64166
179.7912	405.57526
170.26498	423.4817
164.52518	410.98642
172.30203	414.85995
158.99208	428.11508
170.2142	407.82797
176.26627	421.05377
156.55667	417.26837
182.25668	411.1894
166.40068	428.83545
159.74245	404.9634
183.13647	417.3128
157.24554	422.62494
173.7419	402.7602
173.44922	429.8129
155.53293	411.29428
385.48065	365.8195
364.51968	390.05182
375.06784	366.35208
380.60803	381.55627
362.75854	376.23096
380.90634	360.81744
376.19745	375.71365
361.5914	365.41727
380.77448	371.02814
369.86603	377.5571
373.3609	359.22214
383.46756	390.52875
367.4048	369.5038
393.54877	367.3309
371.04465	385.61368
367.6018	361.2349
393.75583	379.8398
355.05515	381.46332
380.08682	354.68442
377.6795	388.1404
355.33792	367.3491
393.11877	373.17114
362.1594	383.04315
372.18124	353.46484
387.35226	384.96637
357.06537	373.21423
388.992	360.5146
372.3029	392.18564
362.27472	357.2547
386.3567	376.08737
745.33295	376.12015
754.3298	370.12106
755.6714	377.27563
741.3978	367.08734
763.20685	367.88568
749.49133	383.3659
752.59436	362.43423
763.3014	380.41196
744.5107	371.41028
758.83606	362.2091
755.61536	384.00397
747.0008	363.67358
762.0271	374.18036
742.99054	381.09064
569.0543	366.86215
573.047	378.91232
562.5254	370.75223
579.1195	369.84314
562.4333	381.8543
561.1004	356.9566
579.91425	378.9832
550.5932	377.6861
577.13196	359.48
566.7301	388.64886
553.5268	361.68304
572.75195	370.71515
559.37695	388.91962
566.8582	361.51233
578.329	385.4001
557.6449	373.94327
582.02673	364.10712
566.8823	377.1396
559.22656	364.9238
584.4718	373.98627
555.1779	382.42297
570.43945	357.56256
572.1564	388.9991
551.883	369.0944
184.34306	349.8315
163.90141	362.17868
165.14539	338.12228
182.4036	360.95383
162.51913	354.8061
175.70515	345.87735
169.74419	358.84042
156.42487	343.9309
173.34442	350.90558
156.80067	363.95294
166.54703	349.2208
175.63193	362.12543
155.2651	351.50482
180.48337	341.9936
168.17014	368.26495
162.63765	344.3707
180.37447	354.7281
155.81874	357.37506
172.20589	340.2201
175.75157	368.60034
159.26077	280.2203
181.38687	284.96933
165.87498	295.93338
166.07242	277.33124
178.06546	291.62787
161.26515	289.64185
180.58324	274.858
170.6912	291.08813
167.14601	284.94672
173.61601	284.15543
157.56836	297.2486
172.67108	275.45477
178.7029	299.51736
153.79614	284.03973
185.30739	279.8563
166.81265	302.42285
163.43561	270.7693
184.59373	292.19614
153.5334	290.3649
173.39316	269.50995
172.57248	299.08395
155.92839	274.2763
