732.66077	45.93507
721.48773	49.174873
730.9989	38.07507
738.8618	54.533154
719.79224	42.651016
738.26	40.887722
728.60266	52.40504
725.2355	34.897987
740.16125	48.254536
709.22345	51.810303
732.993	32.385788
732.6389	57.39256
713.70386	35.640404
744.80835	43.355156
719.37976	56.38903
723.81104	27.472992
743.3465	60.715393
714.3234	47.552376
743.0291	32.048744
727.72345	60.585278
718.959	32.002926
747.5278	51.026474
715.39874	59.84253
734.022	26.22076
735.2616	63.26839
710.54553	41.755592
748.22577	38.023087
723.4398	65.56441
165.62808	297.2515
170.76968	303.49893
163.43994	306.1212
172.52438	296.0964
173.34552	310.5958
158.8592	298.1013
178.32855	300.95636
164.19156	312.47833
166.53047	289.47964
179.48286	312.8361
156.28055	305.22357
178.76382	291.63644
164.52634	318.1712
159.43721	289.9396
182.87292	306.1396
155.50685	312.00983
172.38232	287.96857
172.32462	317.94556
153.21281	299.23004
183.18115	297.12024
569.8602	375.7931
573.31366	369.80835
576.37396	378.20908
563.80206	371.2792
581.9139	369.59286
571.29285	383.85016
567.4579	364.7817
584.23834	377.55237
563.38837	380.54132
577.34406	364.1265
579.7562	383.21402
558.7188	368.21503
588.1546	363.11612
569.63086	391.0377
568.2945	358.46402
590.57983	378.8645
557.6969	376.31372
581.8367	359.30212
577.071	389.8053
561.1433	362.47403
589.51184	370.82504
562.6964	386.4626
575.25543	357.61932
586.0025	386.20468
710.96515	374.23953
723.2977	369.04315
715.8893	377.79684
709.5622	366.47488
722.08167	376.95203
706.74896	382.96115
716.5332	368.112
720.44836	384.74432
704.80475	369.4289
728.56116	371.59283
713.64636	385.6767
713.4421	361.15985
727.3298	380.12274
704.5055	376.04767
721.36426	362.85522
171.11423	433.487
165.7019	423.82925
172.4653	428.0849
161.70207	432.57797
170.88814	420.3771
179.8334	437.20157
159.94032	425.9389
180.56184	419.37225
166.09462	438.61978
160.10768	415.351
180.86235	431.19855
155.10706	432.3498
175.22354	415.5984
172.71573	440.79266
155.25613	422.51465
181.04355	425.27533
159.98853	441.28824
167.55106	413.7333
632.6344	378.08414
624.71204	375.85724
630.28156	370.0868
625.9573	382.0523
619.07996	369.06342
636.08655	371.29697
616.96466	382.56757
624.2926	366.63843
636.2069	385.26764
614.7953	372.3552
637.3356	362.95782
621.797	387.30524
623.35895	359.71014
639.97955	379.19858
613.26917	377.6474
630.3961	360.7636
629.6463	387.36865
614.79865	363.63327
642.0773	371.58823
160.66495	370.16522
169.55167	361.53793
172.16547	370.06003
164.04814	364.5929
175.81406	361.8094
166.49734	373.06622
160.47238	357.66965
180.25026	369.21213
156.31113	375.35165
170.96893	354.30975
176.7045	378.3214
154.6348	360.12955
182.57991	362.6652
163.26927	380.47205
164.20831	352.8698
182.27328	374.25702
154.77444	367.6257
178.50989	354.36517
169.80577	379.54254
724.3936	110.67293
735.89777	120.71787
721.01154	126.21712
732.3461	107.37648
735.94165	127.59235
721.6115	117.646645
739.479	108.74077
727.7879	120.203476
726.34436	104.907776
741.7756	124.24695
716.4188	122.48696
732.6906	114.79724
729.8141	129.58481
717.6464	112.700195
741.6721	116.300865
724.0659	130.70296
511.25104	369.24384
514.84296	378.57208
502.5687	377.29807
517.5112	368.13565
508.8885	375.2021
505.12387	366.72626
522.2417	377.87442
497.7851	381.9694
515.4982	361.29416
517.3535	384.8366
499.5191	372.51337
522.9711	370.07635
506.4754	383.65402
507.77304	359.426
526.82117	384.01508
493.60547	377.2367
522.9071	360.22565
513.0527	390.0257
498.34976	362.4122
528.1589	374.49808
499.98956	389.02072
514.2619	355.27753
520.5008	389.99258
494.6569	369.0762
528.8966	365.62527
506.91635	390.84656
502.00357	356.55154
377.62283	377.42947
367.87482	374.53482
378.2962	366.41437
380.858	386.65814
361.01038	370.4162
379.336	371.77142
367.6113	384.36636
368.9441	367.59277
382.86542	379.25082
359.3596	375.66776
384.97653	363.42047
372.31436	379.6208
365.72955	362.2697
389.96942	377.54474
360.22086	382.24713
373.78824	361.59705
381.4479	391.96802
354.18665	367.8722
391.21432	363.96307
368.02936	392.6835
367.35345	355.26886
391.1636	384.17395
353.1361	378.12164
381.70404	357.7032
373.18204	388.50085
359.3603	361.2563
388.87006	371.0269
361.2252	388.6077
374.4808	355.31976
791.46765	380.50488
776.44446	374.18823
787.94476	364.11688
779.25885	381.28253
778.176	364.53708
787.95874	375.32208
772.9586	379.79648
783.15686	368.20972
784.72546	382.77972
773.5391	369.03632
791.7328	370.37878
165.91307	487.45905
168.77959	478.00943
181.0263	484.38257
161.92862	482.2833
177.15291	473.0812
170.92801	493.09247
158.67657	473.3028
172.71362	483.4589
157.51738	489.14957
170.62231	469.68
177.80862	491.00433
156.6616	479.93716
177.84586	478.9432
164.50505	494.00616
165.02226	471.6308
760.6271	379.05005
741.62115	377.87994
754.0567	364.99994
752.5343	378.06064
748.97546	371.13513
757.3724	372.02582
744.0458	383.03616
748.34937	362.60132
757.672	384.75046
742.64014	372.33698
760.0629	363.83722
750.0459	384.64346
741.74274	365.7115
763.8373	372.76508
661.79755	378.81372
675.74524	369.44962
678.73865	386.99976
668.5162	368.21234
684.0826	372.16946
669.3881	378.1614
671.03284	361.53842
688.1746	377.0105
658.9694	372.3169
681.5858	363.2868
674.93665	380.1755
663.7327	361.52994
679.64954	376.4084
664.9657	385.5914
676.8854	360.31488
684.1318	383.5008
665.1824	372.55292
687.32947	366.42755
672.31213	387.0002
439.96378	367.9613
448.99493	377.9426
433.2995	381.32556
447.0788	371.24332
448.3686	383.77637
434.65106	371.95642
456.50473	367.1227
433.69296	388.33633
441.54828	362.05154
456.33612	383.26422
441.08398	376.78522
450.33527	364.87408
441.1398	383.15338
432.96616	362.3218
454.11444	374.45016
426.6083	384.82166
442.60776	355.61008
453.8671	390.07462
426.0982	371.49188
456.47858	360.1637
439.9437	390.62115
434.56427	355.3797
461.64233	378.44797
426.7557	377.61697
449.43292	357.7571
445.55844	391.94
427.13507	365.0051
462.24112	370.92438
162.14845	237.856
167.19844	217.89717
178.74753	235.9404
165.50229	230.47604
177.07051	222.7468
168.36029	242.02617
160.13463	217.69556
174.65901	230.14243
151.444	232.97525
171.4827	221.8385
171.12756	235.84224
161.14236	225.52457
184.16206	220.2404
164.50143	245.88045
164.83636	210.98648
185.56967	232.37236
156.93637	231.21863
178.36572	214.60474
174.1928	245.32573
155.08247	218.26547
184.4129	227.16792
155.10172	240.88347
172.37662	210.32275
182.19508	241.98279
151.92007	224.27791
176.65424	555.238
167.40591	569.3162
164.29955	553.83936
177.54	566.7704
162.47067	563.8163
169.9828	555.2398
172.59677	570.8019
159.68646	558.82837
175.0018	561.47296
161.0501	570.1429
439.7707	69.3955
452.20322	84.27509
446.25732	79.05609
447.9642	68.4324
449.2834	73.574196
434.3941	66.28452
457.9756	68.44464
439.2077	91.007065
452.27386	60.678673
465.47867	91.27442
431.06137	72.425804
461.57227	63.213554
446.76782	94.7467
442.7456	60.790062
464.20053	79.93465
442.51324	82.71183
466.5191	58.675323
455.6563	97.64357
425.88422	65.93053
470.99136	75.87767
431.3062	87.91618
440.5275	53.769714
462.72015	84.936035
434.56787	79.77885
468.32285	68.13114
455.35977	90.30132
436.32217	57.805855
463.17792	73.76827
427.92715	79.73238
453.93173	55.24101
168.95456	55.947845
159.08122	40.928596
180.36826	43.14285
161.71698	56.067863
165.00198	41.69478
181.95798	51.174454
167.05939	48.52661
171.1704	36.578136
169.8826	62.567436
156.13994	36.63262
173.16196	51.337116
151.7088	58.406685
172.6268	42.184715
177.91522	60.949867
151.49681	44.30243
183.16182	37.67604
164.11942	66.921974
160.54929	30.284067
188.4981	52.84278
157.13078	51.479393
173.28433	27.655298
175.3157	67.28778
149.6442	36.30098
187.79468	43.7576
157.84038	63.5247
168.48306	30.73381
184.17067	60.402813
149.34044	51.497192
180.28323	32.155766
169.52916	146.54443
157.72308	127.277664
175.28238	143.50711
154.9656	150.5485
170.74686	134.23337
176.51016	155.06697
155.7548	136.99149
179.97	138.71321
162.89038	147.67728
165.64328	130.63387
182.00095	150.20328
165.87326	140.82007
178.53757	122.53273
166.82465	154.40842
161.00586	137.05234
187.60376	138.28601
156.70908	156.82433
172.28983	123.610146
182.26556	156.89935
149.44899	139.57127
184.26231	130.78947
162.01212	160.44394
164.23929	123.43577
185.71555	145.16885
151.27672	145.1244
176.68329	132.2506
172.96077	160.58609
150.63942	131.10101
172.57523	523.7874
162.79227	532.43884
166.6323	520.18524
177.7985	533.2473
160.48875	524.3373
178.14987	520.02094
167.60873	533.932
160.4656	517.2643
176.2109	527.8544
157.7022	530.2672
170.85823	515.5768
172.1572	536.55676
