801.7546	372.36075
797.555	376.76776
800.53625	365.11508
804.9834	380.39102
790.7599	373.92557
807.50305	370.28546
796.0166	384.77106
794.57684	364.11874
811.5659	379.59576
790.5464	380.3526
806.1862	363.21255
803.4452	385.94232
790.1957	368.8404
812.94714	371.7363
177.05571	139.53252
181.89351	127.95
187.6031	142.41048
172.67711	133.15817
184.33237	133.32382
175.29066	145.27625
175.90144	124.688515
188.44537	137.1709
170.14392	138.84048
182.18759	120.7724
182.80266	146.14993
168.32683	127.11216
194.95796	128.18944
172.70625	151.56297
172.98076	118.703
196.46701	138.28738
162.24466	139.09793
191.49774	121.67202
181.933	152.4693
165.69359	122.24463
195.5717	133.44601
166.62428	147.26195
182.238	114.9538
192.51723	147.58899
162.38435	131.87086
182.71039	478.1207
178.05399	483.26617
176.2015	475.37296
186.81345	483.3476
171.17548	484.4831
182.35483	469.71786
183.35446	489.5529
169.8348	473.90723
191.98929	478.41202
171.47084	490.8309
175.94206	467.9542
190.44258	488.24326
166.77751	480.2
188.43346	472.1145
178.381	493.1337
774.3006	42.61413
782.82263	44.320137
770.0135	53.80529
778.0351	36.449955
785.8356	52.204132
774.29285	47.634205
791.6064	41.9415
775.6859	55.22188
772.50507	30.448893
790.9233	48.26839
766.96405	42.21077
787.5075	36.45916
780.5571	57.077736
763.0238	35.066055
797.5682	38.537395
768.2599	58.744263
778.548	25.882513
791.82825	55.90385
760.7594	48.73504
790.0566	30.888214
773.63904	63.77041
765.44806	28.153482
798.1566	49.553967
763.3261	54.767036
784.10315	29.630112
785.4459	62.464256
760.41394	42.453255
182.68768	569.4581
177.50444	574.5319
174.86174	566.51135
188.39255	574.8314
169.92941	575.41504
184.58475	561.6784
180.58287	581.0222
169.49205	568.4501
189.6243	568.42456
174.06766	581.8971
177.09166	561.3034
186.97794	580.73096
859.0209	372.6415
877.2905	367.4468
867.508	382.53864
866.7715	367.80438
876.1752	378.49734
864.0968	376.41287
871.54315	366.13052
872.9373	383.84735
861.1449	365.71997
876.5675	373.25482
860.2088	382.25607
538.59436	369.46704
546.84973	381.80685
537.31934	374.91647
548.4288	369.21942
536.24774	384.80823
532.8184	363.66296
548.4702	375.41217
529.5602	378.12796
543.4354	364.86777
539.76086	380.20087
531.17255	370.31305
555.194	366.18222
536.12634	390.94183
535.9843	358.4831
555.28674	381.24417
523.0851	378.73376
550.128	360.67868
543.48926	390.30853
525.9594	363.28687
556.4369	374.01398
528.6552	385.7853
542.49866	357.7436
550.217	386.35977
524.3551	371.46948
188.12408	212.06552
182.53917	222.2181
174.88416	213.35928
195.05019	219.98514
163.63297	223.02576
183.5613	205.93575
182.4461	227.71378
167.01224	210.5584
197.77908	214.74008
174.24686	222.67673
173.83041	206.23283
190.90442	223.79659
169.09581	218.58206
188.40643	200.939
181.56818	233.54556
168.29668	203.74225
183.0483	216.09119
168.15753	230.45601
180.39584	199.58191
190.48235	229.99026
162.3295	214.87036
193.29404	207.36824
174.84608	229.4812
174.57596	198.92831
189.9175	52.717094
174.85294	48.41326
182.574	36.567986
180.71304	49.22769
168.19254	38.570198
184.34836	43.46294
174.50813	54.834496
175.50778	39.034756
191.78763	59.03766
167.03023	46.58544
191.87018	35.75689
183.2219	59.10271
172.66997	32.79847
189.7697	45.67446
165.26501	55.555855
183.309	30.317886
187.81137	64.09509
160.52603	41.86533
196.47983	40.426323
174.18303	61.16272
176.68777	28.032497
198.4033	54.039845
161.26486	51.108448
190.8026	29.689734
177.71938	66.70951
164.97482	32.06959
198.67099	46.873074
167.40787	62.042095
181.57027	359.0421
186.48257	371.94986
176.84656	362.23114
192.89047	360.13202
177.55394	370.20987
175.34584	354.20056
184.86137	364.78812
171.2021	368.8657
184.6749	350.21335
182.4822	377.44287
167.83481	360.90927
192.68947	366.00906
170.33035	375.64404
178.63773	348.7652
192.25015	373.56464
164.72896	367.00616
189.79503	354.83987
176.25876	377.73407
166.94554	354.81332
663.2596	374.392
650.5575	378.82382
662.371	367.51428
665.75604	387.9712
654.24274	371.307
667.73627	369.95053
655.5828	382.03973
655.60925	366.0797
674.36847	377.7574
644.2938	378.30515
662.9818	359.59378
661.89575	380.30664
647.79333	364.00922
674.1655	370.93356
651.30005	387.14655
656.1975	359.69333
670.8612	383.9023
646.9209	371.901
670.2141	362.33685
659.4542	388.1806
707.5431	372.1034
716.11584	374.88977
700.2131	380.2016
714.0675	364.6986
713.20264	379.93167
696.1532	371.05328
718.61224	369.40714
707.2265	383.7724
705.2033	360.45706
722.6905	379.109
700.62225	375.19946
719.01355	361.8957
712.0161	387.51556
699.51965	364.65598
723.5765	372.33197
701.1761	385.80127
708.2944	365.49747
719.18463	386.03995
599.8081	378.51962
608.0478	368.85016
601.2245	387.753
597.9283	359.7472
618.9718	378.8674
593.8949	378.87738
605.12	363.60086
606.04065	390.6348
593.18713	367.77353
604.2446	374.38492
595.56616	386.4155
598.8261	369.1054
612.44617	380.7668
587.20544	377.42047
612.51044	361.53384
606.3585	381.97647
591.02185	361.73676
615.9955	372.9474
588.79877	385.0987
604.68097	356.95572
612.8825	386.77972
586.54425	369.64594
617.12524	366.6601
178.42522	428.15942
176.9477	412.8588
185.54794	428.97736
172.67891	428.63348
189.33029	415.1959
182.475	435.09637
165.42224	421.86627
186.34506	423.06024
170.47305	436.8456
180.12006	420.45938
187.84079	438.404
171.95383	422.02817
193.1779	422.6015
177.31209	438.99203
170.76328	414.71198
192.63622	431.31445
166.53835	430.8436
183.73322	412.47076
762.7598	386.86084
749.5059	369.68152
761.8312	372.6927
753.437	382.42206
755.97845	370.20673
771.16046	377.86664
750.92957	376.74725
767.0003	362.4771
760.6693	379.86032
748.0231	363.97525
768.5319	372.8411
745.8153	381.81705
760.297	363.06415
767.84607	382.86752
743.6513	373.7219
770.878	367.7779
755.5463	388.05096
755.24634	360.25693
184.53673	530.84076
175.31079	530.173
182.45067	524.1476
180.3193	536.01996
171.80502	523.7193
190.47102	524.61304
169.5886	536.15564
178.56808	519.9723
185.6563	539.93256
167.63492	528.3138
186.38026	518.45294
176.71603	540.99084
173.35567	517.29663
190.92911	532.1928
827.60266	381.5264
838.01984	364.02356
838.84216	377.55194
830.67346	371.9853
842.5369	370.62448
833.2396	382.85016
833.1293	366.59412
846.8081	380.81845
826.3076	375.79584
844.50574	364.1412
839.09607	385.2451
826.4411	366.53702
847.20276	374.42633
173.71996	305.21634
177.07968	291.53955
184.46527	299.18713
169.36844	290.35382
195.09767	288.99915
177.04883	298.40808
174.66888	284.20328
190.83047	295.8976
170.10123	300.36935
185.22374	285.13397
186.91968	309.9234
163.40524	287.5227
186.35442	291.26605
175.98474	311.9148
177.15428	277.9649
192.77228	304.66156
164.69814	297.04004
190.95361	281.9688
180.91733	307.36166
168.62086	281.41412
197.18008	295.69278
164.36066	305.0161
184.60956	277.8023
480.55353	383.7148
468.9173	375.7307
477.41885	369.1466
470.9383	382.17728
470.5709	367.7874
485.9497	380.68234
462.51035	378.37976
478.85065	362.7354
477.0318	375.70142
463.34082	369.50455
484.73126	369.66483
464.05585	385.851
471.22983	360.721
489.3523	385.3327
456.03802	376.11414
485.9148	361.52887
474.13867	387.74463
461.0996	361.40482
488.12128	375.46213
457.2189	384.74094
478.598	355.96475
479.99625	391.13327
456.13263	368.096
491.07022	369.49698
469.06357	391.00757
465.8521	356.77216
493.80804	84.90002
480.34845	71.31517
484.85733	68.97721
474.9982	91.04265
467.4734	67.54945
498.39948	64.50963
469.30573	87.93227
470.92603	74.65927
486.52377	80.98259
462.35132	76.22736
487.75308	64.74218
473.358	79.10817
473.17413	48.64368
492.74078	74.15739
458.1544	80.71238
488.50677	59.6325
479.86517	83.71214
460.66592	66.388916
500.784	70.38603
470.43124	95.18985
470.97397	61.99041
492.74774	91.68725
454.1852	72.67892
490.96857	54.74848
480.74106	93.603226
468.73273	56.85305
500.34418	79.92005
461.81085	88.93678
478.7021	54.90683
487.54242	94.513504
380.40112	369.89587
409.90884	366.08167
399.7476	380.19745
392.92392	367.56247
411.17758	380.57846
390.13202	377.21088
400.89798	360.50198
404.90787	375.93317
396.23212	373.0412
411.63824	373.29193
390.49176	385.36053
402.31506	367.66592
407.29858	387.1513
385.15536	377.9317
416.5209	362.25085
396.5224	392.28998
390.8248	361.82562
418.34604	378.74506
383.00995	385.8326
401.63385	354.79327
406.15186	393.63715
383.59784	364.55148
417.48453	370.5006
389.8949	391.79828
394.6829	356.50824
414.7749	386.8309
378.4793	378.2685
409.5378	358.41974
400.55008	387.03827
387.04907	356.8355
