168.5828	376.22153
161.9725	379.56204
169.09567	369.73108
171.97467	382.70685
161.16144	373.40204
175.25644	373.10828
164.48553	386.5437
159.40958	365.68936
178.65823	380.76514
153.78111	378.07065
172.24208	364.09113
171.40614	388.70526
154.51982	370.15262
180.89163	371.0472
157.53128	385.14194
165.11429	363.1998
450.89508	93.730225
426.8877	77.2679
464.39413	76.16082
447.1665	86.13851
440.53897	74.31608
454.49683	81.25337
447.6994	74.1908
451.35858	67.104294
461.05707	93.08931
433.59406	70.281044
458.55	68.53866
438.5053	82.72001
443.48883	58.86216
470.76813	85.985245
431.7503	83.81584
458.85873	62.53351
447.06586	99.22277
429.73322	63.018322
467.27026	70.98654
439.36118	91.19613
449.85718	60.996468
459.97714	85.34517
425.90445	69.601875
470.9654	66.362144
439.76495	97.311104
438.35864	54.16979
465.5622	79.87517
432.6285	89.33729
456.26358	55.541218
458.7354	100.40027
573.2047	372.65192
583.76874	373.76862
576.92004	380.6954
578.6598	370.78998
585.4808	381.03555
570.4083	378.99847
587.96686	369.3119
581.1383	387.13885
569.7572	366.08865
591.52264	377.65854
570.4445	388.05057
581.91516	364.16714
588.7022	390.00684
566.0333	372.0776
594.31287	371.76752
577.565	391.58182
575.4138	362.56238
592.23804	384.01294
564.6713	381.7284
588.401	362.86105
730.66016	53.043995
728.0804	46.384033
738.23773	45.34262
721.4374	53.604504
730.9281	39.943573
736.9741	58.64759
721.0061	41.594067
745.97375	34.86497
727.33435	59.030586
724.9271	34.758816
740.7477	52.049255
720.70026	47.050957
741.1508	40.024498
739.3583	66.84724
713.1351	47.18093
746.0584	43.010033
724.4019	66.469086
725.8408	27.980026
748.53253	54.945427
710.9319	54.25103
739.0973	30.41396
732.33496	65.52035
714.5647	37.63932
748.2943	48.40229
717.5498	61.285076
733.5534	32.844048
743.5927	59.60359
445.12735	378.99985
450.81915	371.11642
446.88046	386.93488
443.62988	373.15323
452.94073	379.7233
436.57446	379.16846
453.17578	364.19363
452.94025	386.38638
437.20074	368.6068
457.02856	373.69763
440.65225	387.91315
445.78644	366.6026
460.3697	383.9422
429.8598	378.427
459.68832	363.1814
453.28116	393.2725
435.73578	362.94427
465.6402	374.80563
434.58823	388.64545
449.27832	358.09503
460.13007	390.40204
432.66107	372.58023
464.51083	369.00037
444.66953	394.5929
442.5337	360.26605
464.8173	380.84683
710.8029	379.36005
719.78015	365.9227
717.57623	379.5974
706.0276	371.20856
721.053	374.41522
707.47833	385.8196
714.2581	369.9863
721.2623	386.8189
704.8883	377.2446
725.99286	371.0404
714.54126	386.71954
710.0175	365.467
726.09076	380.1876
169.77267	53.955555
171.31815	50.518093
165.96521	59.33433
156.44542	49.130352
173.96042	45.33042
159.38547	59.482277
163.86526	47.259853
179.41035	55.15504
154.38565	55.5158
173.09782	38.959415
166.28639	66.58244
155.07149	42.398804
179.89923	48.04638
150.03708	62.607475
162.67711	40.990963
174.23506	65.54937
146.78566	48.650635
183.02591	39.06463
161.65356	70.76836
158.78802	34.410545
187.30191	59.34666
148.07948	56.98643
172.44235	31.924585
172.25275	71.05656
150.3779	36.68238
187.65646	47.43551
156.48325	67.29234
166.0126	33.928917
182.18636	66.90346
161.00992	155.56732
171.62854	141.82504
170.1611	158.02228
163.12361	136.39066
173.46443	148.64665
154.4872	156.55096
168.23672	133.97905
173.6581	164.5915
159.84187	144.88405
180.7266	145.8705
159.74002	162.73589
160.49713	130.86874
173.10208	153.68004
147.59656	153.15639
175.20613	133.07518
166.44234	170.55446
149.55507	143.43753
185.99924	149.77237
154.12274	166.89005
165.17387	149.14484
180.33624	162.36768
154.11026	148.5324
180.1807	138.77933
166.314	163.1592
155.58688	139.13835
181.71837	156.40477
746.8297	378.93497
751.2726	368.12073
755.16974	383.30203
739.7125	374.14288
755.23193	374.68146
743.8571	386.52222
746.3745	370.23663
759.75635	378.78156
738.6855	380.20828
757.2627	367.87817
750.2772	386.1232
741.96814	366.92502
172.9982	519.5635
158.83882	530.9274
164.36288	514.672
174.89857	530.98755
159.56137	519.5999
176.81876	515.4739
163.97867	528.9989
157.81615	513.31036
173.74957	524.75555
157.0239	524.39014
170.02313	511.8868
168.95656	530.69324
156.0516	473.5984
172.7933	474.94952
161.67252	488.32202
166.05446	469.38043
177.0632	484.89893
161.92203	476.28067
177.54385	471.80426
164.83266	482.223
158.76013	467.1731
172.30586	480.44843
156.02719	482.33755
171.55182	466.75446
169.35132	487.79608
364.27612	373.36044
378.8481	371.92032
371.56558	390.11166
372.01666	370.8801
385.95105	384.2198
359.68646	379.56076
381.35095	366.2912
375.2379	384.98886
361.71503	366.7639
380.76547	378.1894
365.91132	386.00272
374.76404	363.1468
382.41672	389.79764
355.8209	374.424
393.58267	369.20212
370.1251	377.96973
368.5521	363.47482
390.50934	378.75885
358.3363	390.04272
381.66617	357.86432
380.89325	395.2139
355.7956	366.81226
388.8682	372.7351
365.5632	395.79645
372.2498	356.6549
392.10287	387.80984
353.1776	381.04318
387.13815	363.93076
373.32452	396.29507
361.91574	358.7936
170.84193	430.21207
155.87015	436.65878
166.85332	423.2582
171.91765	439.69452
157.48843	426.2036
175.26163	422.67075
162.42258	440.77124
162.32327	419.18994
177.51108	435.03775
158.39302	431.17633
171.6473	418.04175
166.87167	436.99503
155.98865	420.54718
178.44508	427.84692
722.5023	129.27055
731.9312	117.403366
741.399	130.1328
725.1981	120.06842
740.4802	113.434265
730.6986	124.82346
727.09186	110.40072
738.34686	124.21504
719.5836	123.37407
734.54877	110.79114
734.5663	132.11533
720.448	114.63158
742.0709	119.45735
728.1272	132.17697
164.40115	307.818
174.54485	316.67377
156.6766	315.4993
173.43707	304.7122
169.0136	317.75894
158.47035	304.06946
169.45575	310.4311
162.5212	317.91327
165.47986	300.8305
174.9869	323.6928
152.95547	310.21777
179.46207	300.93347
160.2161	325.7481
161.88588	296.15082
180.98514	316.25613
153.37268	320.01923
172.17075	297.02704
167.77167	325.5623
152.43832	303.00412
180.02806	308.85287
625.4674	381.6374
633.98114	372.1841
638.5106	384.1277
627.04645	374.4402
642.27423	369.6701
632.76697	380.13583
624.31067	364.80905
640.7937	378.66342
619.30237	382.02588
634.65955	363.3962
637.8892	390.62323
619.0199	369.24127
646.42993	374.9383
623.8756	389.54016
629.33356	365.66708
645.3009	383.26675
618.45197	375.10492
641.057	363.8205
631.139	389.3905
511.19464	368.64395
525.6436	374.0883
511.65308	381.73672
518.67694	373.671
525.2328	386.32672
511.50854	374.67712
535.14276	366.40677
516.2631	387.7122
509.08682	362.41888
529.7727	379.75336
500.37085	382.9154
522.11237	365.55865
519.1432	392.40912
501.37134	372.0171
532.0325	372.53644
510.84628	392.6348
515.0168	360.7542
532.8009	387.15826
504.47305	376.544
528.2933	362.93127
519.75006	380.89435
504.22504	366.6121
536.01843	378.34024
505.57242	388.37302
521.63837	358.57492
525.82605	393.709
164.59953	238.07498
182.1035	232.77629
161.26688	246.26443
162.84274	225.52136
181.71735	241.2524
156.73715	238.9047
175.84152	221.54544
167.55038	246.14572
158.1093	231.68787
171.30655	233.85129
158.41283	251.97046
167.42981	229.12134
173.79729	242.05132
150.3737	235.29631
177.89001	226.97986
167.82315	252.27287
158.16905	220.60799
176.99545	236.18079
152.04037	244.73064
168.87547	220.65115
178.0663	250.11414
153.13211	226.5791
785.0326	373.8361
776.34735	383.502
775.06274	368.71576
787.06177	384.76645
772.548	377.04904
787.27216	367.96854
781.4884	383.90253
770.217	371.59534
789.0236	378.25153
770.47833	383.32355
780.54675	367.56427
685.3383	387.07358
671.67896	372.4009
687.58154	367.73685
676.2588	381.04504
674.21814	365.10104
684.3712	377.6607
670.2684	380.33575
681.55963	365.44037
678.61945	388.63913
666.7952	368.87445
687.48334	373.30048
671.4396	387.53668
678.4727	372.0856
688.61426	381.3907
664.746	377.6217
175.91162	556.9114
167.28682	570.8399
157.15285	557.095
175.36586	565.93835
156.5908	568.1039
169.26634	553.9734
173.44838	572.15344
160.19884	562.71204
170.89247	561.6135
161.82553	570.6033
163.44255	554.88257
