172.76825	49.25703
167.1284	46.366173
169.18735	39.525978
173.25793	56.885975
158.91315	44.80225
176.2118	40.18268
162.66617	52.98716
160.5195	38.3001
179.4787	50.436333
145.58693	51.548668
172.07678	33.75404
168.18935	61.15511
154.79062	36.860954
182.08205	40.50426
158.54076	57.308952
164.1102	32.12513
181.5903	56.565044
153.16402	47.611168
179.5756	31.998636
163.57446	63.79909
156.93272	30.473316
185.98157	46.28523
152.64243	54.57136
169.73357	27.440308
176.24164	64.53628
147.95624	39.283787
169.31464	210.01347
167.26848	216.89441
162.17772	206.09036
176.33138	216.75003
160.55391	213.99117
171.25838	203.64133
169.60411	221.7449
156.21841	206.2177
176.4659	209.81174
158.10501	224.38208
162.96869	197.75221
179.03061	224.8274
154.78795	214.97568
177.42223	197.6873
163.74844	227.85371
155.50284	199.55833
183.531	215.09396
151.3964	219.5396
170.486	197.05617
171.4825	227.28903
150.15245	208.14705
182.23593	206.78902
162.76425	139.87756
166.27988	125.684814
170.86911	141.08939
164.66928	133.49861
174.22023	127.87899
169.60287	149.7438
159.74265	125.00797
173.1088	133.78337
152.33829	142.20908
170.58759	122.41691
179.90666	142.06651
151.6176	130.36761
180.1725	121.71641
163.89441	147.01065
156.76698	118.76929
182.35072	135.6207
151.75069	135.8426
172.89603	117.395386
175.76859	146.9546
152.685	124.1625
182.05432	128.22116
158.22105	144.64076
165.35158	115.65452
726.8264	382.28174
710.8492	376.6816
723.18695	366.23633
716.1931	380.82703
710.1398	367.1673
723.53345	376.961
706.33484	381.37097
717.7835	372.76904
720.9734	386.48392
706.6769	372.15173
727.72845	372.46622
712.4425	386.80548
716.5268	365.50247
788.7909	380.64346
775.4034	378.28427
783.8956	366.96738
779.9289	383.25323
774.14154	366.89484
785.9895	375.66986
772.6726	384.5576
778.946	370.94315
785.1371	385.5845
770.3341	374.50064
790.0123	370.72137
165.64835	487.23584
163.15244	474.6822
175.41495	480.3705
162.389	481.92368
171.8588	468.44135
171.42796	489.0901
156.18777	472.59064
170.02531	476.41293
159.1185	488.87103
164.62517	468.18988
177.18326	485.92545
155.57211	479.76898
177.00533	473.50653
510.38736	379.7186
506.3296	372.37082
517.05365	380.5396
501.51172	379.97055
512.31555	370.32184
513.38635	386.47614
499.76993	373.28937
518.4263	374.0954
504.85175	384.0869
507.5494	363.88855
525.0928	380.5662
493.58325	381.32916
518.3142	361.70096
516.2852	392.00986
496.5412	364.48846
525.5325	373.88776
499.27548	388.48523
513.0287	360.90952
523.16846	387.33524
493.85327	373.29056
523.3147	366.98468
506.844	391.8846
502.49384	361.35052
176.40744	564.72705
157.48158	569.885
168.42075	555.0671
168.64622	570.90173
157.09242	559.24646
170.61983	561.71155
163.09335	572.7586
162.2421	555.473
174.72302	571.6202
160.3807	564.18036
175.2547	556.0834
621.7083	379.6283
619.61523	368.09454
629.55634	377.47003
614.8279	380.6394
625.5609	372.17258
626.7558	385.48236
616.9538	373.28024
632.3378	368.79196
619.45166	388.1841
616.9773	361.79456
637.3309	380.0476
608.0522	380.1349
631.6273	363.01355
625.2922	391.26776
611.0327	366.4228
636.76294	372.82034
612.72644	389.1597
625.1696	363.55365
633.5597	385.85602
608.68665	372.87457
450.65005	370.3123
445.54376	383.4392
440.78726	364.85123
451.326	377.81726
432.63715	381.94257
449.59213	363.199
451.66504	385.5119
437.8487	372.13965
457.49503	365.73422
439.15436	387.28668
443.2934	358.3151
457.58325	382.90924
439.5734	378.79584
453.93082	358.65958
450.1932	392.02386
430.67462	370.78143
460.32285	374.78983
432.7191	389.30417
444.36353	372.14313
457.96313	389.68237
429.14038	376.8858
463.12262	369.19797
443.87222	393.2355
433.84662	362.4439
463.5462	380.1965
556.3984	377.89963
572.51324	366.81335
572.0068	386.2816
559.074	370.60547
581.7017	374.5437
560.9733	385.2531
567.9493	371.8747
577.2943	380.9772
563.8615	377.7083
577.99884	365.02393
566.2662	386.911
559.33057	365.2429
572.27673	376.68393
555.3989	384.13425
569.7657	361.40332
576.68616	389.64325
552.8809	371.94556
582.9462	368.8461
565.2333	392.83252
564.0065	361.88983
583.0668	382.3631
745.8283	378.61566
755.75354	370.03085
751.9794	382.14957
744.6464	371.58435
757.06793	378.23215
740.9365	383.1463
751.1923	367.71964
758.30194	384.64285
739.243	374.70038
761.0292	372.79022
747.8588	386.5127
745.4271	365.61554
735.2438	122.105736
719.3607	121.01837
732.7274	107.66744
736.4025	128.77989
719.48773	114.45665
740.10034	113.67699
729.4855	130.8788
727.71106	111.12478
742.73303	124.524124
728.4192	117.03827
738.81995	107.72005
728.1561	123.908066
723.6695	106.84337
742.31116	118.234146
721.37836	127.446556
169.13931	281.0504
169.75366	297.33783
164.35477	287.3064
182.52106	285.50873
165.76595	293.32794
162.07564	276.4124
175.13907	291.41977
156.77597	293.7619
172.47717	271.51132
169.6008	304.31732
157.79794	282.4273
173.15054	286.28754
157.50282	301.0821
167.81544	274.98724
176.82912	299.31644
151.53003	284.66583
178.60551	278.35345
162.66159	299.34323
155.6419	275.74503
181.88245	292.4666
151.12639	294.31403
169.97685	351.67737
173.15335	375.40012
160.90561	359.66837
179.73695	356.81818
161.59454	375.43945
163.99312	354.46106
173.80856	364.49954
151.67531	366.75092
172.33032	345.97107
166.87186	364.23102
152.52213	354.83612
171.28796	357.9671
158.80774	369.11203
163.92575	345.34836
176.3358	370.13693
153.58578	361.39532
178.57187	350.8396
167.3373	372.25073
158.20174	350.1332
182.79912	363.82404
665.855	382.5374
678.29865	371.37497
679.36096	385.88083
663.0032	368.40115
687.8932	373.02484
669.5658	389.34894
672.1715	371.5222
687.1732	379.70377
666.26825	376.53265
679.77423	361.85547
673.95123	379.34363
667.3852	363.02866
681.22107	376.90457
661.5017	385.69122
673.10736	363.3411
686.99207	386.60886
660.2724	374.81583
684.0671	366.92078
675.43164	389.1964
725.1538	42.17814
741.98254	47.792404
726.0121	52.717
735.4784	36.127586
735.8181	50.788017
718.398	38.445934
736.0425	42.83225
723.036	57.66092
729.7474	34.84973
740.5316	56.253613
718.4893	45.812553
742.94025	38.88595
728.892	45.46638
719.61414	32.07923
749.4584	48.931694
716.8232	57.67382
733.9964	26.671398
736.5819	64.04378
712.35046	40.21453
748.9659	43.013073
725.5292	64.6963
725.5063	29.408966
746.1744	56.28715
713.6975	51.35553
743.11926	32.45434
731.96826	58.40381
160.39302	421.22403
174.03365	426.26556
156.60954	435.37286
167.6042	421.5919
178.3995	436.08853
162.77084	426.84174
177.15837	416.3775
167.68137	430.98676
158.9767	414.75592
178.40614	430.30353
154.5356	429.43927
171.53346	416.76572
169.36517	438.4078
153.41623	422.87726
179.62302	422.64166
162.8634	437.84433
165.36269	412.42157
461.5873	91.06125
432.6333	73.78031
452.40643	70.40184
445.33893	90.85386
447.49106	75.45721
465.88794	77.10974
434.0414	89.876205
451.7088	62.538185
452.3213	78.53614
434.9489	63.688873
459.2167	74.3295
439.0897	100.10036
439.84784	70.69851
468.4897	82.01387
434.37793	82.43864
458.5939	63.915913
452.0748	86.88814
428.8684	61.85749
468.56586	70.297386
444.319	80.442535
447.5454	55.53907
467.45166	94.55798
428.61285	74.80334
468.34717	61.64789
447.07916	97.32809
439.70044	56.67445
459.3852	83.760056
428.53473	87.241325
457.25497	54.62251
455.04883	95.990685
156.90544	519.8683
172.47256	521.2648
165.46048	527.9702
165.16708	518.692
174.00531	530.5727
157.6918	525.9836
175.66273	515.9347
168.37851	533.49316
160.50157	513.49664
177.1258	525.3081
159.88268	532.6196
168.6725	512.5484
374.456	374.5739
362.34076	371.40912
387.48804	371.04486
370.3549	382.88342
367.58014	368.77573
383.94946	380.75806
360.15775	381.1942
378.28082	365.3278
377.82385	384.22028
355.57147	365.0385
380.47064	372.73712
361.72375	390.70148
371.74463	362.85565
386.22153	389.54294
366.4635	377.21777
385.1131	365.03394
371.5023	389.00745
364.1937	362.6387
390.7615	377.6314
355.7635	387.2432
378.29193	357.05557
379.25662	390.45673
354.67923	372.58517
393.15567	369.62314
368.8528	395.46213
365.911	356.7259
392.00717	383.68237
354.64703	378.69788
385.3046	358.62433
376.7804	396.48257
