172.47617	431.02945
163.8286	435.72632
169.75168	425.5988
174.28	437.39478
161.65851	429.84393
176.7136	423.8203
166.37047	442.26544
162.18604	421.51505
181.78894	434.96957
154.9424	431.19766
175.03488	417.26547
173.00215	442.79688
156.9626	424.44565
180.90779	427.69653
158.74864	440.7951
166.36383	416.37958
730.5174	50.13851
717.57605	49.659805
724.1215	45.015602
732.4606	55.83952
729.12524	39.779343
738.35614	48.945545
721.356	54.33013
739.2656	41.463055
734.811	62.66289
710.4599	46.887627
751.0107	43.080875
722.91406	64.66925
731.67804	32.621845
739.106	57.684315
708.7385	53.43203
743.9374	39.129654
735.1581	68.91538
717.58826	32.817516
744.7993	53.690605
717.433	65.74726
722.9786	28.277176
744.8709	62.23948
713.36633	39.258068
740.1274	31.55515
727.7204	60.45691
723.4457	36.05262
751.8269	49.293373
714.55774	58.76579
733.07996	27.224804
445.46918	383.09442
436.59335	375.09778
451.7562	368.91898
437.66846	382.05844
445.0362	368.399
451.47818	376.68304
445.08398	376.31992
458.96674	367.73303
450.1729	388.85162
439.40512	361.72455
458.56104	375.84186
432.39087	380.30835
449.33813	362.0402
455.024	384.9512
433.86954	369.57022
462.3593	363.0075
440.25992	392.68304
441.32007	355.67084
465.11102	379.9889
426.5003	378.6153
455.37314	359.77377
448.4161	395.06274
433.35443	360.08176
466.15268	371.49014
435.30316	388.574
449.983	355.12936
460.92374	386.8442
427.07806	369.251
174.16061	558.3989
169.03014	571.4889
163.30098	564.49475
177.0374	572.0752
160.24576	574.422
169.11716	562.77966
173.57542	578.129
158.36429	568.64667
177.6142	566.0422
165.61215	577.8497
163.04013	558.07166
575.4923	375.5943
569.00006	375.8248
576.89844	368.37665
570.3493	387.4302
567.3893	368.94012
584.4498	377.99506
562.2294	377.23676
570.765	363.50366
575.3365	382.73718
557.442	371.97263
584.24426	363.3603
562.8941	383.96234
561.179	362.30484
588.9991	373.4685
556.33636	380.622
577.0836	360.17474
577.19354	389.78925
557.6565	366.11627
582.7589	370.54706
564.6615	389.78296
568.60815	357.43002
583.17096	384.77103
508.29474	373.76477
521.0387	368.2926
508.21475	382.2469
505.6778	365.41486
515.95264	379.70993
494.32388	383.24744
516.203	361.08026
520.96747	386.50943
500.51822	372.543
521.5319	375.71332
502.4355	384.1685
514.4762	369.35147
529.73004	378.8485
498.5393	376.86993
524.06213	359.97998
515.68427	388.25934
500.98447	361.0145
529.9001	371.87216
504.68732	390.23917
514.55383	355.9701
526.83276	387.04782
495.5384	369.13385
527.8495	365.30643
511.00238	391.39462
507.85367	359.08588
173.2613	483.4857
167.1514	482.95392
170.72357	472.24243
172.74191	494.2569
159.38287	476.74033
177.28828	477.35114
162.42754	493.88745
165.3016	475.1476
178.13039	488.2791
155.41727	480.8001
176.27135	471.57452
166.95963	490.26065
162.09244	469.85873
180.88481	482.25073
156.70215	488.28253
731.07166	113.0626
738.6329	126.741615
717.92126	116.63322
739.7842	113.03285
726.5557	125.876816
726.0824	109.166466
733.67065	121.735085
723.1337	120.180016
734.25415	107.25252
731.06287	129.422
721.2213	111.25159
739.5333	118.95758
719.60223	127.003494
744.2438	370.70502
755.52203	379.54245
737.67664	374.49252
753.2638	366.46637
743.922	379.8381
740.7567	363.85052
749.20233	375.24753
734.5929	379.35495
747.5541	364.16754
750.17175	384.26776
735.4178	368.4419
755.81415	372.41058
741.6949	385.62534
164.83754	519.0011
174.57474	530.8577
165.05325	530.2535
169.68118	525.9325
169.94315	538.37024
160.06522	522.05804
179.95143	528.0324
157.72617	534.17596
170.76482	517.89166
176.51157	537.29065
157.20872	527.2327
177.23915	521.0172
164.27318	538.6925
447.53677	77.11362
455.56293	82.849976
434.29688	82.04616
454.8382	52.094227
454.59775	99.08727
435.55206	72.40622
453.33832	71.069664
452.33096	89.0114
444.96704	60.075165
461.26996	89.71278
445.3797	65.48076
476.5689	63.408546
448.2774	81.53814
439.11002	58.227123
467.58722	76.43825
441.49347	81.54801
451.9603	60.614624
466.94058	93.3168
428.3203	78.72819
460.80777	69.20558
431.74243	87.12175
438.20694	49.676712
465.15656	83.20465
421.4852	76.660515
463.7588	60.6238
444.45807	96.42194
427.52563	71.03638
469.75934	69.44842
438.9755	99.79154
443.9897	47.74648
716.0556	383.79062
704.28284	372.4516
717.6315	368.98358
707.1232	378.18524
702.34265	361.68134
712.98303	377.10657
698.7396	382.87704
712.34094	366.96915
710.3019	387.08295
697.0913	369.09286
722.2917	371.40424
704.3053	384.81293
706.11426	365.52618
722.0135	379.58588
697.5934	375.39197
714.6073	361.4871
168.95218	237.64035
155.24234	226.01291
173.9739	226.46622
163.40933	237.82687
169.71764	221.3011
175.7867	239.47469
168.23553	230.03992
176.46494	219.99057
172.04024	245.38985
163.6365	222.63806
182.5442	236.9292
154.2325	239.97104
172.07541	212.86551
172.5514	249.43735
150.93866	229.77913
181.25626	228.89462
157.0759	246.52475
163.3079	214.06425
182.27939	245.42776
160.02672	231.89082
183.98582	220.15408
163.6524	246.59636
156.22757	216.07056
187.11443	233.92984
150.69792	234.63245
623.80804	368.24747
625.44745	387.37503
616.7069	372.03024
634.1717	371.32608
617.75665	379.8559
616.882	365.47174
627.2008	375.62085
609.0245	377.4151
627.6701	361.2582
623.6855	381.5866
609.60266	364.93057
635.3998	377.27396
610.658	383.53998
620.3476	359.75507
632.6257	383.45123
609.444	371.60098
632.9447	365.71945
617.69653	387.43716
162.21805	294.24435
172.67351	315.0632
157.52414	312.84393
170.44615	298.24933
170.33739	324.32468
158.8262	303.7728
184.84245	305.54684
159.84764	321.63837
166.00015	304.22137
182.79434	317.6537
163.65536	310.3451
176.4812	297.411
170.10591	308.9709
156.88388	297.5788
179.53392	311.1659
153.53745	316.74136
170.15987	290.94406
177.05246	318.57513
152.60387	305.7822
179.44641	302.3775
166.33585	319.24506
165.37335	359.82016
175.00061	376.1729
158.81715	376.3343
171.88211	367.11545
168.53557	376.58173
162.1632	369.6309
178.536	371.00684
163.27892	381.5653
165.79897	365.49896
177.39752	385.9198
154.65013	371.29166
181.7751	365.0346
164.94449	386.79947
155.8854	364.27142
182.4073	379.32916
155.59714	381.75183
173.64726	359.8181
171.642	384.81946
361.11926	371.91684
385.74115	366.6065
367.41864	389.60104
369.82825	371.39694
379.67236	379.69992
368.8692	380.226
379.45343	363.21698
375.71698	376.0306
366.29095	363.91635
387.3984	377.0335
360.93546	384.53186
378.71796	370.02203
383.94836	387.2204
353.5333	371.5999
392.2111	362.70657
374.49896	387.41745
371.5197	358.82565
393.57205	378.0219
354.37897	382.1015
379.4439	355.91855
381.47202	392.63046
357.4128	364.9419
391.16312	370.18234
362.50983	391.0657
371.5256	351.88828
392.59506	386.6184
361.19476	378.10226
385.27878	356.98456
374.81958	394.18988
362.06702	361.05515
669.33606	372.74408
656.2998	384.7182
669.45734	365.5723
671.27985	379.82452
652.6615	370.42133
676.485	366.854
663.8666	379.98834
660.82874	368.6399
679.1205	377.71194
654.3245	377.70718
673.6514	360.87625
669.58215	387.22458
657.29425	363.30942
679.0577	372.0591
662.9601	387.1369
665.0688	360.63016
677.88513	383.87057
660.5411	375.20453
183.74641	135.73734
170.63219	149.75952
161.52255	144.28012
170.98642	142.56442
159.42621	150.45015
163.36588	137.69783
176.70073	162.2247
152.6886	137.93927
176.18803	141.64522
167.12169	155.97203
160.22122	128.17073
175.15054	154.2319
150.27164	154.4202
171.22226	134.51822
167.51651	164.25644
158.35852	136.48352
180.17264	148.05464
156.286	156.83922
173.22722	127.6954
183.0723	155.56224
155.5564	146.67697
187.06987	142.64381
159.55273	162.61247
165.70859	123.97787
189.5138	150.88327
148.12883	141.5856
180.64838	128.61705
175.4353	67.43541
166.98247	51.36662
178.71884	44.707485
159.32065	54.10549
164.59784	38.114
187.2832	63.596466
159.0856	45.147972
175.08713	37.451622
164.94125	60.93499
151.5992	32.29269
185.65897	55.925556
153.87784	54.170277
170.0881	42.22338
170.46329	57.94341
147.36957	43.094986
189.98871	47.821987
159.55247	63.35263
162.46387	31.436258
174.5304	51.781452
146.69467	57.202904
178.66641	32.588997
176.32137	72.50765
156.74869	38.63362
183.62886	47.684666
154.13504	67.01926
170.17502	30.08985
177.81998	60.534325
152.63364	46.710663
184.71242	38.545937
168.39162	67.89724
772.28687	367.45844
785.7045	374.21548
773.7183	376.9997
778.7078	371.49738
782.01044	380.7919
766.7766	370.5373
788.0146	369.1636
771.9853	385.23346
776.6478	362.64825
788.453	380.32254
767.96466	376.54926
783.3627	363.95966
778.4719	384.4764
