780.86847	373.2679
775.22034	376.49432
776.7454	366.2439
784.23816	380.51883
769.16797	372.00897
787.0017	369.17612
773.3789	383.84653
770.51965	365.83386
788.9154	376.44217
768.41455	378.69916
782.80493	364.18576
780.0252	384.52054
163.6835	284.92862
169.56494	281.0191
163.56558	299.72247
161.08073	277.80927
175.17093	287.5201
157.5452	286.62003
174.43951	278.17996
168.17003	290.80646
157.86684	272.0916
181.59831	287.193
159.7393	293.4131
172.14395	269.5943
176.66272	297.2241
155.16061	279.3537
182.29314	279.30194
170.03978	299.37167
165.90816	267.9286
181.99803	292.0326
152.5353	287.9666
176.6395	273.16083
166.68889	355.48517
161.49207	348.33246
174.6175	349.77258
159.42206	353.43076
169.11256	347.61456
173.15941	357.42807
153.31377	349.87595
180.70743	340.70914
167.11948	363.4507
164.91055	343.3386
184.1797	354.54333
154.69815	359.5311
172.83794	338.35284
173.93695	366.86163
155.54149	342.70465
180.71883	347.8689
160.35493	365.0806
164.9235	337.0683
178.78242	359.98267
163.60118	46.40507
178.60608	41.69905
174.07188	59.60509
163.27582	39.90489
170.43623	48.864258
161.73474	51.270824
171.0606	40.206936
168.37111	65.04072
156.13754	35.99297
184.48853	37.398506
166.54153	57.33374
162.27835	29.40719
177.32332	48.862343
154.75858	51.29339
172.31464	32.46837
179.15787	64.44914
149.27084	42.894966
190.11372	43.09735
157.15643	58.787678
172.3128	25.557335
182.9957	57.3816
154.88908	44.23916
178.44162	33.983337
162.45953	66.66399
154.07074	31.000265
186.37027	49.914875
149.05577	55.686058
170.02426	206.55307
172.17632	231.20891
151.79335	206.91919
176.03932	205.37827
165.46762	220.9054
164.53476	205.7918
172.30345	212.97932
161.76819	214.7063
175.91226	198.66946
170.62527	218.30779
158.98953	209.4318
180.11768	218.02617
160.66122	225.84856
168.01804	195.5788
178.09824	224.41385
155.0366	215.00076
182.37772	205.10506
167.66666	226.61826
160.39775	198.14194
185.87149	213.01106
154.26868	222.62149
374.57468	363.4043
372.35513	382.53815
364.30927	371.4352
380.3946	372.11316
368.0806	378.67578
370.74698	371.03143
379.02936	381.33035
359.30994	375.5011
381.70502	365.4388
369.54776	388.83047
365.71692	360.77545
388.52667	371.0225
362.279	382.87296
377.2215	354.30258
382.47415	386.0655
353.76797	371.75375
388.11743	364.2729
366.62762	393.13843
360.36874	357.34622
386.81146	381.61462
353.20447	378.9686
383.55008	358.0301
376.85767	392.81534
360.55704	366.15686
393.8029	374.00214
361.87924	389.59198
371.12192	357.51767
384.38248	391.09634
611.87524	372.53522
626.5611	368.992
614.99036	377.40817
612.6087	359.58432
622.3066	375.8682
606.9802	377.4798
620.20886	368.1363
621.8249	384.12894
601.6848	371.35657
631.78577	372.18768
614.2184	387.0105
613.9822	365.34814
629.077	384.74713
600.85876	379.5815
627.02155	361.67856
619.6911	389.59796
605.539	365.34106
630.4857	378.76022
607.64984	386.08636
620.80493	360.27518
712.28723	378.1074
698.83325	372.97906
720.75793	367.60913
707.7536	383.516
708.6365	370.77728
722.37	374.85275
704.2978	376.89484
714.4649	364.14276
713.6848	385.93866
701.2515	365.8156
715.65063	372.68915
700.66705	382.71844
708.0369	363.0973
719.8031	381.72067
559.62366	374.2067
573.5828	364.9721
558.9535	380.82672
558.13794	364.91718
567.8341	375.1614
548.08746	378.03223
565.58997	369.90604
567.6256	384.05194
549.6991	370.13995
578.87195	370.22626
559.8312	389.07483
564.39136	364.43744
578.448	380.46045
553.74255	375.1743
570.08044	359.5547
568.79333	390.19952
552.0245	364.62396
574.29706	374.5507
553.8175	386.791
560.3043	357.53577
575.2572	385.224
741.3728	374.01764
755.7309	366.54987
745.2023	385.33844
738.61633	364.7094
756.381	377.41846
735.06915	378.83
749.7055	367.23257
747.3551	378.5728
735.3402	370.67584
752.9459	372.66977
739.96814	382.48755
744.8447	364.06223
753.1561	383.67496
165.64902	131.41322
171.25563	129.1412
170.8996	142.32393
162.66951	124.7875
176.28075	142.48001
156.8957	140.8192
170.66916	115.17285
174.22978	149.32205
158.91158	133.95995
176.30344	124.604454
164.0723	140.68593
156.98576	121.67427
180.71358	137.88968
150.5532	143.70851
179.5161	118.34945
171.6101	155.00363
154.62924	127.00586
178.67271	132.09421
157.55162	148.93497
168.16122	121.34707
185.52673	144.13004
151.26834	132.79692
186.8169	132.93498
165.1824	149.33151
659.42664	361.7954
671.61816	373.678
655.8173	380.7001
669.3766	366.24554
671.9361	380.6523
660.8702	373.32916
676.46094	370.02893
664.85065	385.30405
664.11426	366.49017
681.1955	379.68872
665.5607	377.98517
677.86707	363.6163
670.8491	388.5397
654.0793	367.40887
681.94855	372.90726
658.80115	387.02063
669.3742	359.18167
677.444	384.9032
652.95447	374.3996
734.0204	39.297928
730.16077	60.750385
731.03723	44.859226
737.84216	47.231487
719.28864	49.810497
739.8817	26.49086
728.26514	64.7405
718.49207	36.96618
744.6919	45.792763
727.80615	50.323074
729.2593	35.878952
736.4208	62.846336
719.1086	43.37225
734.58276	30.377615
733.322	53.724926
714.859	31.419224
750.9606	42.829014
713.6087	56.01586
729.7467	26.4642
748.69446	53.750317
710.95447	39.80141
744.35114	33.2062
720.54065	58.956
723.80457	31.527264
740.9833	54.353493
711.2954	49.867397
511.98468	368.5594
506.90707	382.19806
495.76913	369.82233
511.40674	376.7009
503.30365	376.65482
505.73926	363.8648
513.5135	383.99506
503.8317	369.7966
517.3269	370.6667
501.3913	392.43646
498.08984	363.76636
517.9915	381.44098
490.1391	380.13602
508.10425	358.41046
514.4088	390.00604
489.60196	370.30606
522.4198	366.026
496.48837	384.14557
500.0873	356.80402
523.7194	379.3286
495.46674	376.5069
516.1934	361.591
505.72006	389.16403
160.20908	461.55542
174.06906	470.51123
160.71902	483.2408
169.92581	464.6916
173.94913	483.01398
164.21548	471.11288
179.4849	468.0122
165.96274	478.83612
166.1996	460.52036
178.9838	476.5429
158.62175	475.20966
174.50655	459.73843
171.43549	476.5949
156.11261	468.10693
737.27094	118.07143
724.63074	124.29708
727.5163	114.38448
740.17725	128.00046
719.13074	118.694214
734.47864	111.43364
733.1826	130.74667
721.2283	105.77321
742.2445	120.75215
717.2652	125.81364
734.5274	104.210754
730.06256	120.16752
718.1134	112.36902
742.0426	112.517555
725.4872	129.94084
726.952	107.79933
461.13004	70.25947
423.75073	83.59303
470.5978	70.42201
451.11026	94.417625
436.98203	60.963806
463.70184	92.04171
437.43768	83.8187
456.7421	62.58214
455.021	87.26886
445.39142	76.04877
451.6181	66.06662
449.10864	70.95903
435.76715	53.60014
471.85092	87.03283
437.89484	76.190445
463.88068	62.02898
450.70636	98.74694
424.02008	74.861534
475.08795	74.2787
443.07355	99.06909
455.4002	55.796276
451.8531	78.26382
429.87662	71.54463
463.5772	51.95521
440.78754	91.15987
431.48886	65.3013
462.14282	76.87678
434.52206	92.86622
447.00092	52.16859
177.42049	525.7545
161.84526	518.071
176.2438	512.08734
166.02455	523.82196
165.13712	512.73834
171.93889	519.60693
156.64238	521.0055
172.25307	507.2914
171.4276	529.7198
157.36069	510.4952
179.74014	517.7558
162.31485	528.73505
166.9974	507.92334
449.7063	380.4812
436.68756	378.25327
453.15118	362.24542
443.93173	382.15564
438.3919	370.75507
444.70435	373.71506
429.53558	377.25748
446.09644	366.20306
449.14923	391.00754
432.92633	370.62274
453.16992	369.13385
436.2859	386.22156
439.75186	361.47223
460.53522	381.38672
423.15765	375.19907
453.0568	357.38748
443.8352	388.8893
425.93637	360.90912
457.23325	375.79022
429.34424	386.63953
446.51578	357.41806
455.85736	387.2489
426.9681	368.9145
461.0411	369.7631
438.7872	392.30194
436.38495	356.84525
180.30495	419.59164
165.81212	416.81683
171.43651	405.82867
166.40962	423.60205
156.70563	407.92102
180.53827	411.5707
161.25284	428.51837
164.88716	410.43512
180.04884	425.60767
155.05867	419.97955
180.24295	405.1062
169.796	430.5561
161.97246	401.46066
174.2338	414.6618
156.95436	424.3037
169.72691	401.20758
172.82095	424.9803
156.3471	413.57968
169.716	559.2757
165.31438	570.86615
161.93425	554.6554
177.62735	563.8403
162.89755	562.3795
173.2645	551.3254
170.28421	567.0368
157.05795	559.00525
178.48093	557.3686
158.62944	568.5001
167.13737	551.51324
175.54211	570.8842
