169.11343	407.85562
163.88483	415.00967
163.85089	403.47745
170.87996	414.84985
160.24368	408.592
173.9584	404.48297
165.47397	422.58487
162.31596	397.58856
178.52432	417.10855
153.51172	414.40634
172.93594	398.70667
172.98187	421.39716
154.7012	404.70624
179.54451	408.22177
158.31442	420.3797
165.09433	510.85254
177.17653	520.61084
160.97934	514.4904
169.93504	508.37036
167.2258	519.78723
160.31711	503.85333
175.0839	513.71765
155.81775	518.9672
169.48523	502.03046
171.52953	525.26385
155.16745	509.73935
177.37904	508.43646
160.60892	523.457
446.87418	364.72437
454.27637	376.57278
442.0232	376.64883
456.7998	370.24295
453.33878	383.25388
448.03583	372.31525
467.58453	376.49136
446.3902	382.87015
454.36407	361.7783
459.02335	389.23004
436.98746	376.90488
467.66937	371.61603
443.76392	392.3523
436.89575	360.63882
460.76913	380.70047
433.9394	386.04187
453.75922	357.25653
455.5892	395.57404
432.42804	370.4655
465.64804	365.94925
438.74713	389.72076
444.26767	360.18558
467.5799	389.5573
433.40146	381.10724
461.60394	359.77237
449.337	392.85425
438.85626	368.8409
469.70795	382.1865
616.96643	377.29755
620.92804	367.40298
625.0981	380.963
612.48206	372.80167
625.2725	372.9891
619.3589	384.92477
614.45544	366.09427
630.6665	378.21674
609.07837	384.66376
628.4173	365.75085
624.0041	389.25894
607.9188	369.75415
634.09375	372.8298
614.1946	388.06952
619.9926	361.62885
632.2709	384.5417
606.9118	378.1663
749.63727	373.15012
742.98065	378.67853
738.6343	370.30878
749.73865	379.579
736.51184	383.19376
745.12494	368.79056
746.8142	386.9129
734.16693	372.81866
756.13446	373.85562
740.26654	387.815
740.5255	364.13434
753.7598	384.40424
731.7892	378.67328
750.8207	365.55954
522.9967	384.96307
510.54654	371.15192
523.59375	375.16815
512.4791	380.53976
518.1222	372.25525
527.8494	381.59552
504.51373	373.6577
523.53455	368.08966
516.9176	387.37616
509.45517	364.4267
531.08496	375.3461
504.19962	384.47012
521.3565	359.56165
525.2333	390.94046
502.68326	366.77332
532.4007	369.9709
509.6797	387.6534
515.0043	361.78748
532.5749	383.67276
501.206	379.09116
528.39453	362.98178
513.6459	394.26627
722.92395	116.170105
733.68353	124.758156
724.1253	136.25406
731.2933	114.14272
737.5421	135.87845
721.8602	124.30992
741.3026	123.70305
730.45874	130.11562
728.1274	121.00089
741.48645	130.06027
720.3122	130.28055
738.3844	117.03853
731.59717	136.28947
727.7531	51.63145
748.29266	47.65989
723.67615	59.438396
722.2239	47.082676
735.9332	55.78108
737.73206	48.098095
731.157	42.924934
731.2367	60.296455
724.39197	38.775944
741.9478	57.556053
712.16565	58.12204
732.49506	36.82993
737.56555	66.01576
715.0316	44.024746
753.3502	45.792576
719.8409	69.62507
724.9467	32.5297
750.42236	61.733814
719.00354	52.712883
740.09656	35.47915
732.169	71.68242
716.8558	36.70072
751.14465	55.488884
716.28986	63.08908
734.6891	28.64884
743.7994	67.506355
707.9025	50.963787
743.80396	41.603523
726.6517	66.832664
162.80856	551.85
173.00146	558.6012
163.36014	559.1699
174.41238	547.671
168.85318	565.81995
156.94012	549.31384
173.83388	553.5184
161.27196	565.4123
167.16083	546.25476
175.32358	563.5023
156.01038	558.9906
173.51581	289.7675
165.69124	298.95193
162.48557	288.286
171.01201	295.65485
156.90694	298.41446
167.78004	281.46442
174.18217	307.11053
163.36197	293.54132
180.71393	289.26685
163.17928	308.16116
159.44757	280.9113
178.08661	302.4268
150.65129	297.7298
173.82834	283.35095
168.86873	307.8496
155.21353	287.10382
178.88475	296.6726
158.3555	305.4993
171.27713	139.39784
170.20378	155.78394
164.03413	143.50455
176.3433	142.0426
161.88632	169.10942
154.72446	139.71469
180.36319	153.52765
159.74472	157.44995
163.38263	152.20139
165.16669	159.6412
154.43762	146.6448
186.32083	155.32784
155.57454	163.98685
163.96396	136.28377
180.74203	164.20338
147.44293	156.0438
182.06027	140.00003
167.76497	167.87466
157.87083	131.20905
172.44293	150.25485
153.01903	159.12248
169.75375	132.0746
173.66731	166.04292
150.79204	151.21245
183.82333	145.92293
451.27655	65.539505
440.09076	69.04527
452.1212	95.002396
436.42242	84.45811
463.90204	66.09086
458.5418	97.70774
431.10272	75.55125
453.72617	73.82137
431.024	89.43334
447.27863	62.315563
465.10165	85.37254
451.37436	86.86442
469.75897	73.96696
441.52417	88.96732
437.5351	63.01646
447.3062	78.94678
439.54395	75.13861
452.22363	57.343864
443.53418	98.467636
431.1311	65.80023
460.45026	75.71777
438.01767	95.373726
451.71625	52.2676
470.039	79.541
421.15582	79.62796
464.58115	58.281654
468.07242	93.48186
434.10284	53.690865
476.69385	75.955185
428.2072	93.202255
706.65686	371.02618
710.3603	384.9858
701.23804	373.82794
714.8866	368.89658
701.724	381.74677
695.51825	367.64914
709.29846	378.09326
694.36017	380.85617
710.1177	363.99347
705.9919	389.7813
694.3544	373.7362
716.49286	375.42606
698.44257	387.65027
702.8079	365.20822
717.5725	381.98218
164.29568	465.3121
170.5198	460.43326
167.37544	470.81073
159.51434	454.5666
178.92166	466.3943
157.56754	472.12198
166.4737	450.88495
171.12735	476.5157
152.6598	461.111
178.46423	458.73715
162.86346	476.48682
164.36542	458.39435
173.50536	469.6093
157.02321	465.3454
174.0402	453.60736
169.25603	361.77948
158.51147	349.97293
173.5017	352.72284
158.5073	366.51483
167.1124	351.66437
173.09872	358.43005
160.80646	356.36417
174.7607	342.57108
164.42123	368.20447
160.55931	344.47723
179.50333	361.97552
155.18918	360.8553
167.2242	343.57385
172.12894	368.48615
152.70676	350.39526
179.56786	349.89325
658.5314	384.2468
663.06506	365.24152
675.0579	385.50357
658.818	377.3122
669.4702	363.68503
666.59186	379.73712
654.57776	370.33453
676.7166	373.51215
651.6419	382.13983
665.4873	372.70215
668.07806	389.01703
652.93805	375.44952
673.1234	368.364
661.7622	388.80252
656.09094	364.86316
673.4957	379.461
358.27658	383.5373
384.16797	360.2631
376.9104	390.0051
355.2154	362.47455
380.1286	372.96194
365.1197	386.72943
371.76773	371.859
385.8611	382.48785
367.02045	379.26138
384.14786	367.2654
373.46008	384.37845
369.76093	362.64325
379.02414	378.7336
352.92383	381.2477
374.8471	364.1186
382.05472	392.02872
365.60834	372.7729
389.61298	373.35858
364.76483	396.78082
366.71576	355.2812
391.60544	385.1684
353.60477	373.56555
391.37848	361.70856
373.43686	395.13654
362.80817	362.018
394.82098	378.0999
361.20557	391.7332
378.5444	356.97214
388.58698	391.12225
359.54926	371.48358
180.81271	220.95415
160.35265	238.27151
161.55716	215.18216
182.11455	234.17361
160.47723	231.59433
168.52641	229.95364
172.07253	244.69116
158.40634	223.19763
172.90298	223.41284
161.55203	244.507
165.58952	224.34879
177.24113	239.32231
149.36577	230.3626
173.9913	217.02383
168.72374	236.38445
154.19334	219.71603
174.39053	231.01978
154.50775	235.4041
168.50903	216.68893
786.5145	384.40112
772.26135	375.04404
790.55145	372.29047
778.8018	379.85544
777.50665	370.0432
790.1601	379.48624
769.40265	380.37463
786.5754	367.2206
780.34753	387.8634
769.5067	368.90967
783.5833	375.4272
774.3286	386.26108
780.1358	364.83734
581.43396	387.00958
570.15	376.44397
578.1193	368.08987
567.99536	385.23227
565.38605	363.30402
577.9508	377.48062
561.0862	383.4926
572.203	365.812
575.0354	391.11838
561.7091	374.5441
582.4332	371.4501
564.994	390.9299
567.28876	369.81888
586.8916	380.34076
557.2914	377.8217
576.8182	361.15488
575.18365	382.85934
559.1729	368.00375
586.21387	375.04465
157.7443	55.306263
169.07681	34.029778
174.01509	67.07116
169.98747	58.374947
169.52031	46.03396
173.06096	49.445415
161.1269	47.143055
174.87883	59.50055
146.22343	62.091736
176.29369	33.431847
160.57903	61.75817
158.12244	50.52686
182.0394	50.805965
154.40556	74.01488
163.75769	41.103992
180.62918	65.551765
144.01924	43.98194
181.30032	38.018333
167.67406	78.14262
151.24734	37.898277
183.29398	57.58448
153.86993	65.86415
178.80856	44.54141
176.21548	73.23544
153.1365	44.63757
188.69319	44.33866
164.44193	70.02
156.99931	33.6769
186.14148	62.303596
148.34155	53.329967
