178.54855	489.87622
170.41032	492.18213
177.68727	482.66895
181.32101	495.81616
168.07106	482.61823
186.1416	483.09457
174.29619	497.7875
172.54196	477.75763
186.80304	490.88477
167.11002	487.8225
180.58507	477.24457
669.8005	378.52444
663.6858	377.28732
676.74194	374.79993
665.119	384.5209
665.23517	369.96365
676.6184	385.38098
658.0387	380.2782
672.1729	370.25845
669.19147	389.78052
656.0254	368.17825
679.51355	379.69327
654.32587	384.67932
672.54895	363.459
675.31274	391.30975
654.7239	375.00775
681.9836	370.40796
662.1256	390.8669
661.9882	364.22537
179.43018	566.60925
170.24828	570.83386
180.75548	559.5863
178.82457	574.4994
169.50992	560.09155
187.0089	565.02094
172.93936	575.96716
175.57619	557.2516
185.24013	573.3934
168.43349	565.786
611.7953	377.30194
606.9564	384.07764
604.7793	369.14288
619.31415	381.31256
606.21405	378.5911
614.63074	368.82672
613.37396	388.1045
602.9066	374.36047
619.8133	372.20825
605.9044	392.26685
606.51654	362.71457
626.4894	382.56854
596.6551	378.44427
620.7177	365.1026
613.37384	394.38593
596.5856	371.4103
626.7008	373.35052
598.32764	386.64923
613.0582	362.2469
620.2672	388.53433
860.0545	378.69653
874.18945	370.71835
864.3812	385.20898
862.50256	370.09628
875.0531	382.31012
857.734	384.65427
867.9538	369.32993
870.076	385.30945
856.942	373.2325
872.70624	376.56705
170.09323	155.33752
173.60254	147.4863
178.39288	153.99161
170.63124	140.87646
191.76784	143.11612
173.29765	161.4202
167.7684	135.41618
188.39438	156.03008
161.54063	158.43999
179.54611	140.33188
186.3194	162.06303
165.5726	147.6587
184.52376	150.38715
173.42427	168.50668
175.01155	133.36403
195.22131	155.17128
158.69048	152.26022
187.5139	136.55698
182.30344	167.06339
159.78299	141.59917
192.46085	148.12271
166.49039	165.3758
180.90698	131.80371
184.89731	377.63528
167.44939	365.20026
191.53142	366.99933
174.8449	381.1823
175.5391	373.61627
192.10654	375.6092
170.11378	378.98392
182.8353	365.69708
180.14908	385.0616
164.25395	371.59488
183.44426	372.40363
166.09294	387.04523
174.65712	363.10983
187.14328	383.9095
164.76147	377.76746
182.00412	360.24445
174.00024	388.18384
168.81999	359.8196
478.5594	79.94429
468.2396	86.39392
479.35043	68.90868
484.4689	79.945564
464.7001	68.66243
499.5424	68.38305
471.3189	99.213554
471.97763	73.33425
489.0546	88.530594
468.58392	75.99066
484.73544	64.37846
483.24356	89.90681
455.14484	60.527832
490.79526	71.27811
463.31894	79.67246
478.76797	60.587708
492.47095	94.57935
479.08755	95.21303
496.54086	59.179543
468.39697	102.24518
467.60498	61.4069
494.45386	77.018295
457.5687	85.30667
491.71283	49.961506
492.53027	102.740616
458.20502	73.3159
501.25253	81.64036
463.8251	92.39736
474.04468	57.902687
504.2499	94.15673
769.7717	45.499935
787.1227	46.401917
781.84015	66.406586
777.6461	47.696747
785.1857	54.550804
776.8919	55.25233
780.0863	41.23696
787.2991	60.766926
762.783	48.06117
792.6738	49.621635
774.99866	68.21422
772.55896	39.35832
794.2254	58.960808
769.2231	56.36743
792.7887	32.924004
789.6177	69.137405
763.3608	39.926773
801.2417	46.336918
768.4499	66.08706
780.15686	34.32069
796.38513	65.628525
757.19415	54.190453
794.59485	41.417915
780.65735	72.956795
774.2669	32.681767
800.60406	54.462128
763.0377	60.327705
787.8168	37.976067
805.5072	382.18967
793.95044	375.90662
811.83215	371.03235
794.07306	385.29303
800.8793	371.8467
812.1908	383.9336
797.11707	380.54572
805.3032	368.77362
802.12836	388.0409
794.8174	368.75513
809.89465	377.0429
472.0569	389.4704
474.0458	370.75287
494.20566	390.4035
473.9589	376.27957
492.72696	369.43204
478.32935	384.93475
472.69122	363.46432
490.43304	382.00885
471.15472	381.22238
484.3811	367.169
484.05695	384.28043
465.33258	372.794
491.3832	374.7936
474.29843	396.31006
478.14972	361.0611
497.99487	381.9197
462.68033	379.75473
494.98007	364.94452
482.576	393.4799
466.39673	364.9997
483.3939	374.23907
466.1857	390.23297
484.48618	360.0304
487.97992	392.32736
459.93994	373.76242
183.94237	523.92413
175.25288	538.29254
169.75641	519.23254
182.82974	537.37683
172.3246	529.6373
181.64462	518.1053
179.11401	530.4166
168.58159	525.2359
187.38844	528.7547
167.44937	533.97015
176.2223	520.40173
401.9627	375.56512
394.77826	378.17484
404.94443	366.7778
392.8275	391.13358
385.93304	365.48428
411.2412	382.11536
395.2778	383.27274
399.6135	370.05713
403.5674	385.77655
387.617	377.26636
410.72998	374.18707
382.9509	392.02158
393.372	368.379
414.0432	392.93994
380.32785	377.3005
410.89752	361.14612
398.6944	400.83002
380.50635	361.49158
418.51523	374.8874
387.90033	384.1859
396.2745	363.47525
407.45404	392.01727
379.6879	372.15616
414.04688	368.34155
390.2801	396.49445
392.21085	358.03403
416.87775	382.0301
377.82028	384.2347
402.7386	357.6892
400.70477	393.07208
165.84364	298.05075
189.64809	306.9284
170.75142	317.89255
175.15521	298.263
182.47128	314.37433
171.06094	304.29218
185.2232	292.67432
175.47697	309.59338
169.1398	290.90118
181.46547	304.5124
164.49019	316.28363
184.42453	299.01556
184.39911	319.11383
160.92378	302.43185
189.94969	300.1758
175.84634	317.5602
177.326	290.0655
192.065	313.46072
164.30647	309.1103
180.085	429.8829
177.87033	446.15143
166.50516	427.32343
182.45384	435.38623
170.96524	450.5467
172.64436	433.65976
188.01216	445.0307
169.37753	438.48764
189.74265	430.85995
173.75272	441.6259
172.73558	425.1273
188.99094	437.36713
163.65936	443.56964
181.38828	423.5626
183.65897	450.09155
164.0242	435.1668
192.88483	226.82718
163.17245	240.85681
177.8086	223.72563
181.7963	242.52324
170.26826	232.2874
182.75826	229.67337
176.5928	232.03183
169.19044	224.74956
188.10936	237.22098
171.94522	240.37039
177.31311	215.31223
189.3684	245.99756
164.42482	230.37036
188.75484	221.30258
171.18054	247.2417
171.45193	218.01285
192.42117	232.32426
157.96248	236.05734
182.89993	217.20322
176.71329	247.5968
162.32936	221.47314
558.2194	375.11182
542.8029	384.68378
546.9543	377.0532
552.5624	382.49774
532.7501	375.49744
555.7829	368.8504
548.89484	385.85574
537.7691	362.86044
565.34033	385.5278
536.7118	389.19006
549.04456	370.68622
558.3573	390.4818
540.1697	376.8714
564.33795	367.20746
544.2977	392.28256
546.3057	362.26407
558.91064	382.23038
534.4724	382.5067
553.2772	362.38983
551.94775	393.48068
536.5608	369.0155
563.5455	373.1312
828.25977	386.2854
834.3831	367.81125
844.141	383.072
829.9214	375.28812
845.0698	372.6753
833.88916	381.54968
827.5804	369.68918
841.0529	378.02112
824.9928	379.48584
838.9077	371.85373
838.1287	387.46585
708.2849	373.12708
721.8298	376.6656
719.3163	387.0841
717.48376	372.33173
729.61096	382.60538
714.7237	380.31668
730.2508	366.66605
723.47186	383.55515
710.883	367.12512
728.2268	374.0625
709.39685	386.94733
722.7409	365.3129
729.18445	391.14154
708.2582	380.14313
735.7042	372.48233
716.19885	392.4315
717.64246	363.66537
735.48224	381.38458
165.16425	64.98043
188.47157	35.341244
182.64566	49.063976
166.37553	41.607613
190.7269	49.78132
167.22006	74.67678
169.01682	46.93045
193.19077	68.9215
165.78409	52.620026
188.22067	43.539314
174.1201	60.81722
172.67493	31.37112
181.03726	57.49839
175.7326	52.571228
173.98697	45.829628
182.60959	75.032326
155.99672	41.889038
198.93155	51.37089
175.45583	73.51852
176.62837	35.128574
194.16927	55.46468
155.61304	57.34201
193.41331	40.50378
171.45128	67.933876
159.46123	49.161903
186.9927	62.127666
158.1653	66.18115
179.99223	39.354805
185.36887	69.40792
762.16406	376.34882
772.6734	372.57513
764.7917	385.72443
762.6901	366.68695
776.2757	381.91693
757.2102	380.79065
771.70557	366.9958
769.1661	382.44952
755.23987	372.67657
778.5352	375.80508
759.34155	387.6325
766.80853	372.9016
773.733	387.853
