169.68613	127.54893
157.99973	135.58237
161.53618	121.67383
177.22418	127.395615
161.92754	128.54037
173.29266	120.04213
163.41286	137.05507
163.99942	115.19613
172.3898	135.79123
149.17159	132.36674
169.65155	113.76481
171.82655	144.20303
148.45163	120.830505
181.26866	122.06368
155.26015	140.79872
161.95738	108.09762
179.06331	137.6696
155.60672	126.18915
177.3278	114.93459
166.25032	144.69121
155.40646	117.00499
182.77068	130.95215
162.37291	528.279
167.5281	522.1184
172.2034	528.483
160.39566	521.63684
177.09749	519.21063
160.70703	534.4394
163.76578	514.3079
177.614	526.7001
154.71085	526.3646
171.0173	514.5298
168.68271	533.95667
156.77399	516.34216
496.9357	375.77954
487.30997	379.68643
496.69736	369.07358
497.0229	383.14078
491.5708	371.0018
504.1607	371.70862
490.69403	386.18155
486.0563	369.6447
503.96698	383.26556
479.3979	382.95898
495.4478	361.0156
497.872	391.4676
476.94067	373.25687
509.7855	372.06717
483.28427	390.5767
489.1171	361.50763
503.79575	390.299
478.97882	377.86523
502.66382	363.1673
490.14038	393.63776
481.77994	366.62326
508.77768	378.89957
365.73465	383.61432
366.24237	373.48764
370.93533	380.4859
360.3738	376.99725
373.68604	373.11777
359.81793	387.97485
368.1499	364.25925
377.0483	379.4211
353.14938	375.23727
374.90723	365.01324
370.9427	387.15753
358.3809	369.91647
384.69092	374.36224
355.7	394.35577
361.68463	361.9887
377.91815	388.93356
348.74384	379.06088
380.82117	366.4259
364.3437	393.12027
355.50104	362.25626
382.8586	381.82443
352.73813	385.53067
371.75623	357.86835
374.10165	393.84613
351.48798	368.02103
735.12866	42.018806
729.4764	45.72924
724.4814	23.703781
743.00354	45.463806
725.2174	37.273422
736.3055	34.51282
729.3168	51.8383
718.1676	45.320423
745.36304	37.641846
723.08307	51.111576
729.5879	32.48941
740.18835	60.141945
713.5865	37.744602
741.4461	31.078533
734.0604	56.16607
727.58014	28.405163
746.6645	50.111454
715.18256	52.336006
738.6168	24.22937
739.45056	51.05386
719.9513	33.195427
749.73	34.99642
723.0304	57.892353
428.47925	370.98172
438.5419	384.79034
430.53613	377.1818
437.75366	373.3793
427.67926	382.84286
422.56778	371.5648
442.54498	375.61008
415.27344	386.33286
435.76935	365.87296
439.04572	392.03662
416.2469	374.71716
446.14355	368.33887
428.84	393.93402
425.08252	363.53967
444.92255	381.3214
418.68378	380.29352
439.5568	360.77106
430.89404	388.24142
417.659	366.84076
448.31235	374.82303
422.27725	390.9156
431.25958	360.06604
445.01138	387.54083
156.35985	479.1534
173.99588	469.32983
163.5119	489.48355
155.56282	471.9812
170.98314	480.08945
156.2656	486.8419
168.5282	471.5498
170.27226	488.09717
162.48586	474.55865
177.58255	476.73706
163.69827	481.97577
163.01164	466.8985
177.09804	484.53183
702.433	378.20026
713.3788	368.66672
709.8695	382.65115
695.1999	368.94238
709.3239	376.31854
699.666	384.2418
704.49316	369.51602
716.0009	386.1025
694.9215	375.2426
718.114	372.43304
701.55164	389.64804
700.8019	365.10834
718.8332	379.3455
694.40265	381.90158
709.8684	364.01898
709.61957	389.24573
159.21259	418.60254
171.25027	424.76202
158.13324	433.25488
165.40161	420.4414
176.18422	430.5062
161.70781	426.90268
172.7808	415.48926
166.35016	431.76593
154.85855	413.63394
180.66422	425.76483
152.02794	428.41315
169.85457	408.92126
172.72081	436.46997
154.52603	422.4042
178.71101	417.70392
164.69006	438.66034
164.21565	412.93027
612.65234	381.1576
605.0322	374.04095
612.1557	367.90158
610.9727	393.04736
593.1886	375.18158
615.0139	374.72552
598.0251	388.67325
604.3292	368.8548
620.6642	385.87555
597.5833	380.86722
619.6388	367.35394
605.4687	380.0245
601.6874	362.2666
621.31006	379.60464
591.904	382.2713
611.0648	361.82596
611.77795	386.46692
595.5542	366.0997
622.2272	372.9116
604.7063	391.51492
777.5619	371.59274
788.39417	381.0883
770.6036	379.97153
787.71497	371.76392
777.5269	383.0235
771.7087	368.2472
783.7646	376.9367
771.9906	386.16818
781.60504	367.2807
783.1004	386.54956
770.15686	374.55865
175.9451	44.17696
158.08577	44.414455
161.79321	30.580082
178.9033	55.728497
149.04526	45.15066
172.01627	32.255516
169.44118	55.171833
157.51021	35.820908
180.19363	48.606228
155.6938	54.95395
170.71178	40.067207
168.44783	47.62537
164.84433	38.987984
178.27798	30.516455
164.55522	63.293884
149.62424	32.642212
187.91656	46.144573
147.73744	50.41463
169.12689	27.457373
173.7048	60.37605
151.90648	40.436546
182.00778	38.065575
163.68198	55.79737
158.69205	25.810444
739.9237	121.11117
726.94324	121.67137
738.6915	107.96578
732.78094	118.46415
719.8826	104.9697
742.2018	114.27122
721.1042	125.38304
732.8928	110.46873
738.3038	130.36232
725.30505	115.75493
745.8936	108.79569
727.45764	131.53342
728.3662	104.86662
745.98914	121.08464
718.2215	119.302475
734.8676	103.137024
732.6138	126.00409
719.58344	111.677
171.57999	560.5802
163.57251	568.71893
165.0346	558.47375
172.61453	570.2391
158.92903	562.9852
170.43251	554.7526
166.57037	573.7867
159.51752	555.4213
175.19676	564.5522
156.70424	568.8115
662.87836	370.5366
664.9821	390.4195
646.7657	372.71753
674.76154	373.77267
656.64856	383.6326
655.6396	371.81204
669.93384	379.03986
646.9402	380.46048
661.9886	365.10052
662.8228	384.19507
650.5091	367.43787
663.30975	376.7324
649.00543	387.56064
655.9321	362.90457
672.8685	385.10757
654.38135	378.3434
669.1031	365.78705
656.8168	390.44107
161.09395	199.79884
169.36252	207.0813
152.19855	210.29483
172.0064	198.48013
173.34262	212.79605
148.98087	200.13258
176.46811	205.17683
162.29446	213.21965
160.32094	189.19339
179.74883	214.23251
162.54109	207.28052
169.59976	188.17068
167.10959	219.01758
154.16902	193.80267
183.05264	205.37961
155.64871	215.70845
167.26334	194.23048
174.64021	219.98743
154.60416	203.45856
180.24008	196.88907
161.2183	223.21347
546.2528	361.6833
561.192	380.90323
536.65674	378.17545
556.7432	369.6479
555.013	379.912
548.49896	375.45734
559.9318	373.25317
544.53796	389.8657
550.3922	368.96893
562.2948	389.2271
543.4638	378.73297
563.4676	365.25482
551.1729	394.66763
542.46484	367.16534
567.8922	380.22745
539.32605	384.72833
553.58405	362.31708
555.3518	390.1825
537.24963	371.0328
566.46124	372.67212
550.97205	383.81866
447.21713	54.54536
461.97696	81.22137
436.85272	79.079636
456.00595	77.93834
443.48364	77.78176
446.46338	70.81398
452.0788	82.37979
437.4899	100.18855
455.01913	71.160934
460.00488	90.57104
428.0069	82.29162
457.49628	64.02057
453.27448	94.63075
440.46622	58.896294
470.75937	87.307915
445.64908	87.50575
454.63388	60.552032
458.81805	101.32962
428.42365	72.17968
473.25006	73.14804
442.01163	92.67058
455.97574	53.849663
467.89917	97.43069
421.82794	69.96164
465.96088	66.54348
446.5891	102.26946
433.3063	61.749805
466.79077	75.65477
425.66592	89.691475
438.91275	68.912506
752.0759	384.7623
734.2704	375.78983
755.6469	372.30194
744.6267	381.7025
743.34515	372.79495
756.88904	379.8781
738.2982	380.1212
751.2409	366.7045
746.60895	388.5595
737.25574	368.45193
749.93744	376.8708
737.8791	386.8898
745.186	367.02008
176.97025	367.74796
160.13278	354.71927
180.77309	350.09088
169.58603	360.85916
161.74478	341.45667
182.72243	357.36423
152.46036	366.7209
168.67024	340.1042
169.21002	371.40665
151.2677	352.67102
166.6227	354.35663
160.39627	369.80658
166.20639	348.28015
181.55588	365.7545
150.40738	358.81805
173.49518	343.9812
163.8415	365.09674
157.08342	346.63303
175.41156	353.6584
157.58757	360.46933
169.4359	268.90363
173.43076	289.71994
160.3127	274.16962
180.40445	273.74017
156.69388	293.7265
163.17055	266.15976
184.6962	287.55292
158.21902	283.35553
170.46974	277.04382
167.77617	295.9361
153.72978	274.94894
180.65848	282.5383
163.3676	299.46686
165.11516	279.6004
175.20898	296.61304
151.15215	281.55698
174.64175	267.06918
164.01944	287.999
155.67859	269.3726
170.89285	283.78986
151.62125	289.55786
