169.63838	374.89844
162.21799	376.2777
166.48805	367.06277
172.88919	381.2072
159.11732	369.88837
176.14258	369.16772
166.98938	384.04135
159.83871	361.29977
182.09276	375.82135
155.60677	381.14105
170.63614	362.11908
170.47665	389.32016
155.02701	363.62567
182.60641	367.86383
160.46709	385.8566
164.72844	357.23492
179.729	382.27493
151.68439	373.45465
177.97638	362.01297
730.5838	54.56322
724.4699	50.41508
736.124	48.26014
716.5521	49.763718
728.7128	41.056274
738.39404	55.244286
723.85394	44.393044
741.9588	42.81662
727.09314	61.921703
726.93054	29.716944
746.69104	57.3825
712.4918	42.272205
732.97656	39.87857
734.1619	62.040535
725.0247	36.986443
749.47375	40.645866
718.5627	60.706207
734.1362	29.746464
745.45984	63.10384
708.2035	51.77126
747.26807	35.39237
726.43176	69.55757
720.41724	32.500526
747.665	50.451195
712.1551	56.403496
739.86835	31.871616
738.77435	67.4205
714.1861	36.093235
578.3002	376.89648
571.60974	381.22003
582.59314	366.21674
584.7629	381.92465
574.2765	370.46307
586.63025	369.66214
575.5591	385.5957
571.8058	364.1567
587.4038	377.50052
564.48364	376.26007
579.98724	360.46848
588.43884	386.78424
565.11444	370.0337
595.03687	367.59863
576.03876	391.4502
574.5453	358.82556
594.36145	383.14267
562.21765	382.21954
587.92633	360.38455
582.67444	391.51263
564.81116	364.30643
592.3601	373.76413
568.03186	388.877
165.94395	474.59515
177.49168	483.3982
160.99036	479.909
175.87961	470.4545
165.14261	487.14703
162.30305	467.09857
170.66106	478.9375
157.66403	485.39996
169.44127	467.75986
171.24281	486.68042
157.2413	474.1027
177.01187	476.64337
629.83563	382.25974
632.52576	366.27853
643.11597	378.28983
629.4404	376.56403
637.3651	370.6867
636.9906	381.89096
627.8443	371.50146
646.9824	372.8349
623.3015	386.57852
635.10394	359.56348
644.5696	385.59637
620.99426	373.55145
647.2015	366.69363
629.46	387.725
627.0804	361.63885
649.0854	379.65625
620.41534	379.9183
641.30566	363.99103
637.20544	390.22345
619.9669	366.5111
758.2931	373.95242
749.0578	385.2928
753.1045	368.1303
763.3248	382.19162
747.19495	372.675
765.0795	369.6158
753.6276	379.8687
747.9425	365.16257
765.00995	375.64032
745.10144	378.04987
758.4974	365.34866
757.27826	385.34528
157.63501	301.0141
175.2782	300.58246
162.10817	313.45404
167.20883	294.20294
179.01059	313.90424
161.05667	306.04327
176.13727	292.63452
167.01717	307.26553
156.57687	293.6679
179.4078	306.68286
155.55606	317.47647
169.16359	300.6815
170.81793	310.21954
150.64853	300.6405
180.88776	296.68024
164.57434	320.09793
162.12788	288.0556
185.50089	304.91544
154.07515	309.76385
171.46973	288.23944
175.13596	320.83942
444.71777	78.04988
448.7145	66.77973
449.66318	99.04413
443.96704	64.770905
458.46313	80.7996
435.84863	71.28379
468.9039	66.73071
466.98355	85.45448
427.12222	74.972206
469.41318	72.91714
447.02695	88.27674
453.77823	60.970024
452.17798	72.7617
424.1779	67.32537
458.82065	71.78865
436.70966	86.9744
438.53424	64.71923
469.51675	88.59982
430.07843	86.53516
461.15088	57.641956
453.30963	94.64372
430.48404	60.405212
464.05078	78.870895
435.0082	94.572334
450.89795	55.66747
458.93243	97.89407
436.02676	76.656265
473.61768	62.65993
442.8777	97.67497
439.13916	53.774162
177.3765	517.32526
162.42746	521.4928
166.81148	508.84442
173.01694	529.14655
157.30646	512.2639
170.96944	516.0582
162.31418	529.2897
163.39723	514.49835
176.62512	523.53217
156.17459	521.4793
174.82518	508.9813
167.83325	524.50476
713.7816	366.31866
727.5472	373.1141
715.09894	384.65234
720.40686	371.10028
729.3163	385.0669
717.85455	378.2526
733.07947	369.64212
721.43054	386.81696
720.4297	363.37848
732.53735	379.56555
710.7372	379.66373
727.17664	364.57123
724.6509	379.09518
710.7445	372.6937
456.1784	373.3963
443.09033	376.2574
448.24747	373.6465
463.86066	384.4926
434.74234	376.15787
452.6993	366.90814
448.0952	381.96628
445.43536	364.02167
460.08682	381.77737
438.23438	384.71774
450.67123	358.54465
454.16724	385.64743
438.8788	371.42938
462.7619	367.57892
441.53027	391.7864
436.3581	359.41705
465.64667	376.0732
429.92804	380.84393
457.97495	357.53754
446.57343	387.77423
436.08804	365.50357
468.5122	371.15073
432.39136	390.24872
444.18033	356.1209
460.70712	391.64606
429.53745	371.09555
460.2165	362.70245
451.82193	394.32428
163.6005	39.321583
173.15262	48.146275
167.7709	47.989357
171.07378	41.92493
164.7019	56.58747
157.10135	46.02929
179.66776	42.657677
158.35617	62.056236
159.99045	33.128918
177.65848	58.4323
147.875	55.059063
183.43126	34.025826
169.66628	63.114967
153.65034	34.2846
190.09354	49.86426
156.57838	54.64546
167.00392	33.29601
182.18257	67.45561
147.21996	48.049374
186.61983	42.0229
164.8856	69.75966
165.59276	26.767426
185.40317	58.037117
152.27179	62.99076
175.4673	35.5671
176.6278	67.56289
149.88498	41.521492
178.15842	52.54122
157.90282	69.59303
165.0359	548.5339
173.27435	561.1562
159.99652	556.47906
175.447	549.8151
165.29419	564.6735
159.47676	550.67004
176.87138	556.62177
158.82523	561.98267
169.94006	551.4913
171.30661	566.5165
163.29178	426.236
177.97153	428.2597
162.11365	444.55997
165.69463	418.91544
170.8345	435.0384
156.02402	437.1198
171.70897	422.36157
167.32787	441.24374
157.27036	422.38763
180.00159	435.7291
163.29245	433.78653
169.479	428.79575
175.32043	442.09164
155.35144	430.2188
177.72531	422.0407
374.43213	384.02753
369.66553	370.3758
376.52936	377.94257
360.75177	380.12195
375.8155	361.2133
382.77188	387.03683
368.46774	378.09747
385.22934	365.3171
362.77225	387.5456
369.25327	361.50482
381.99884	380.5254
356.94324	385.15326
379.82544	369.10184
374.78848	391.24783
363.62503	365.1671
387.05978	373.89276
351.75772	378.8219
374.7536	356.15683
390.83594	385.43307
361.75186	372.1196
392.94193	364.45248
371.5613	395.55408
366.1114	356.3199
392.48535	379.63962
354.4032	370.73785
385.90802	357.60794
385.35123	394.092
357.34485	362.45633
392.34296	372.0833
364.32574	393.87155
728.07776	118.39115
739.0089	131.86609
721.689	123.59914
738.74243	114.03931
729.5826	125.62874
722.4194	112.61212
735.09216	122.194984
718.7704	129.37054
733.9629	111.10698
732.34796	133.34286
717.62585	118.33364
741.3566	119.55857
725.17224	133.30331
728.2958	109.41295
741.1215	125.98275
159.88547	144.36003
174.71841	136.34839
172.86337	157.10727
159.6091	134.78996
176.49048	145.26265
162.80826	149.42838
167.27924	129.10075
179.6492	155.47864
154.8198	142.56161
180.88373	133.91127
170.72101	147.46432
161.26204	127.6863
181.69347	144.89246
153.54199	152.05171
172.76172	126.540054
168.31459	160.88998
150.32004	135.43253
184.73615	138.608
155.20772	159.52493
167.32051	139.02287
185.73369	150.81543
150.23138	147.50595
180.91133	126.59902
161.6684	156.42456
155.71637	124.27171
788.28516	375.60965
777.3883	382.99396
784.5294	368.92798
788.42523	382.97028
777.9091	371.46747
794.6742	372.61542
783.1665	382.99323
779.3067	364.81207
794.3393	380.86014
775.4961	376.6609
790.32587	365.7782
520.54443	383.8907
503.0272	364.23666
523.8561	373.43646
510.93985	379.18378
514.815	373.9604
527.88574	383.87045
507.87045	370.56064
527.181	367.16016
514.4368	385.92215
516.6152	367.5881
523.7919	379.3111
500.47495	383.13324
516.8237	361.28955
529.57086	389.5484
500.07098	371.2721
534.01086	366.20297
512.0983	392.69388
513.82367	356.34332
534.7078	379.08194
502.14706	378.01425
523.7589	361.2064
519.08875	391.6268
508.7397	359.85767
529.56213	373.9239
506.9952	387.17847
164.85382	222.59404
169.5654	227.66614
163.60631	228.99226
177.08566	219.58633
167.13347	245.50735
161.40224	215.95757
178.66217	238.17232
159.34872	233.42007
174.33548	209.16565
172.07202	234.00505
149.6257	221.62749
178.21762	227.05319
159.25044	240.32658
166.8267	209.46304
185.85	232.32707
152.72012	228.15036
183.36118	216.16846
167.5669	237.8475
154.01448	213.86157
185.52162	225.59209
151.3342	235.68088
170.08737	216.65927
172.17664	245.69205
157.90584	221.62424
691.121	370.40515
674.1923	387.5279
680.01917	369.64032
689.50995	378.08856
667.9889	375.7902
685.5016	365.46548
685.62524	386.85214
671.7579	371.0717
683.81824	375.37006
671.44775	381.69968
679.6577	361.2173
691.3398	385.72723
676.65485	376.91055
693.3188	365.41278
680.4293	384.85983
673.4757	363.99213
695.40625	377.8791
