602.202	403.96725
587.6039	391.95227
602.22815	393.26422
593.2117	418.5542
596.08746	378.52872
613.31726	380.62732
585.49146	397.8587
596.22516	390.19577
609.7682	393.07794
595.9186	402.1044
625.8854	384.61087
611.61224	406.92502
586.465	384.13303
621.44653	387.5722
609.9804	417.50507
607.66486	378.20853
613.1334	400.73505
582.317	404.2516
621.1436	398.63983
614.8913	413.85806
591.5624	375.14758
627.4312	407.76657
127.36299	108.44889
157.59094	71.931755
175.8435	104.85374
142.98837	82.9707
175.215	91.43721
121.07843	68.38027
176.6434	80.25225
166.33789	87.40712
170.53668	80.73725
158.7195	53.980663
139.03738	113.287926
113.33162	80.906456
188.9252	81.27339
127.72429	98.96889
169.83469	69.580215
163.41516	99.77687
121.02144	89.94866
182.18329	89.07409
153.76422	113.78849
132.07893	60.494987
184.17642	96.81621
135.61942	93.090744
155.28514	46.395912
165.02621	117.31084
131.34984	70.51176
136.04027	66.68301
155.16864	87.33821
154.19514	66.07451
700.8077	399.27585
683.1476	395.59332
692.5988	381.65372
699.9384	406.39536
694.1079	376.20132
697.30054	392.71786
688.8467	399.9285
691.45374	395.1029
706.82904	402.15704
675.78186	401.3677
713.9052	399.65088
687.4713	409.12296
692.5717	387.93246
708.75586	388.48465
681.64197	404.65295
702.63074	384.5273
694.86804	409.89008
136.40749	468.58545
174.92331	482.08527
143.95496	481.27924
143.35213	466.63226
160.77562	483.7434
159.1304	493.06348
153.90703	485.21344
146.85025	493.37988
149.52917	472.194
163.61952	471.80792
136.21146	484.90787
164.16248	464.2829
166.62779	490.21933
134.2544	477.31772
158.84602	467.54584
139.82047	491.45108
149.9024	459.66376
484.12524	112.97109
469.24454	107.104416
452.299	94.196236
452.07968	133.24373
414.35992	80.35126
468.94647	121.394066
416.85492	96.22157
449.53085	64.40915
442.47583	105.58501
415.02637	116.312485
474.4061	84.35516
428.2376	114.438
430.70688	72.68026
478.48502	71.29605
423.45654	117.04671
459.6351	71.65738
456.1167	122.4989
444.72324	80.35447
467.13907	88.488396
434.52246	106.89159
470.8483	97.454285
464.49408	139.7153
428.39008	85.97862
460.78864	83.775986
435.2553	132.54506
421.62518	72.71773
490.6268	91.4631
439.34903	118.4901
436.56744	52.866676
474.47778	99.0298
361.63156	373.9405
372.10675	378.22443
378.901	413.00732
367.22607	407.34955
347.10474	416.31537
345.1573	397.80005
360.3005	395.4958
379.04395	392.7279
349.18073	380.69266
397.14716	385.6439
360.28284	404.306
394.04224	391.16852
390.95453	415.36752
355.19476	408.05768
400.39542	379.2758
376.51645	432.82413
384.50775	377.92755
379.60516	404.41074
369.0767	418.8152
368.0523	369.88263
383.31442	416.43683
340.7482	386.32278
394.0113	397.7762
349.32877	402.48126
353.73254	372.31686
395.70422	405.5904
359.34613	389.09824
374.25092	370.56836
374.41275	422.04858
750.8968	390.42694
776.14246	394.6784
753.6208	405.351
768.37646	384.2801
770.15857	409.05472
759.8953	394.1854
775.5511	388.88226
764.21625	406.28174
756.5168	386.14023
774.01697	402.53528
753.4147	399.1915
765.2173	390.25684
766.94226	398.23956
494.21674	371.05905
512.26373	378.3733
490.33063	421.23624
497.06573	384.3167
512.46515	418.91235
485.46295	391.98633
514.6354	392.58884
499.57367	397.62802
484.25333	378.91876
519.48785	405.0412
484.97992	400.51605
493.09442	390.31546
497.36346	417.75555
478.03433	396.60242
519.61633	395.51486
490.91534	412.96613
487.27386	371.82043
508.90875	390.96698
475.93964	406.64368
499.6435	378.06067
491.49713	400.8858
472.2858	392.5062
506.77246	410.86783
481.92902	417.81827
498.01666	369.43518
183.77478	247.16023
163.57896	228.4058
173.74326	238.41934
134.09514	271.81903
127.57326	242.82413
159.52501	244.36353
131.76389	256.83466
169.1304	231.11008
145.63052	264.9906
148.3048	239.40775
150.586	225.32817
152.37376	253.6278
154.49126	235.53313
174.8556	260.9797
154.07306	245.51445
163.25655	220.94827
159.32016	269.00146
132.67735	225.2813
170.8051	249.14734
135.71922	250.6549
145.34529	227.52487
161.3198	258.07916
129.77809	230.1467
825.81915	383.69333
821.26825	410.11523
819.6986	388.76315
831.4915	396.96298
814.368	398.6316
832.98016	383.12177
822.17126	402.83093
814.00305	384.25787
840.0158	399.66916
814.26013	405.22507
827.0831	397.48325
831.84973	404.5509
823.5532	393.67392
735.93274	57.997578
741.2345	87.2861
750.7475	64.163635
763.7857	74.656425
733.9769	86.60698
728.20306	54.983784
768.8591	94.0979
721.8628	62.088623
758.70685	66.209946
752.5136	53.559685
739.3921	45.048103
773.8979	71.7585
723.10626	85.10245
764.4498	54.815296
748.57794	79.40086
734.9884	67.655685
761.6635	86.8282
723.757	73.21183
742.8501	72.031136
751.58325	94.725334
743.41516	79.912735
769.4965	59.156292
730.14386	68.59545
142.76152	357.05206
162.10825	388.30786
143.55487	374.91962
158.74857	359.25046
137.89716	387.89294
133.15991	374.94965
173.57687	354.05728
153.98746	389.87463
154.35587	364.98132
163.49124	363.39194
135.63565	380.4829
170.7911	367.56464
147.94254	363.472
136.01144	355.9483
155.94057	381.2526
151.86235	384.21747
157.7671	353.19525
161.48978	367.86884
