689.4372	388.65683
694.54596	399.37582
714.5681	394.01483
703.0199	390.0131
683.3519	390.50845
712.2141	380.0092
700.93555	402.2027
687.0286	378.7683
715.8144	402.7695
692.67957	405.4964
705.6268	381.4232
708.92554	396.48846
695.73083	385.67584
712.3892	386.7577
687.055	408.48474
696.02686	377.79178
700.72064	410.63776
684.4263	398.5527
766.7874	392.23978
771.9088	397.15582
759.829	391.996
777.7429	394.57022
765.056	400.15488
771.6658	378.92126
771.3862	406.60858
756.0651	385.69666
779.8536	388.80414
759.90027	401.88004
761.043	382.9409
779.2281	400.92496
753.96234	397.84885
772.5336	385.4991
473.9527	105.935776
460.0551	106.62394
440.31387	100.78894
421.86548	86.59158
463.5446	65.57934
469.19012	117.974594
485.5839	79.051994
450.6793	75.1823
432.9943	98.940506
432.85742	68.19579
430.76154	118.328735
422.72223	65.22142
475.2321	68.64357
447.70346	121.33171
413.479	84.35573
475.41193	88.74406
437.77554	133.49701
426.58652	76.70227
467.49228	93.9427
405.53143	101.43373
444.74982	62.6752
452.85663	126.51217
434.99762	79.40355
475.0921	114.91085
427.1983	107.590126
462.5254	75.683395
485.85736	121.818726
420.246	99.37242
468.998	73.52893
454.4752	111.953995
158.93094	471.28964
157.27203	481.4272
151.67241	475.86588
162.35736	465.73688
161.30325	499.24054
143.66832	472.88916
163.94557	474.4665
151.022	500.3129
150.9325	465.3217
164.5242	491.56104
146.88637	484.76886
169.13762	481.30023
147.69246	492.33536
135.51596	477.80396
158.8309	488.4921
140.54851	488.44122
154.00693	360.11954
153.71153	399.65356
154.2021	373.04242
159.07918	376.0316
147.54422	368.45135
137.88327	366.70264
161.15901	381.84003
143.44656	396.2288
160.27176	363.58768
160.28987	391.2603
129.13412	378.79782
166.80875	388.85004
143.63278	383.41266
158.39015	353.9188
168.78583	396.0471
142.98451	376.46744
167.9563	374.10754
148.28421	393.19464
149.38803	352.06497
169.6058	380.6129
372.13766	404.9578
373.3743	392.24313
386.74762	385.6538
363.06693	406.0744
356.44522	377.46466
368.71088	379.07574
379.81378	400.73944
393.8532	408.84695
354.19672	405.77014
393.40427	378.94452
360.15622	415.65372
351.87628	380.9688
391.29382	392.05783
343.48187	409.52658
386.92126	378.8661
372.24872	429.13232
358.52866	388.0578
370.76	374.3192
368.02118	419.46103
365.08844	389.58383
397.0573	400.1215
350.18127	394.15665
385.59418	371.20337
381.948	407.93304
370.75424	363.92352
392.1593	386.70953
352.93634	413.1246
379.7625	370.2033
374.4229	415.39688
347.71808	378.48483
165.94598	244.19485
151.98286	267.58746
126.96647	249.37167
184.04488	235.30696
162.18631	266.11588
141.20256	230.47836
153.29283	278.19366
130.91086	234.93794
174.62933	255.74622
158.13803	249.66736
149.55046	245.73853
175.24596	261.46887
133.33817	223.23157
153.45135	224.08928
163.4427	258.57004
153.57652	236.30672
189.15335	254.99838
130.47754	263.25946
155.31018	212.55954
166.61064	267.8917
149.00937	237.8448
170.82233	237.35307
143.57112	266.3411
144.54642	220.38889
178.1205	226.8774
126.20514	258.7781
494.65732	384.19266
511.2212	388.29636
483.38046	369.75375
513.86096	379.43427
488.8991	423.15674
488.0323	388.5916
497.85782	401.83072
497.39658	395.27985
510.99365	373.97202
485.48843	413.5974
490.93866	365.28595
523.7173	398.51752
488.89532	401.6319
505.6461	367.70547
505.82748	421.28378
479.47705	394.6814
507.02765	405.2724
502.00528	409.3807
502.33765	379.64096
517.9526	403.22223
478.7044	400.76672
528.2448	385.87894
508.44147	411.65155
470.24835	387.1057
512.9096	396.16525
477.7417	408.918
511.5914	363.4035
519.8974	410.55313
476.7564	379.23297
620.19183	379.64508
612.1427	413.67194
592.88446	378.23203
610.79285	384.40536
594.8069	401.81805
620.6146	373.0666
618.3922	412.6176
590.7162	387.11252
623.5194	393.4721
606.7906	387.7403
604.2141	371.37048
617.73926	400.53253
613.86707	394.22333
628.7761	379.4723
603.8085	413.83258
601.40546	386.16638
633.75305	402.58746
606.08453	401.93466
612.3558	379.92496
622.19904	405.5267
595.5792	392.63858
629.9828	392.2737
596.4246	407.27316
133.18665	98.875496
165.9007	73.56998
117.26149	99.62295
154.82553	74.91885
156.19508	116.50676
168.14426	81.1093
192.8144	85.21968
140.8355	120.62827
162.12646	57.035522
157.38603	121.47545
127.277176	69.78996
179.25511	54.554058
136.26385	79.79274
130.2737	92.76736
169.52957	85.97588
167.06137	107.81824
172.2997	71.340225
152.705	92.62527
133.62729	61.04768
181.98055	86.588974
149.34647	89.1709
143.98495	70.34004
167.04993	114.284775
124.93766	90.82909
166.15588	66.654175
147.014	101.78435
126.71934	57.979973
173.68036	82.84174
131.24951	113.47652
150.01279	66.36949
757.13696	58.595135
735.4622	81.45686
771.34546	65.664894
743.31323	78.82719
723.6856	73.31422
767.40063	82.042946
749.22253	49.356834
748.1239	69.7166
747.1232	79.70175
729.15393	60.694397
774.40753	58.162964
732.5859	85.98656
758.56067	51.145195
762.2258	83.884315
720.4701	86.08062
749.5093	43.82517
744.7635	96.26366
740.94586	54.072258
751.857	94.656265
725.67395	88.75075
721.12317	54.25121
753.1374	101.6328
713.53284	67.558266
757.7575	71.51068
735.66565	100.89482
730.1139	69.331116
161.14117	561.05286
143.16292	566.40955
153.6884	557.6571
156.17918	566.17993
145.79112	559.58984
169.71852	559.87177
148.32259	571.0343
149.84012	548.9603
164.42252	570.0697
142.72351	551.58746
161.65714	554.38324
154.48883	573.48987
