383.65768	407.47552
361.76733	386.89914
362.31915	397.15277
362.22952	406.91248
339.6485	385.5395
354.51947	397.48663
383.76947	412.33627
364.55853	379.32217
383.68973	398.1053
348.40598	408.1574
344.11334	379.26596
374.04745	427.57993
357.78494	372.46655
402.63202	396.524
353.09174	418.19345
373.01865	373.5691
392.91913	413.6984
375.1631	423.2657
381.86465	378.95508
354.30573	434.1879
363.00238	364.85947
375.6172	418.71173
342.6284	420.72617
373.93753	386.94797
389.3575	424.1041
342.16428	394.97052
392.24155	387.88058
493.93768	412.03564
505.14438	377.09314
507.26212	383.86932
471.61368	408.5646
496.49237	393.57306
492.85815	424.2372
492.76715	400.50507
508.05557	409.79663
481.36075	420.12534
494.74103	385.60056
496.98795	401.6029
480.23447	399.21075
513.9698	391.7658
488.06348	411.7892
480.6062	380.16046
507.71362	400.78537
474.46793	402.2417
491.73212	378.3711
508.05557	415.16925
476.41953	390.19174
159.96634	464.46768
141.14513	485.57178
139.65775	471.67358
156.43259	486.95502
129.75642	493.00787
155.01483	476.3646
156.23848	500.30942
137.27594	464.93472
168.95868	480.89487
140.6306	498.48535
146.63739	466.81967
149.73924	487.9445
148.94823	482.0577
162.8674	475.72998
132.46658	484.15414
147.39513	246.48112
164.71887	251.80367
133.91013	247.96622
157.46446	244.71086
141.01064	251.21866
127.472046	226.40823
166.39032	231.7845
153.66438	259.5866
155.47183	215.19193
151.97769	268.33344
152.46562	227.21606
150.43451	233.72249
138.17099	264.0631
141.2805	237.56094
173.60916	242.58101
128.1698	247.20659
162.47302	226.21635
160.0557	237.17891
121.192505	250.6687
604.0019	397.96207
579.3405	414.04486
588.1701	392.8567
597.00433	399.82236
575.36884	393.61322
599.49786	383.63275
593.0947	409.95337
570.262	397.29892
608.2626	394.53976
574.3827	407.76956
589.7313	384.0839
597.35034	413.21527
587.72766	401.60944
598.33435	390.30316
588.58905	420.74677
583.01917	384.1739
604.71765	404.66492
748.0104	412.0336
768.1415	401.68488
766.3863	415.5523
769.35706	392.029
761.05725	403.5091
759.421	412.22046
750.5653	392.0891
767.15295	407.60175
740.91003	401.96478
772.874	386.928
757.4282	397.37778
747.35114	387.44733
774.5934	397.132
745.5298	403.0697
758.6298	392.07755
685.8325	413.53656
678.6285	400.01242
688.0532	387.88156
672.32056	402.4803
661.18195	387.07275
691.19934	403.56253
662.28955	407.05472
671.7538	394.65228
675.793	414.04028
683.099	382.8228
678.31976	393.92673
679.55054	406.94434
665.8945	400.09637
684.5663	420.23444
657.75006	398.08203
695.1753	390.64355
147.55492	385.02353
140.80591	359.6167
170.68547	369.36505
137.1147	388.6981
152.65121	373.43744
153.74292	365.2165
131.15567	359.2908
162.23674	356.14145
136.14127	376.81824
157.82828	351.23615
154.23552	379.81232
131.0721	368.7316
162.46127	364.93414
157.9542	391.72577
132.80562	349.25006
147.49687	360.29935
146.0442	370.45782
474.99786	102.633316
469.2242	110.16327
443.04858	80.34716
447.45404	110.435265
443.7391	95.888695
444.93848	132.70535
431.7023	138.51907
489.8689	123.833176
458.1673	74.04575
425.26212	126.669266
444.29062	71.05012
482.40228	91.19202
416.56122	105.69908
460.052	62.050606
471.05746	124.70573
417.81528	86.818085
473.90973	67.65486
454.11508	136.538
406.05176	69.14186
441.61896	117.9964
438.6499	62.406425
439.5843	114.329506
484.4462	108.826866
405.1791	86.4117
471.89664	74.39641
431.6021	124.0342
424.1273	92.53668
492.61597	105.84825
417.8461	125.16134
169.15169	65.89006
161.94908	112.73279
122.85744	102.53009
136.70389	72.38136
136.14737	107.398094
135.20143	61.742867
178.27882	103.33539
135.13206	79.93236
163.84607	100.33341
143.61647	128.08191
127.860535	85.784
173.37453	96.893814
115.756516	90.36827
132.92079	72.72864
145.46799	114.33617
143.47662	55.02887
177.04526	62.9974
131.9597	132.49953
147.13939	58.554375
168.2048	77.09599
157.09439	108.32655
162.12804	93.0775
132.30511	95.94353
150.3584	52.650734
163.3037	81.53789
715.0011	73.349304
756.71954	47.58574
776.8247	87.66063
722.921	69.01695
767.9127	72.5488
735.91705	83.687065
740.6216	59.422173
793.29553	86.80054
727.9639	94.20734
756.9933	61.852478
751.78845	95.242355
734.75903	76.34475
755.909	89.77645
749.941	80.891304
751.5543	52.731483
761.3314	78.64288
728.64294	62.352833
776.8707	68.26261
742.88074	94.912766
737.69354	49.699978
757.93805	70.13396
816.078	404.40674
826.784	389.43732
828.2582	410.10742
822.6178	395.9071
831.31024	397.33118
821.85675	404.1622
817.87866	389.42484
832.7044	403.72095
815.9735	412.74658
835.6373	393.78854
