447.59137	84.19981
432.299	93.946205
439.52158	64.900406
442.90445	101.70186
424.79144	109.07294
473.7731	85.60934
436.63022	117.54824
427.3686	85.3461
478.34222	94.30424
416.9146	92.095474
436.789	79.37107
447.3432	113.2582
455.41095	94.809944
482.13654	76.68346
457.64374	117.299866
425.24066	68.998726
465.4336	118.40182
402.82736	97.3071
476.03555	67.22246
456.57587	103.14543
451.68472	62.922382
488.5562	100.43946
423.54892	123.35243
452.02655	76.926315
476.6852	123.569824
438.74957	55.066963
471.66608	72.616875
441.13672	125.24666
460.3794	64.26112
493.2251	400.8517
497.32904	381.08466
510.33975	385.61243
473.5223	402.1225
492.45834	394.3893
507.46515	402.92444
466.83047	383.1602
481.31122	374.00647
499.85474	400.36597
488.08716	381.9023
502.48584	371.30948
496.524	418.8943
475.43994	388.94437
516.9689	393.10187
477.93448	396.6175
488.7608	367.2458
489.16626	402.6598
474.4562	383.5343
507.227	396.29214
485.3401	406.20572
494.53824	377.14325
503.29767	410.53973
475.442	410.4301
507.42303	378.42496
483.03107	413.2473
477.2938	376.75308
754.364	58.022167
719.33435	80.973434
742.9425	50.608276
751.8125	91.21586
723.02954	72.6336
759.17	76.68499
741.11316	81.764
734.94543	42.34544
767.01	71.862816
733.8495	73.180084
758.87933	55.24007
731.9019	78.89809
726.964	55.325035
753.16565	67.129715
735.18555	90.03447
752.0874	47.199738
744.31683	57.38217
719.87	62.440804
768.50275	52.586082
751.85675	83.8643
718.63586	44.914528
763.9642	66.25627
739.904	64.26841
147.9444	228.74802
155.67825	257.444
134.17819	214.18118
173.04178	224.1077
139.57156	252.06303
165.02126	234.88249
167.13687	262.2983
157.73853	232.63814
165.81438	220.70676
144.96176	261.33347
162.52516	212.75723
177.11615	248.97366
149.89694	236.5426
147.06941	218.8724
188.33884	239.7428
132.35187	244.69048
186.53479	226.02396
150.64723	250.11697
133.88295	228.76541
154.16037	245.07104
140.79568	239.2449
168.4474	215.80942
169.79001	243.34053
126.67711	240.03873
699.4899	394.20532
677.30884	403.25433
683.36395	379.5352
685.6117	399.11234
686.1997	387.6061
699.98047	378.7576
692.29425	406.18964
678.2363	379.86514
706.6943	397.70905
671.5879	395.95547
694.6393	390.4489
707.9511	403.9709
673.94714	389.17712
703.30457	383.43567
682.9639	408.51724
682.71155	372.09882
697.56775	407.57587
678.91736	393.8526
695.6745	376.55157
693.815	396.01413
757.52435	391.5438
779.6358	395.82123
768.5337	405.87573
779.05615	376.50555
766.464	398.1817
765.63586	389.20593
776.3679	385.35602
772.93475	406.0643
764.1975	382.9897
784.42883	393.2176
752.8644	397.1393
769.98834	379.7779
780.88995	403.24893
756.25836	381.95514
783.9034	384.5021
758.85144	404.38416
772.4094	392.87952
389.59268	413.76434
355.06036	398.18765
375.4165	369.84604
370.5603	390.79758
369.68805	375.817
381.66818	389.67133
377.0409	399.86578
375.10938	388.62378
369.4477	402.37967
363.3106	392.38394
398.08188	392.026
362.61395	414.28296
359.91193	370.77472
380.15387	409.05365
347.76685	389.7096
384.61435	376.91135
381.25906	417.73404
355.2975	391.85004
396.7754	381.84607
352.32123	405.6744
366.4249	363.98822
396.4393	403.22836
345.57123	383.47833
391.51886	375.1449
369.02167	422.74863
353.15137	382.88547
389.62292	399.34964
354.04333	419.12393
382.44894	364.84766
157.21182	101.437965
155.22356	75.203514
143.08209	101.20018
146.41483	108.390625
166.20769	63.349213
168.17056	103.34695
138.16586	68.84177
145.10995	59.571472
137.87021	116.30843
140.32753	62.32183
167.65863	51.767906
124.446884	99.70883
175.52089	75.87437
166.08018	115.565445
137.36563	87.73034
185.35068	74.32273
144.49487	92.43207
128.65622	80.48081
171.72462	81.386505
128.71542	96.7453
157.44489	51.730114
176.88287	100.723404
148.2591	85.88482
171.71213	87.60655
158.73807	110.69871
152.72928	48.75556
180.00098	87.28304
134.88542	78.75713
169.34544	71.31205
599.01447	394.1518
588.98816	384.44162
617.97034	385.6391
574.0973	401.37775
611.8306	373.98572
598.4813	419.51694
594.1795	403.38873
608.78925	396.29956
593.1121	409.31427
586.48645	372.1574
607.52277	408.86835
604.1449	388.22345
608.6205	378.4167
599.95715	408.0177
575.7084	389.8371
616.7062	397.2633
580.49866	395.44476
594.12335	376.1336
621.7276	397.82132
590.9933	392.20074
597.2326	372.397
588.61487	413.24057
583.84314	379.46793
840.3929	401.07187
825.82996	396.55063
830.0623	382.34317
832.23035	404.63208
828.79443	390.63342
839.5169	389.01056
823.87415	402.23303
824.9875	382.79724
834.99963	394.67352
818.5473	391.15384
836.5765	382.62677
147.03215	392.86832
134.43655	357.04218
160.94994	364.54666
143.96027	382.81793
155.99562	355.6149
172.02155	375.43826
144.06735	359.8878
161.36371	375.5163
154.42256	382.63715
151.51436	365.17133
171.76138	368.55853
143.6359	374.4553
163.80916	347.6914
164.73569	398.61966
150.6668	353.43237
168.01984	358.36252
128.31996	375.86115
143.72511	345.14063
177.745	367.34174
136.40353	375.904
171.54259	355.10458
156.28838	391.96637
150.71162	464.66064
167.82889	486.18707
160.53839	489.76324
160.31789	463.64526
149.04642	500.2194
141.23216	472.691
158.21297	477.45477
152.65176	491.53824
150.52429	482.21893
173.54962	486.89252
135.92236	482.97565
164.59598	469.3418
168.39474	503.62286
145.09254	488.99286
167.88776	478.81256
138.49706	493.03827
145.70743	474.91934
157.73447	501.0564
