145.9782	388.16223
149.06738	393.1845
147.80063	378.6692
161.90451	394.95605
130.54115	391.73416
157.49072	406.19904
138.9313	396.07016
122.424706	387.41547
168.69873	386.07465
138.26256	382.05432
164.51062	372.88458
160.77423	410.55145
148.36136	363.5668
175.7662	369.5782
136.84366	404.3268
153.47224	367.42145
169.76822	400.91965
132.08359	398.06903
160.16196	362.58908
150.2303	401.3254
782.0588	391.67972
795.29407	389.974
777.21674	397.42957
783.70715	404.45966
789.70074	410.63663
772.8771	390.23154
789.6063	396.087
781.63934	409.9974
778.69006	385.77875
793.4048	402.69635
771.68805	404.76978
788.18665	383.27966
713.6476	411.59625
710.77124	396.25766
723.4103	394.68408
707.6546	400.36945
711.7713	377.03342
730.6898	403.7651
700.2181	393.54675
717.7777	389.06522
728.4883	415.92035
709.31946	391.04877
722.9501	402.67828
702.06915	403.03064
717.54474	380.9076
716.6509	401.81793
705.578	385.4855
730.8283	396.50858
702.892	408.86365
486.3413	407.90204
502.00653	397.16714
493.79678	386.31616
507.09995	406.20013
489.42032	388.5092
482.04135	378.403
523.58295	409.92633
480.2513	417.23688
473.54126	397.1313
499.12823	402.90887
504.6237	387.72577
511.81085	391.12842
507.62646	420.87262
491.96548	368.35666
524.12146	399.5042
491.05304	395.3206
504.82452	376.99017
503.72656	426.99643
475.18784	384.54898
511.64194	379.66724
469.29898	409.0449
497.30234	374.60406
518.3551	406.11813
463.65894	393.13397
525.5143	391.6263
488.57782	417.58847
447.09418	80.39708
450.18	96.84708
453.0148	103.784225
477.4559	95.01107
464.85806	115.74498
400.35437	98.530136
463.49576	111.342636
458.6857	131.84924
459.7547	81.747635
491.64532	93.45135
435.54413	93.62889
461.50058	87.121376
437.30615	121.7094
417.65387	57.045147
466.09766	74.08583
426.1311	122.19442
422.29117	75.57863
499.27386	110.544266
431.0157	104.47451
458.97714	64.84462
419.87027	95.42306
432.92618	79.318245
442.94574	123.241196
422.4973	112.322586
473.7372	74.011566
454.288	111.888565
420.65704	84.066864
478.0921	110.08517
440.9129	136.19412
446.94547	71.699905
760.0572	73.283356
744.5148	43.41648
752.8251	51.68936
747.8576	83.860725
731.38696	39.640934
769.5646	77.57519
729.1373	65.66594
755.56604	63.328327
746.5327	62.7406
714.96765	80.39482
764.8954	52.889168
742.6931	75.01305
729.96375	51.474663
757.7205	67.4259
725.19714	58.781933
763.735	46.59957
753.15955	77.39295
746.92303	56.141804
767.3041	62.627247
734.0161	80.68504
143.65508	221.55132
172.38445	259.88672
146.7952	259.15576
152.73602	234.93277
131.85735	262.16125
177.48512	224.05754
177.16661	239.34775
137.82254	250.41267
150.2273	222.67102
160.36566	275.24283
130.61266	239.29594
162.16568	240.40488
141.169	271.1793
152.45242	261.53348
168.74756	268.32663
133.68303	274.51617
167.47322	233.37756
161.35945	234.3086
122.759995	226.69873
161.00603	248.19131
126.249954	256.9652
147.22804	233.00357
153.34042	271.06018
130.5497	245.2614
179.27237	83.39433
144.92401	96.264015
143.561	75.656784
185.12683	87.21977
151.75717	73.37908
130.50189	71.047325
144.87299	109.69551
140.88171	66.701546
138.7095	95.44912
131.51259	114.24959
150.39609	53.72035
169.815	103.98396
128.66179	89.451
172.04843	92.7788
165.2899	116.10801
120.78798	96.410614
149.72183	92.5833
131.34291	93.29669
156.42506	91.65881
164.84077	96.224236
137.91306	78.79719
171.3687	64.645645
129.90375	99.99782
162.71007	53.043518
179.09021	74.94276
124.26121	75.9081
156.10606	69.836
620.6576	410.30658
612.7022	405.7073
640.9972	400.25403
600.4884	416.12054
605.33026	384.73526
640.3235	408.794
596.13464	389.84848
633.47656	377.6049
608.4141	396.01578
590.6731	379.4787
612.84686	394.09583
618.14594	387.8581
626.6531	374.30328
629.22394	415.70322
589.7983	395.62708
631.6086	391.51093
604.4837	419.1114
619.07367	377.46503
633.3906	401.84903
603.2357	403.44434
626.69336	394.92776
614.96454	422.03595
609.76917	367.67706
622.2575	401.51312
831.6383	408.0499
837.1375	393.98926
837.96063	403.53326
828.103	394.13913
846.376	393.01837
834.36896	398.4069
835.2692	386.06635
844.2386	404.53754
824.3959	400.58136
840.34015	389.71503
382.52435	409.92926
363.47668	394.46112
379.654	393.397
377.58	410.81232
355.17218	390.01315
387.40375	418.0786
351.46527	381.095
396.18848	386.99304
354.26172	406.57758
375.01187	369.8375
373.05573	398.9199
338.38934	394.83575
373.52597	385.828
368.7899	419.69537
343.74765	408.76367
385.02472	378.5183
363.4842	424.7421
363.17035	386.4142
385.53824	398.23422
369.54175	403.1491
384.1524	369.62167
362.66324	410.3589
341.12244	384.3059
398.6107	398.65317
347.09882	415.53305
364.48053	376.8488
375.7597	423.12524
354.72284	372.54645
154.83469	488.03558
150.55524	505.45416
137.83257	480.24774
139.35019	493.04242
134.52788	502.83038
161.86398	486.77744
157.90118	505.02155
145.15436	502.93222
159.97589	498.03247
142.1777	509.6595
150.52911	485.08896
171.53079	506.30893
146.89882	490.53238
168.20068	488.6608
