147.46832	261.593
150.89581	224.23943
161.55052	238.33371
119.261765	246.00766
144.31212	259.11224
152.97342	219.26863
163.96202	275.64624
156.67517	250.76376
153.77457	234.39865
178.85648	249.73193
139.76717	221.58638
164.7525	248.8508
132.94264	227.16557
185.8657	241.23628
127.69417	254.91109
138.26126	215.38321
159.21085	256.53073
137.45909	250.70322
170.88474	233.66577
161.42413	267.90045
142.95796	235.84921
172.41733	264.08224
113.93606	254.122
627.4745	393.5306
621.8433	419.89276
620.4683	395.72162
604.4557	417.2622
604.9122	388.86868
593.96014	379.51575
620.92834	404.20612
587.16565	401.05508
623.09045	381.15964
623.822	408.57123
601.23303	382.33505
635.28644	397.56708
605.37524	406.25015
610.77997	376.57864
636.3095	411.21167
608.5155	400.6214
634.32544	380.66278
619.47797	425.51675
617.0562	384.71295
649.0571	401.65808
596.5084	409.71777
618.9946	389.79562
138.37172	91.73416
133.68637	95.558754
148.32365	84.65219
159.37865	79.28677
156.9412	68.02434
176.16315	93.47466
135.10095	79.02751
138.76622	68.966415
147.82967	101.08275
158.7926	58.40403
172.22153	77.699265
139.57982	110.46666
163.89772	45.86792
146.73538	111.09277
129.1162	95.76784
165.65071	81.824776
116.222305	88.81556
127.92029	62.648754
156.43976	86.42489
136.08534	100.62969
163.98007	63.514362
170.02179	100.68339
132.6594	65.948
179.69933	86.52535
492.6203	424.05804
476.0092	403.07733
514.89514	409.816
509.6512	385.9246
515.5895	392.3354
493.82538	432.6461
481.79388	387.81497
523.3915	409.84238
495.9079	402.642
521.683	390.17087
493.37213	389.86624
478.09384	396.65372
501.32318	370.73795
500.4607	409.23126
505.3873	377.9566
523.1181	402.1489
475.4357	386.7737
486.39606	382.78232
490.1874	416.3461
483.19995	377.3162
507.95013	397.74725
478.2172	411.47763
489.31543	387.98688
508.24506	416.96915
763.5586	397.24908
782.30695	393.88705
777.4259	411.03653
769.51654	384.11768
778.5186	403.0058
766.8367	403.70575
783.962	386.53674
787.3132	402.68784
776.804	396.41614
790.7652	393.7475
772.22705	406.89474
772.5472	392.13226
847.8743	401.69458
823.5751	403.61316
845.3417	388.59137
848.29474	407.36517
842.3258	381.3873
842.3744	395.7832
827.8262	390.96875
833.32385	390.07556
834.79285	411.1346
832.7578	398.7657
849.4954	396.0678
838.5531	406.04758
346.67868	379.74387
368.24677	402.53464
356.30988	413.77783
379.039	372.10345
359.4733	420.42188
378.2608	394.02896
358.04105	401.10837
350.0331	413.45435
370.95688	372.4681
370.8438	424.25162
356.0045	385.77368
382.92752	388.71198
365.89688	413.06534
360.91647	406.63947
395.0326	396.2768
355.19174	379.38916
384.6033	370.5629
383.3473	400.7964
338.3355	396.96262
398.8871	384.82465
359.5801	429.75107
359.57916	375.77252
384.85492	410.49405
359.72165	392.0718
379.4074	382.0769
378.0215	423.03192
417.94376	106.391624
436.64243	80.41708
437.52817	129.56589
446.47754	93.067986
452.4284	138.51112
432.29346	121.24601
473.17416	67.9528
463.1854	114.254745
443.1311	92.72631
467.59625	122.394455
463.85492	102.06155
462.13608	68.47259
429.80264	143.111
406.05316	86.8503
482.25742	78.0046
455.48233	126.19273
456.46338	55.83033
478.79428	123.41737
427.69745	70.83605
430.7768	108.517075
446.65073	111.696205
447.85434	75.88884
459.129	107.77781
417.62958	89.06219
461.50024	77.62096
469.70538	90.0555
421.26288	80.43554
474.45752	109.148254
142.54419	501.0997
143.51999	477.77084
158.41751	498.63467
155.78093	482.03546
163.35794	485.76312
157.37349	508.72992
143.3814	486.87115
168.14384	490.73798
143.26376	510.58878
151.65364	475.92203
151.33481	493.93613
132.67186	497.77173
140.18092	497.55478
146.16232	395.67365
132.18584	384.39926
160.63359	385.50464
139.78038	384.92258
156.22452	355.57443
167.01212	409.97064
133.95216	375.659
170.15799	393.84235
145.78731	420.0795
149.20407	370.99506
151.73477	393.66156
158.42679	390.61023
166.89774	380.2907
154.72496	401.11655
142.42343	367.93787
165.17154	389.93692
129.47998	391.0821
155.94913	374.13828
742.8793	79.91918
746.98865	45.365723
752.52924	52.493614
733.34503	72.88136
759.4508	50.90938
751.7923	64.76655
736.7381	53.04007
744.7563	35.458347
745.8322	53.69712
727.6573	61.758186
771.8937	67.42503
745.6227	67.04369
738.1931	38.145916
765.0402	66.33615
732.3373	67.811844
763.23615	45.595802
754.0237	73.46831
698.8377	385.63452
719.0395	404.9135
703.9054	402.77283
713.0177	385.02618
721.9857	411.41608
707.87384	393.78513
723.0701	389.99167
696.3412	401.01996
706.3844	387.73886
711.9179	399.63763
702.0014	412.8318
717.9581	393.69934
713.4951	412.81696
697.64386	392.74988
