497.8811	407.9621
480.46362	421.15176
489.50153	382.2628
515.59045	398.7206
488.89502	414.84003
498.21185	401.70685
509.7293	392.4446
497.50897	377.22577
510.0685	409.07025
475.57672	402.50125
523.17395	380.32034
507.19522	419.20255
497.34024	388.2498
520.8949	395.1447
502.16486	412.68018
507.66977	381.75876
518.6959	417.59833
479.9305	394.91473
488.84042	399.74728
484.49127	415.3747
479.14746	381.97772
522.5919	404.53058
152.30038	487.94223
140.49629	485.76212
152.8071	500.73282
139.55591	496.14487
143.63148	508.77985
162.57175	505.55194
147.86955	483.57993
162.06413	493.01068
143.50879	501.36987
161.89626	478.695
131.46312	516.1031
136.31192	491.6717
164.71796	490.44562
131.44664	502.1268
152.45425	477.47437
377.29367	390.77518
347.9139	404.1501
366.5726	392.66296
358.47635	414.76685
359.85626	408.59024
391.0078	414.77032
368.92667	377.27905
390.28497	392.127
365.75888	413.26337
336.53186	388.00403
391.90546	383.93805
345.6529	410.23657
388.5391	368.14084
398.32117	414.19272
337.48993	408.23846
382.6629	379.5924
379.76685	429.62152
345.655	380.35278
386.35107	406.90173
353.06378	428.95294
374.1472	381.59088
372.9909	406.44788
347.22052	390.46893
389.16772	377.12564
356.1554	424.1347
361.33804	386.51962
384.4141	425.80658
826.2754	407.30292
831.49695	387.71976
831.3032	401.0429
824.3428	389.6243
833.0628	395.22223
830.01447	412.04257
824.60254	398.92252
837.2993	409.79608
821.2572	403.73138
841.0324	399.0098
128.79913	108.09337
134.11273	50.25442
173.78429	98.25987
117.22041	85.87148
144.19449	78.712425
170.15674	114.54346
140.486	61.8018
154.4869	50.48615
144.89746	105.48313
162.4285	82.38492
166.7536	70.88859
139.97574	97.33189
151.59491	92.07577
157.98238	126.22068
123.17129	67.571976
137.27954	89.43816
157.95087	101.11528
145.71222	70.96283
165.78687	93.05114
127.48594	74.7901
174.61661	65.57991
147.80898	119.63512
151.6009	77.11229
168.61627	107.62685
439.3164	142.12914
479.42914	100.05513
481.44327	117.49382
456.13412	66.563644
490.93784	101.78408
427.67368	109.04525
424.51538	86.78044
456.2945	93.85412
419.7775	103.80198
443.29218	118.491394
425.78214	93.68261
465.56647	75.3353
471.26776	96.74355
418.2124	114.550766
432.68457	71.69156
435.01675	112.77268
414.93683	129.23785
477.91983	71.734985
469.2077	104.54784
432.8414	82.68354
453.39078	115.220924
451.1761	136.51653
470.47858	88.623764
454.99155	135.26244
424.52032	64.406
484.59872	82.65561
425.15503	115.96848
429.32452	64.24789
435.29922	117.64928
138.80643	389.5262
153.64651	360.33542
136.28166	398.956
127.09735	365.69913
157.3731	404.27444
128.0423	382.8877
159.55734	379.1725
159.48643	393.1284
132.62045	379.61136
163.71811	373.94696
143.68951	381.74973
141.69923	364.33936
169.72511	386.6419
152.47887	378.85605
162.2919	364.19708
148.82378	399.80026
145.95663	370.68378
755.71497	74.698166
750.819	83.45192
737.08734	39.056683
744.24115	68.36351
733.107	56.36306
736.29553	64.91289
750.88544	74.387955
748.8994	48.36259
756.7611	86.82108
752.57385	64.235306
771.77594	53.73277
755.8703	58.7217
741.57996	46.068073
762.7604	56.24712
734.3542	81.7863
754.8761	43.87378
770.93805	72.84407
738.5622	73.83742
779.496	398.703
773.0345	403.85748
764.92664	394.34866
783.4414	409.73032
762.348	405.34894
780.52045	386.50418
776.78174	413.23965
765.99866	399.34283
785.59393	391.8246
770.6086	413.2287
773.6762	390.58746
608.96545	403.31378
609.03064	409.83942
614.7798	392.21198
605.2293	400.7799
594.56366	389.8929
605.21545	394.85318
599.1822	419.92065
597.0776	396.84424
620.02686	412.92642
590.9834	397.24042
625.334	392.00357
600.786	411.31317
615.2272	380.7311
620.5298	405.5786
590.7191	407.72498
608.92004	387.54312
611.36786	416.35968
596.0319	382.88074
159.99715	232.398
135.73819	275.4093
144.2289	227.66635
146.04153	244.32724
158.58676	252.35393
172.06688	225.3094
145.01585	259.34113
137.00038	226.54668
169.69267	255.84155
120.13916	244.40056
147.75414	237.87119
174.14102	234.59077
136.64778	249.52518
156.43445	242.51176
142.11777	265.88028
159.75943	214.97452
158.48361	259.45
129.2656	253.39954
163.08307	246.0168
152.29988	260.5183
125.715164	240.70157
719.38934	396.88715
692.9293	417.1601
693.28827	386.7381
688.67175	398.99493
680.5154	406.78824
708.6217	398.7186
702.9015	413.03278
684.4526	393.631
695.26013	396.03223
686.65027	412.6214
703.912	386.10333
709.53455	415.09293
698.9065	376.39465
710.5683	389.73267
699.5453	403.92444
691.6219	391.9846
712.5812	410.83527
