615.0284	406.04654
603.6173	403.59137
607.0988	393.19525
626.2722	408.4647
618.2645	395.4508
628.46765	390.48065
620.8703	407.6773
617.43317	385.14484
626.8695	402.57022
602.0288	397.38397
623.51166	384.5096
631.63153	410.49335
601.7975	387.81744
635.0651	390.7257
612.1969	412.84003
611.2235	380.69122
169.64752	64.173294
131.6688	97.68914
157.15736	84.85519
112.15214	109.206314
140.31624	78.73387
142.30325	104.977684
130.31444	112.05569
148.34248	70.18956
148.71854	127.11293
157.84834	71.55418
192.2812	90.09513
146.51021	92.7853
176.8508	88.9224
179.58493	94.39345
127.76921	87.34823
175.9407	80.652374
168.61984	109.88428
132.49457	72.94502
172.20905	93.903625
154.12888	118.38444
153.69867	60.525738
179.40347	109.53548
113.71012	77.32225
180.17622	70.54106
169.17203	123.0435
125.346176	70.46344
155.47917	410.5725
143.59882	404.03046
158.521	389.77142
162.12375	383.20645
135.93645	379.06296
162.11215	376.1333
134.55	406.8402
140.41423	365.79462
150.42206	390.10297
138.53139	389.43323
147.13655	385.21756
159.12848	397.53903
149.95807	378.36896
174.9421	394.0055
146.82468	395.71915
763.4452	387.0974
768.6913	408.10822
751.246	394.38104
770.0487	392.85635
757.9721	411.6971
759.5217	395.68573
771.18445	398.42184
754.8822	405.90585
773.2123	388.34274
762.9905	400.81647
756.5514	386.1894
166.26967	484.11142
137.98369	495.37192
160.1694	479.8021
161.62596	498.27573
139.06284	489.7259
156.47153	472.55234
156.02103	487.63818
145.11691	484.09
164.77527	492.19305
149.78275	490.89932
145.56966	476.36728
146.43684	501.79877
138.33107	479.09927
713.03467	389.67178
703.6124	398.02377
686.1068	399.02545
694.8274	397.30606
680.3999	402.21432
705.3813	387.32864
706.6529	409.08444
696.095	383.05566
699.7003	407.07272
688.99426	410.9274
691.499	389.61932
710.91614	402.68524
684.2403	388.8728
703.2277	393.7163
476.3371	126.669876
434.64218	71.61357
457.39777	99.39732
445.34845	89.98575
476.1089	64.34594
448.50766	101.37926
429.15088	62.54117
418.39786	112.54089
444.23444	128.67767
428.55023	130.62814
463.54956	88.40359
422.95966	101.24489
477.03378	70.539
441.54306	114.62274
422.9711	79.42009
488.7171	102.37718
423.5272	125.842125
447.77255	68.812355
458.84985	127.37301
433.58145	79.92459
483.34943	69.4692
435.91095	87.13179
434.1166	65.792046
493.82245	121.566
432.46143	114.4622
487.09976	93.3384
450.98447	137.67291
733.1168	54.306194
770.5381	91.66533
734.5102	70.56797
760.85583	44.587257
755.19714	76.7673
764.2804	60.141273
771.55774	62.890694
741.985	91.29965
724.3115	65.681755
751.5829	57.51145
711.8727	86.93138
739.8048	59.253284
758.2386	86.97724
721.825	73.49505
746.62024	65.17889
721.8578	89.097946
740.6931	78.39538
759.1408	73.95549
738.067	88.37837
768.7043	72.008156
754.06445	104.69328
122.96431	261.90802
173.34303	250.70052
146.54317	284.8642
151.19394	233.24971
180.35971	253.41739
141.90886	262.1997
191.79124	248.24158
159.86916	269.68176
137.4013	273.19342
167.13535	272.89633
161.92517	261.4907
143.9011	250.41374
173.54768	279.4871
130.18973	248.0284
167.90036	235.51831
125.39845	277.47058
162.16864	243.38884
165.98631	289.94232
126.307785	263.96323
154.75871	249.6211
134.13264	281.64435
153.83914	239.05478
534.49054	413.41928
491.24835	409.11334
500.16168	376.92123
513.757	399.4542
503.36557	391.3956
522.3805	388.87335
500.41608	396.96106
510.5545	370.7089
526.6011	417.30948
488.54315	385.799
549.53467	393.56683
505.87628	416.56485
514.0959	382.77228
525.2141	377.25482
501.79938	426.28583
518.34	379.10324
505.40094	421.17392
483.29263	413.15445
525.39966	402.30853
518.02423	414.68774
488.72968	376.39767
531.2397	391.21057
494.0056	398.2733
505.71307	362.31714
513.44604	408.21204
377.9596	383.2967
391.93524	409.987
355.22693	397.36823
378.0474	400.82355
394.18292	374.78815
376.53723	421.95044
363.2297	364.2022
382.89517	417.3055
359.6125	375.3363
399.14847	399.19366
345.71066	413.57306
383.91946	383.80173
401.00934	406.83502
370.00925	379.25372
389.37585	386.08414
365.89838	416.3351
366.5625	392.14175
397.0229	387.74188
347.75003	377.7551
387.26312	370.1532
367.9901	425.95483
353.33978	366.74045
357.75864	411.4649
350.14795	421.47266
370.40433	400.6024
394.45828	422.92218
350.45502	397.0431
825.88	401.16983
831.82263	402.37784
812.6559	386.71216
817.6296	398.39984
807.67786	402.2432
822.3615	383.45917
823.51904	410.42944
810.83777	394.49237
831.94904	391.42612
817.8871	405.8836
824.194	391.45236
