174.27238	205.03674
162.90442	215.66267
165.31859	199.45088
180.53658	206.94827
159.77054	195.76265
173.46939	198.52538
165.7624	205.7188
164.96494	185.20723
181.22198	198.36661
157.50632	206.11433
178.00638	188.77718
173.54793	218.55551
155.00623	186.2944
187.43115	197.37474
157.05428	217.95158
172.54839	183.63618
179.89346	214.76045
150.2332	203.00516
180.93661	193.17514
168.15819	217.432
153.8223	195.58327
185.33777	210.85779
153.07477	211.53781
174.87679	341.3107
165.10594	351.72324
163.82846	345.3456
169.71645	347.95966
171.2825	357.32907
167.7219	335.7491
176.25589	348.34564
159.5324	352.50092
173.42288	330.29944
171.98947	362.28632
161.34634	339.15936
185.83835	341.73203
152.09055	352.13474
165.28673	329.68195
181.50423	354.82
153.19844	342.75955
178.6454	333.74652
160.62589	360.28867
157.97852	334.00662
182.04189	346.994
169.21278	45.03121
180.36705	40.61193
178.17111	50.8901
149.57547	38.39986
172.1002	40.466194
163.47972	53.039406
164.74496	37.60448
177.54124	65.45502
159.21759	39.666985
185.34076	29.774744
165.95493	62.798878
161.12549	29.294168
181.82999	44.898483
155.98271	52.849926
168.69687	28.04646
184.57729	53.510883
154.37735	45.07392
173.2	29.733517
159.25377	58.445812
155.97794	25.82452
188.47554	50.28408
150.03354	50.219906
177.5866	23.416561
169.79196	52.855915
150.13118	30.387035
188.76201	37.0605
165.66808	131.0179
168.09464	117.68361
165.8987	125.340294
155.14209	113.89641
173.91704	116.93935
180.36131	138.90112
155.47357	108.74321
182.20486	130.18567
161.25075	120.94112
179.62546	117.34652
174.9372	144.63461
152.08481	125.78654
187.21048	119.495995
157.2796	142.54787
163.37553	107.380264
184.97232	135.55432
152.46878	136.76955
183.3372	111.66012
167.47243	139.56912
152.9614	121.08482
181.3577	121.56804
159.71695	136.66818
171.31667	109.75731
173.05276	132.30463
165.31131	557.01166
176.21492	549.6956
165.93338	565.28876
165.42511	551.2038
175.1047	560.0394
158.42876	560.454
170.12819	546.9423
172.34647	564.9101
159.93748	548.8413
176.50734	555.08246
698.52423	380.92236
700.53436	368.45224
703.64734	374.14352
694.95447	375.40216
709.134	364.05377
705.7754	382.85892
692.64264	365.4994
709.8643	369.99402
691.25964	383.25568
703.0788	362.25803
710.30145	385.73627
687.76	368.70126
715.6259	370.1789
697.83813	387.68103
696.90515	360.40677
713.0468	378.46118
688.5896	375.39963
493.3211	369.73825
501.0336	387.25348
485.12027	369.47067
509.576	375.48123
497.10733	377.7972
503.09756	365.29562
502.2653	376.44443
489.8615	374.7165
503.60687	370.66446
494.15323	385.699
492.00204	358.21347
509.68842	383.53836
486.33942	379.55667
502.11142	354.33984
505.07568	391.2843
480.2054	366.7428
515.62726	368.36258
484.8484	385.89413
500.19928	360.09668
514.6237	377.92038
480.83057	374.82993
512.6429	364.3712
493.17847	392.1203
487.85712	361.52817
368.3465	372.03363
365.73386	380.26364
371.94446	365.39
377.14078	384.35086
361.40472	366.7151
379.20392	370.663
372.3439	377.21747
368.45544	361.0874
382.4758	375.73737
360.63083	374.53616
378.05832	363.71802
376.66272	389.58273
354.074	360.8797
393.7182	373.2208
359.20828	390.7476
370.47046	354.29776
385.50348	384.04147
353.03125	375.61087
384.71585	358.55283
370.63174	391.99738
362.49835	357.018
388.51785	378.44864
356.23248	384.03244
377.23474	357.9534
385.42676	390.133
352.91962	369.48865
386.54965	366.93884
365.79218	388.06122
426.8338	72.70036
459.82416	91.239876
434.0454	67.84281
466.7985	65.96689
452.9059	94.65727
419.2246	77.56091
479.9545	75.15832
429.94086	88.3445
471.84872	52.37805
476.216	77.43353
460.84564	65.27032
450.26456	59.74006
464.29727	81.8091
429.92096	46.61707
446.40176	70.89134
443.3391	87.88267
442.4214	54.978943
452.51758	104.167786
438.94083	56.739037
473.6144	60.254402
432.60907	94.039505
441.09515	46.146553
454.6079	80.089096
438.7505	80.643196
458.0848	74.29001
444.1209	98.145515
441.45978	73.18023
467.18927	94.0979
426.53027	77.67903
457.08878	48.02646
663.7677	387.45923
652.9306	371.00204
664.0248	371.28625
659.1763	379.85052
654.69507	363.98874
665.2091	378.76352
643.5411	380.77274
663.26056	363.77914
656.6426	374.97183
645.00037	369.50266
671.66	372.8972
650.52026	384.4111
657.9596	359.0904
671.4122	380.2905
646.8483	375.91846
669.54834	363.63702
657.0089	386.42584
647.85754	362.81097
171.20047	278.38852
151.2338	279.56232
168.03014	270.88513
173.90758	293.73206
158.40031	273.11154
179.18625	265.6441
159.4452	279.04477
171.2095	262.6882
181.00298	275.31033
169.37523	283.64777
177.47676	260.92236
167.33295	289.80237
155.41531	265.5568
187.65019	275.26352
157.65108	287.0995
165.92386	257.01398
180.397	291.56714
151.8414	270.61578
175.2269	273.4911
161.47739	292.13608
163.17152	265.28842
183.19363	282.63177
728.08655	44.310143
734.3193	30.947056
737.43604	60.46734
716.91125	46.13794
743.01807	34.59503
724.56537	51.627625
725.394	29.09907
747.7179	46.731865
710.7379	36.408577
737.268	38.483818
733.2827	50.21399
719.3665	37.7225
732.8596	40.452965
711.6955	54.50486
733.4158	22.857904
743.319	55.126606
712.2924	30.240152
748.26526	38.688923
719.4745	58.100685
727.5963	22.315018
739.1173	44.05278
716.44214	50.77185
740.7154	25.910782
728.7419	57.389698
720.1654	23.655058
174.15935	408.09296
164.90579	414.89224
175.35934	401.13068
171.09009	413.454
165.4349	407.63477
180.09074	397.91968
163.36545	420.71664
159.3768	393.6327
185.13731	412.9566
156.94122	411.04825
171.59457	394.2149
171.4913	421.24503
160.66594	402.22717
181.80206	408.35114
156.68375	418.1412
163.73848	397.25922
179.35345	416.14957
154.62534	404.7737
179.20688	453.65366
167.53244	469.47842
159.42068	455.16766
182.7973	468.72867
156.83144	470.17682
172.35423	458.55646
177.53447	473.67035
164.88626	462.41937
180.16338	461.3034
162.98395	477.002
165.56807	452.1521
173.79192	466.52826
157.42049	464.26498
171.8259	450.94116
169.57016	477.00455
154.7565	459.32602
557.78094	375.40372
551.48645	382.11044
556.815	357.73175
566.33563	384.37766
542.4872	369.20355
563.1505	364.6546
548.17505	387.29147
547.7466	358.67593
564.54333	376.67813
545.4557	375.50775
558.27844	368.7531
561.7726	392.13736
552.6598	372.12057
570.51276	365.8263
551.9607	391.11694
551.1295	365.44073
572.17236	378.7162
537.53357	373.63092
564.0991	358.82904
559.9105	383.2337
543.06506	362.63593
571.2516	372.3236
539.6034	381.8121
437.9546	370.29074
437.73004	384.44037
427.40683	372.40674
446.9693	370.17816
432.087	381.70828
434.63754	367.17267
455.45874	381.33194
420.39087	384.20978
439.0082	360.7712
439.74115	390.83212
424.8161	363.32916
453.54327	373.0057
431.84613	391.57318
431.30273	360.04672
445.5703	383.96606
421.02768	375.9284
446.45282	362.41745
440.98505	375.27884
423.31308	356.57745
447.7102	377.9036
426.4064	383.2447
442.50073	355.10214
443.76767	392.97858
420.90216	369.05084
453.9676	364.883
162.79807	527.8503
166.61638	502.9367
182.35562	511.55624
161.04259	515.90857
173.31396	502.1739
174.21794	524.72424
159.32236	505.27774
172.66336	515.74646
162.21707	521.50226
171.09	509.28085
177.87872	519.7064
154.56282	518.18085
177.23926	507.79767
169.61497	528.8114
163.57259	510.8663
755.7157	378.7945
740.0234	376.6497
742.6349	365.30777
743.7788	385.99353
728.53375	370.92102
747.3142	370.4552
737.8074	387.3471
737.5425	370.67725
750.0994	381.4569
731.7577	376.12802
749.8075	362.14514
745.94867	376.7342
733.03296	365.889
753.83954	368.75064
732.64655	382.64655
739.36053	359.80396
787.1037	383.1576
771.8388	371.02106
791.90857	367.11145
778.96906	376.29684
776.51025	366.9067
791.8053	373.5789
769.54456	382.14044
786.1792	363.90863
781.72455	384.89252
768.287	365.94635
783.20935	371.64026
775.5827	383.8873
779.54016	360.69998
791.46326	379.46616
768.22784	375.21307
739.98517	104.21196
731.2753	121.54024
720.7561	108.31549
732.6636	115.928566
714.73175	123.04905
730.1667	110.0662
733.4045	128.15005
712.1732	108.54314
739.0145	112.62605
721.15094	130.26987
723.9943	98.833755
744.8224	120.18782
723.6062	114.84511
734.8443	99.47145
727.3331	129.634
715.9614	115.97063
744.7912	111.992455
723.42676	120.8432
729.7096	104.07832
740.30444	127.17092
609.3476	377.55878
623.885	364.4291
610.8734	382.51886
598.6854	361.32797
617.16296	376.7905
594.0608	379.55984
610.3401	369.9024
616.1876	386.46313
594.6908	369.48874
616.6627	367.93915
601.07733	386.4973
606.634	362.95114
626.6195	377.40265
600.17596	373.99445
615.60254	359.82434
608.7126	389.7792
604.8271	370.09717
621.8362	370.20847
600.9233	379.42026
608.7908	357.3553
621.1908	383.26816
