167.47356	46.308853
158.97176	48.560997
162.12344	40.195045
176.18112	56.320667
155.45609	43.122387
164.05807	31.963764
159.15427	56.136086
154.9966	35.113174
172.83435	51.11322
150.12808	47.98153
174.18452	36.148323
172.34842	64.83671
147.22054	37.407642
171.28595	40.7549
160.60979	67.59186
167.38545	26.80248
181.98909	57.676167
144.66939	45.52591
181.4687	40.495014
164.23126	62.113533
154.14807	27.836231
187.44101	47.79047
149.70206	62.327534
177.97108	31.982746
168.31618	306.248
159.49446	302.3723
170.13968	296.03134
163.66507	313.03525
163.70737	295.15973
172.52226	310.18875
154.58296	305.22876
169.12648	288.43256
169.79103	316.83072
152.35245	298.11792
175.05473	298.49933
149.89168	310.4268
161.93799	281.29837
175.52612	315.90155
146.97723	294.66797
178.9653	292.6938
156.81609	317.25787
158.86423	290.0246
179.01718	302.99387
502.5717	388.52762
518.8797	363.32962
515.1415	384.62433
506.59024	378.67166
525.11487	373.98956
508.9629	387.83493
512.17004	370.923
517.11786	375.60596
500.83392	381.40805
531.8622	376.89954
521.2686	384.11786
503.08722	368.17737
529.0656	381.31378
505.86264	395.78677
513.4994	365.22974
526.9535	393.99292
501.27728	373.9715
524.04736	365.25204
516.7272	392.74908
508.30942	361.3206
525.0547	388.78003
494.86578	383.09174
170.58913	365.01544
168.5949	385.29294
154.31906	362.088
167.4809	373.52008
153.69354	376.4578
161.12457	362.67242
175.72964	369.91354
162.2622	374.3039
173.77815	359.11734
159.26332	381.03564
161.67874	356.21057
179.38164	365.69763
152.62254	371.26645
169.00938	354.97687
176.03004	378.14578
150.80582	365.52045
465.86685	56.2604
448.2963	113.148865
436.59418	60.01076
434.84784	86.08203
424.61978	81.01008
458.14648	68.436165
447.91812	90.75701
434.94708	74.80034
437.33032	69.876
425.1312	94.60626
443.4904	68.89909
452.89413	75.54921
411.98633	72.886284
449.33282	66.85667
467.85895	87.13576
454.42685	54.224163
461.20493	74.419525
424.85483	73.96921
477.16766	64.56462
460.9961	105.17265
442.51953	97.58125
460.78766	87.09626
446.952	102.33306
446.75177	47.325798
472.8863	101.25019
415.9389	89.26405
477.78656	74.89852
457.67978	96.41111
463.9583	64.39542
474.10245	80.012344
443.21387	381.03778
450.94736	369.43716
460.55096	391.74976
431.36783	378.9692
450.33624	384.3315
442.00806	387.9704
447.24658	374.9184
457.71503	382.88287
440.1043	363.8558
455.3536	371.9317
451.92548	391.39038
439.43756	375.26114
462.0498	373.2577
444.81348	395.99463
447.55438	362.88626
464.53027	382.9428
437.54492	391.1624
463.3811	364.27484
451.094	398.15466
433.9991	370.3714
465.65277	375.89105
433.43857	384.14883
455.1835	362.09793
755.3714	386.08197
741.1349	378.01297
757.98517	373.7138
743.3558	385.78156
749.0546	374.08023
761.5075	383.8792
748.6298	380.53754
755.5587	368.68594
749.9428	389.02945
744.99445	369.72757
761.2038	378.0896
368.99237	388.13446
371.5665	370.00266
387.57477	390.31387
367.38766	366.7433
378.53867	377.58707
369.691	401.72308
361.14124	360.23456
383.94202	374.93768
372.0656	378.00873
381.42737	362.46158
384.48178	404.00986
348.1398	372.92422
384.15314	367.6823
359.6419	389.6613
368.37973	360.85855
384.98184	395.84854
362.11014	380.04523
393.31985	372.05872
377.8008	384.68607
355.82013	367.12448
382.6183	385.85718
358.0918	396.09134
380.17767	357.38324
374.699	393.37335
356.94025	375.1711
395.9783	380.7624
363.75958	394.8795
369.7832	355.30203
389.07153	379.74826
353.99887	382.8857
174.01471	418.6269
164.37344	438.19684
152.44252	422.9938
168.91895	423.4935
158.4569	438.69873
163.88287	421.04117
171.70612	434.10776
160.41144	426.1269
176.58794	424.9969
164.17569	431.64044
156.90482	415.96527
176.83682	431.00064
153.61523	430.81342
166.79228	412.29776
786.3896	387.08423
775.08765	375.851
790.49615	375.5517
777.34357	388.92728
783.3123	374.51563
790.4557	381.81598
772.8189	380.6454
786.68176	369.45917
780.5106	383.8119
776.43805	369.895
728.39246	378.107
709.2208	389.0255
718.8701	369.78928
725.34216	389.12772
707.1576	376.72272
726.3602	369.63544
714.0489	384.85138
713.3273	368.12714
724.85706	382.76532
707.6159	382.4059
719.53577	376.5203
718.71436	388.09042
707.51855	371.3212
729.27826	35.81973
735.2834	54.648273
726.94916	44.186806
740.2308	50.706047
717.537	44.63523
738.61395	45.58921
729.96136	59.593678
733.1766	32.884693
747.44727	52.79883
731.49945	49.676643
743.4186	32.54592
748.59924	63.160515
719.3683	38.665047
745.5295	40.175816
720.2451	60.948994
721.1494	27.814503
745.187	59.184853
715.40533	49.180614
752.4232	38.06479
731.1279	68.63846
721.35535	32.97094
751.12665	47.72078
717.4188	55.439117
737.8023	24.3655
633.37665	385.8945
622.68964	376.08395
641.2383	374.0923
630.0531	377.72665
627.1093	364.88193
641.73395	381.73032
616.48444	388.68658
631.8542	372.3072
632.72046	392.8072
615.42426	373.4092
636.0831	379.63852
624.42773	391.88657
634.9601	364.25177
641.77783	389.51453
615.95966	382.39313
639.5065	367.28705
624.969	383.30063
618.8923	369.61337
164.99101	132.08388
144.51465	145.96347
147.33469	135.34116
177.30797	153.48782
146.3513	122.91487
185.33917	126.58169
162.97885	146.07753
166.12115	123.926865
177.79102	143.35281
157.36465	147.80328
180.70358	121.918945
169.32843	139.79176
152.6384	129.41086
169.65346	129.21312
150.5054	148.14919
165.5652	117.73802
168.65547	149.37497
157.92526	138.63992
175.90012	127.97475
165.62534	155.60483
158.76582	125.12087
184.78304	134.74936
152.70433	140.3625
165.90663	474.4249
171.81693	482.18246
153.91998	475.34106
171.72665	475.14413
162.00641	480.92764
163.36624	467.26874
171.2476	488.75903
155.99423	482.17023
172.11633	468.0141
163.50267	489.41837
157.40663	469.87964
178.61597	477.7151
155.16283	487.7321
675.7157	364.06464
679.6901	383.1885
670.7253	381.7777
688.16797	372.67773
675.17957	388.44275
670.63635	368.47867
689.2236	379.92218
663.786	381.67612
683.3165	368.97446
681.0159	391.28253
665.78406	373.30774
680.3038	375.5363
668.7581	388.72498
674.2145	376.00262
686.4662	385.8051
720.1749	123.071945
740.41125	113.70488
732.6813	117.110245
727.15717	109.78302
740.2551	120.6992
725.6537	130.29712
739.5723	106.3443
735.4861	131.07889
720.75946	114.5776
746.5915	120.40141
732.33124	125.1876
733.4115	108.11676
742.79517	128.07907
726.74817	119.64702
168.44287	557.8434
166.38377	570.4338
158.83044	555.37225
171.4865	565.30725
157.02164	568.37854
162.2513	560.83923
172.26558	574.7328
154.92197	562.40393
174.85031	559.8427
161.71298	574.32513
158.62683	224.3768
176.96689	232.41953
168.00047	223.9779
174.07188	221.67514
169.95657	231.23213
149.98799	210.30083
173.02644	211.54912
156.90866	229.06738
170.47278	202.88004
172.98355	236.8521
151.30049	224.77869
175.50177	206.14575
156.53769	235.85393
156.77277	216.56787
182.67947	225.65674
149.56715	236.83305
162.07704	214.15666
167.3872	241.03275
147.35977	217.04666
181.11252	214.84616
161.17526	242.23018
162.70993	208.02515
590.1023	385.51242
556.945	380.221
576.11426	368.11227
583.14813	387.52386
564.9289	377.40594
578.24634	376.32733
570.7833	377.54453
570.8261	371.16696
574.466	382.20044
563.631	384.9517
588.18195	369.10178
576.4025	389.65024
568.2926	364.69794
590.06805	375.64316
567.54333	388.36124
575.49207	361.78986
581.40247	393.84946
558.36035	373.56082
583.6132	376.56818
571.0432	396.60416
161.23718	514.6563
175.52486	528.22614
153.67953	530.1593
174.63174	519.32764
164.28322	525.3191
156.28868	518.1996
170.42664	525.12537
161.03122	532.69836
170.52872	515.0789
168.92334	535.4781
156.7914	524.17834
