723.78906	41.718296
731.81024	61.498585
735.54803	49.641003
745.6	48.679455
729.8341	36.592422
737.24585	40.783173
722.7118	61.48765
725.72327	31.194946
746.8566	55.265953
718.78827	46.66453
737.2674	29.28916
738.3424	54.852978
712.73566	33.765648
747.33875	36.467846
727.37146	50.422356
723.6885	22.684208
739.5453	63.475502
714.2718	42.429485
740.0772	33.077885
727.02026	65.64196
718.40173	29.048105
750.0735	41.219612
716.8763	53.3581
166.10701	212.42012
174.14827	221.9797
154.54916	217.13037
181.67722	209.71268
167.57666	216.46094
166.35846	206.08716
184.28688	226.9198
162.07301	222.45004
174.44699	212.0116
168.66844	228.73386
156.64346	208.9719
177.90659	216.15979
155.98062	225.11409
162.57933	201.56366
178.7052	230.01428
149.78537	219.4238
172.89326	201.52528
159.36093	231.5458
365.8778	374.83167
374.83606	376.5512
369.86462	379.6647
372.3568	364.32492
373.71988	384.76056
356.08713	379.73877
383.61972	370.79895
365.0619	386.55322
363.98962	362.77008
379.6595	390.12335
361.2619	378.40714
376.10345	369.75296
375.03732	392.2088
357.09897	366.95023
390.6369	374.60754
360.226	388.96304
369.65656	359.85712
389.4694	385.88187
353.63214	371.88715
387.5445	366.12384
363.94293	393.72406
364.50775	356.21024
382.13724	380.88248
351.07147	382.0584
377.23895	358.04047
495.05307	374.161
503.169	368.74942
513.03253	372.91867
495.83234	388.95758
506.67056	375.86725
500.123	381.558
489.34473	366.68823
511.96088	364.12762
507.5666	389.4537
497.79633	364.87872
512.43726	379.8374
490.66592	386.39264
506.88623	358.37674
515.0882	387.09192
485.9983	375.30838
517.9687	369.53143
502.15225	389.08685
501.60522	359.869
519.3067	378.2182
490.2163	379.14938
564.69653	368.20023
560.2751	375.9288
555.59686	372.31412
565.5019	378.15402
553.6202	381.8205
555.788	361.0747
563.60046	383.85666
541.4761	374.14133
571.0287	366.63284
557.0664	390.34924
549.1377	364.59903
573.35913	381.53287
547.7897	377.65366
561.88965	363.7366
565.8321	390.4019
549.04285	370.99298
569.50964	374.0855
548.5058	388.06708
611.4855	372.65778
613.74	381.33014
604.03577	375.65033
606.34827	366.9491
608.4771	380.51428
597.5761	368.9676
620.0138	373.7441
597.931	385.93262
613.1124	363.0786
611.74396	388.59006
598.45715	378.63852
619.11633	366.73404
604.64075	388.58682
602.0404	364.1574
620.32996	383.2102
592.6077	374.00623
739.96875	372.91156
743.95886	379.401
729.522	369.7133
746.84424	372.2021
731.3317	385.28534
741.0529	364.68002
747.15405	385.84515
736.58417	379.4391
750.036	366.94232
739.73755	387.18118
734.807	365.10556
751.20526	377.66656
729.4658	376.50528
167.17062	125.67049
170.93172	145.88779
152.68271	126.10819
175.6128	140.3028
159.17833	150.33237
160.49063	130.71948
181.34085	149.52248
150.39539	144.108
170.44388	133.8638
167.36168	151.7258
158.70331	141.60172
183.5889	142.2999
163.22533	138.47935
171.12955	119.796616
173.31693	154.26907
150.7016	134.63367
183.81938	131.45676
161.82834	155.67535
159.22795	122.62711
189.89523	144.84396
151.47646	154.43321
177.86752	129.4219
170.7373	415.1023
163.11372	405.24084
172.27116	407.83273
157.66985	416.29785
166.94966	402.09448
178.10559	413.84076
164.07481	414.04315
175.76917	400.64108
164.966	422.4712
158.46176	395.88086
180.93112	405.41528
152.81529	414.031
169.21005	397.0307
176.51668	420.23657
156.6146	406.6532
176.54138	40.806404
173.11229	44.304325
148.6692	37.65699
175.57336	54.831287
153.03104	53.648315
170.51004	35.178505
175.72989	63.70584
154.72177	43.279625
184.10286	52.993755
162.2185	53.909748
160.94572	41.8298
167.20116	57.506737
169.16074	47.17846
179.98045	34.72478
178.78116	75.17212
157.38399	30.877316
179.02333	57.82909
146.59567	57.03063
166.66725	24.71159
163.77063	63.903343
150.26654	45.178623
186.58382	36.52277
155.67438	66.55028
165.24205	31.20252
182.98094	64.39107
768.3355	377.52707
787.34705	370.7956
778.36993	380.28668
770.8937	365.36053
786.08875	377.8496
768.8053	383.74005
779.345	365.33618
783.5663	385.11752
766.1313	371.38864
780.41614	372.68848
775.22034	387.03632
774.0877	371.52628
476.1341	60.826733
419.6704	85.736435
464.6624	62.68971
452.82495	82.89959
430.59772	65.46309
465.0664	86.9843
457.65976	63.22762
432.5896	51.01217
458.28043	98.265045
445.34097	54.08656
463.33585	56.487488
447.85684	104.22096
438.42987	61.438255
471.8755	86.06776
440.92865	85.95638
451.99518	54.98304
449.30835	93.89465
422.86127	75.03389
461.25604	72.81935
429.26392	99.57564
448.22723	74.229515
463.458	95.75172
441.46588	75.51864
448.4912	70.063705
436.43024	96.730606
433.2203	79.350174
470.10736	69.24915
155.25978	359.82037
167.53984	342.20963
170.93228	355.63623
162.09073	346.78372
174.11008	347.2702
165.91641	351.4544
155.47801	336.24847
179.8565	345.57962
157.5637	354.0881
172.94754	336.8679
171.39331	363.4322
152.75186	346.487
182.2693	341.45718
163.45757	360.8724
163.93222	337.01068
176.6807	358.2437
725.4466	115.61835
740.71674	111.284325
728.8114	131.65907
725.22766	108.82961
741.61676	122.0776
719.73926	125.58207
732.20276	114.71647
735.35645	130.49988
716.0121	115.39107
746.1962	117.61542
725.3728	126.966835
730.2186	106.70779
736.38074	122.80925
721.1373	118.76141
736.77893	104.89976
167.65079	466.84854
154.19455	459.76288
178.08098	464.30167
155.631	472.21075
167.76915	454.47607
172.58133	472.27838
162.35538	462.55133
172.0514	460.9746
165.29135	476.94888
161.02174	456.6856
178.76164	469.9776
160.9954	470.08478
173.93405	452.112
172.0843	478.0251
429.43515	373.0517
448.97745	371.9046
437.6573	379.8612
438.82227	368.22812
452.55997	378.26733
433.01666	376.81653
442.69882	374.5683
449.46036	385.69714
432.16504	363.32428
441.3795	383.7724
429.381	392.72516
441.5272	363.25266
450.21576	392.3594
422.11798	373.49887
455.6176	364.2581
435.12875	389.1463
438.11646	357.9833
457.7998	382.42087
426.3478	382.51492
448.4261	359.404
441.36328	390.75577
425.75586	365.51154
456.8806	372.39398
166.5198	296.84335
177.09636	273.32513
173.47002	299.03357
151.11435	282.05792
171.38864	282.48746
164.13469	290.273
159.0121	270.57867
180.0328	285.2181
154.84732	292.25995
167.5543	270.57782
173.18922	291.40106
157.79573	280.08582
180.8815	279.15652
162.84984	302.18274
163.90337	276.2244
181.22873	291.30408
157.89517	286.0918
663.9995	367.72482
651.5941	380.70477
653.17395	372.80072
659.50214	374.64374
646.2165	382.5779
652.65826	365.66663
663.63293	385.69464
645.6643	373.55768
670.9662	380.43906
653.2298	389.29498
647.72705	363.56525
665.03595	376.99014
640.55206	380.1947
657.1954	361.8996
658.0254	383.31705
641.37134	369.45572
175.81621	559.00073
161.413	572.5102
165.68387	553.90466
176.35538	568.912
160.426	560.2291
172.64766	553.6239
169.54541	570.5016
159.86667	554.5741
170.94185	563.2175
159.79141	566.56323
700.6683	370.30356
701.72064	383.01263
693.43933	370.83685
713.42773	371.7691
695.71497	378.24097
689.9534	366.2195
711.2412	376.08502
688.0792	381.62723
706.3187	363.78125
701.0458	388.71936
686.4286	374.7984
703.60986	375.10422
693.7263	387.87253
697.9244	363.55923
708.5169	384.54834
155.37253	517.6151
178.3859	511.7708
166.50832	523.0007
158.29427	511.82593
170.23355	516.51746
157.05093	525.09796
172.03264	507.27948
171.52689	526.7357
164.39027	516.70123
176.57607	517.319
162.74129	528.8556
162.63815	505.607
178.99274	522.414
