731.92175	119.10978
717.04224	129.83896
727.9092	114.08203
728.76746	124.597435
713.13556	117.70839
736.5731	115.37311
725.92346	129.06302
722.03864	115.55473
742.7824	124.84761
717.7772	123.15346
735.88086	107.54945
734.06213	133.96964
718.5526	111.70726
742.79663	116.936356
722.28973	134.0772
726.69916	106.76343
738.3312	128.9435
153.71361	295.47864
170.51042	283.5362
169.7773	302.51642
171.35434	291.94763
182.16924	291.7251
164.34906	295.54062
170.45834	277.9238
176.06863	294.46478
151.14212	288.78403
181.17227	282.0638
162.42671	308.7432
164.232	287.65582
184.3812	300.94894
156.11563	302.03967
175.37692	275.56802
171.20976	308.07916
158.2751	285.2016
187.5806	292.3459
162.49997	300.36588
162.88014	278.46555
177.42473	304.132
610.8426	370.07367
630.5314	369.96454
612.8063	379.7443
622.28796	366.40692
623.5549	375.9698
618.053	371.5666
629.8885	362.5768
627.4015	382.74136
605.09094	368.3674
636.7983	371.89764
617.91626	388.03088
617.67786	360.82428
633.454	384.4474
607.1481	376.20795
632.3762	358.7282
621.7997	384.8128
610.71423	362.0874
634.1945	377.86072
611.72516	384.79102
622.01495	358.63992
572.55597	377.81152
559.1756	367.46118
569.7466	368.62054
564.6078	382.24103
562.6749	362.83636
581.9535	377.09454
563.0692	374.75394
578.3473	358.54724
569.8504	384.60413
554.0313	362.63504
575.42316	372.13858
559.226	386.93542
569.8644	362.56094
583.29065	383.0713
551.58075	376.10248
582.65356	364.87186
565.4225	391.4409
562.6791	357.21375
583.47656	371.80136
556.4537	380.92133
572.0374	356.15952
574.334	388.8863
552.7374	370.32867
181.82675	136.25931
160.61041	153.16621
158.30728	122.831116
188.59592	146.24808
164.69101	142.99216
174.8568	131.78433
171.9159	141.6461
149.50014	122.69849
184.92868	130.7757
156.26361	139.89922
167.22722	116.26747
177.94102	139.9437
166.23288	131.87587
181.7106	120.160355
168.97385	152.16458
158.18883	115.96324
188.9206	139.10938
150.68588	146.44409
174.90111	117.22878
180.03867	149.26817
159.50667	132.94418
186.29955	126.40944
156.61624	148.91437
164.90862	122.97892
175.69656	155.6937
150.64893	136.86087
471.36703	61.314148
470.1657	84.171555
439.41177	46.5884
442.4438	71.14415
424.57513	94.879616
452.56323	56.910004
462.6469	98.11287
431.59708	68.13777
479.3939	75.6481
452.74194	87.36128
459.2163	48.329082
459.6048	78.21465
430.53247	76.98707
459.44287	56.005665
443.2417	90.86962
424.22324	73.194275
448.99088	78.355255
439.03067	96.51098
447.77475	82.498955
471.732	92.625374
450.22504	62.06779
474.13507	68.64076
434.47006	81.01716
431.5274	58.352425
464.22592	74.20282
438.70532	74.48449
442.90753	51.82354
454.948	93.26182
425.71957	59.473267
721.9872	371.44644
710.5625	378.92618
712.2215	370.71222
716.00616	375.94604
706.232	371.18546
715.47296	366.2039
716.0855	387.2421
703.37665	363.73773
724.5132	376.17346
701.1232	379.7143
717.2967	359.9594
721.7107	382.0508
699.81366	371.91165
725.7153	366.74344
707.4674	384.21497
709.24866	360.72165
176.17201	480.7001
164.33823	479.4034
169.32323	476.1832
168.00592	485.159
158.04349	471.24503
183.0082	477.9375
162.2687	488.8811
171.55319	470.9516
174.99895	492.6268
156.6849	479.91528
180.57188	471.79282
169.58994	494.15607
162.7704	466.48615
180.16663	485.23956
155.32332	485.34375
174.12839	466.6635
674.2697	387.08975
663.3026	368.79852
674.8966	364.99207
664.8759	381.87335
669.6213	370.11517
677.18787	378.35507
658.4916	375.15884
677.08545	357.64648
669.37286	376.28903
657.11694	364.60907
676.6645	371.5123
658.1633	382.3436
668.7159	358.79797
681.77075	382.18652
654.02405	372.27808
682.2837	367.38754
667.8433	388.013
662.8021	360.59006
685.4956	374.0884
743.8337	376.88397
750.0013	362.54266
752.04517	377.86383
738.0772	369.3301
755.02344	370.7356
742.7868	383.12262
745.71204	369.34576
758.56964	376.42853
737.76385	375.56598
756.158	365.41635
749.9186	383.92358
742.8783	362.5206
171.2135	54.81945
156.43741	50.557888
165.59299	44.202705
181.03627	59.05078
154.5147	31.339565
181.69897	37.62468
161.78616	51.80725
176.57828	39.175243
173.9271	44.281044
152.17543	60.369488
171.24179	30.673748
172.60127	60.83608
165.8072	35.7338
192.61835	40.961903
164.14334	58.802147
163.20053	27.573893
187.90244	60.063343
155.0104	40.89439
184.82626	32.636665
165.60406	65.21796
159.09714	33.819294
189.23904	49.737854
149.39131	48.586273
177.16823	27.431845
178.08061	65.349915
149.1298	34.311832
183.3555	49.129528
159.97054	63.79713
169.9554	207.81741
181.28644	219.70963
157.37021	218.70915
175.2924	212.58737
169.25803	231.61996
167.32712	221.30383
170.39546	215.60396
159.13277	235.37341
173.97086	202.53714
175.8315	236.61833
162.72983	214.34
182.54538	212.41211
161.5691	226.56119
161.29471	203.3263
185.85861	228.63193
153.07458	225.20743
179.60628	201.60658
172.39426	226.03793
154.98239	204.91714
188.89879	215.37411
167.57977	237.58536
166.05043	201.46527
178.50621	227.8398
151.29454	214.50427
515.45264	370.61194
508.65372	385.88336
505.652	365.0768
510.2093	379.06027
490.63184	375.8756
508.00967	352.5836
515.6388	386.08478
503.85522	372.10474
515.48334	364.19965
504.31903	382.37497
503.64288	357.96613
519.4523	374.9306
499.46426	377.2088
514.82556	355.68604
510.53082	393.0103
497.16266	367.03265
526.5659	364.10175
497.31607	382.9251
509.48843	372.57114
521.67566	384.56808
489.92438	368.65945
521.3892	361.7099
497.45108	389.07205
495.5367	359.43073
525.7374	377.37915
714.0003	52.747864
738.96326	38.748093
731.9697	60.381775
726.7525	45.980145
731.81476	38.640385
715.89545	59.719597
721.4856	26.148727
738.95337	46.231106
727.3451	56.085754
745.4373	36.02549
720.3694	53.76664
725.0785	36.460808
731.67017	51.286896
718.32367	41.69189
732.11237	30.417501
743.90564	60.45395
707.11536	43.722366
743.8583	55.050495
727.8766	67.64549
715.9341	32.27521
750.05457	50.712456
708.77734	50.76879
739.70984	28.818161
738.97253	67.27053
710.15247	34.779366
748.73706	42.479317
709.8625	64.50859
730.2001	22.659447
784.64215	380.09323
769.9616	373.59958
783.961	363.65756
772.7904	380.4751
772.059	363.42032
784.3039	373.78012
766.1173	378.76526
776.548	366.73236
778.2333	382.14407
767.4046	367.77087
782.5111	369.2464
168.34976	531.8219
166.0697	515.76575
176.10922	528.01776
159.7703	527.61566
177.05263	516.6542
170.80801	537.86346
159.21051	518.43835
178.4249	523.0689
160.52756	534.9999
172.06972	519.5212
179.18777	532.9354
163.35173	522.65247
176.32166	554.5488
168.40195	574.1421
161.9785	555.58997
177.4476	573.7334
165.54443	566.2084
171.34322	560.70044
174.07195	567.5531
160.12149	561.7234
179.03963	562.14197
160.41467	571.31256
168.2159	555.1524
450.83823	385.97836
444.6185	370.93057
455.02222	356.03986
443.6337	386.2486
431.52692	365.88818
451.03207	370.67285
437.21347	377.12094
447.80508	352.35638
449.23306	391.90213
438.55298	370.41278
443.33463	364.49884
438.31992	384.71793
437.89346	354.16763
462.55084	377.40408
423.96353	379.2436
460.41266	361.91418
444.78925	376.81348
423.9131	369.52036
457.23087	370.26404
431.53662	382.99664
441.63007	359.20346
457.93814	386.59564
429.79462	373.29767
462.11255	367.3763
441.13663	393.17987
428.89838	359.60266
453.70343	378.64032
161.93565	431.3977
176.52077	422.10294
169.08449	435.88712
154.05383	416.27704
180.47627	416.3033
162.13196	438.68326
166.68527	410.58383
180.74252	434.39682
154.3213	426.9817
167.2197	417.9996
172.51518	425.7962
159.96846	411.21973
183.98058	425.857
166.7487	425.62466
174.89668	411.04028
175.22504	435.1734
159.45212	420.62793
180.0066	410.9782
165.19077	364.7866
165.31104	352.10623
186.45514	366.4329
153.62302	362.2973
178.95094	344.86017
171.05124	371.4523
159.18018	350.76428
173.49533	358.5036
161.01726	372.0955
172.25821	346.41495
175.09349	366.07928
163.96693	357.84094
182.04102	355.7612
167.29288	375.4389
158.97972	344.87708
182.0267	363.43417
155.55194	369.71597
176.8101	351.95804
178.60928	373.57294
157.35031	357.162
389.09573	365.77316
373.1923	379.63284
370.0935	364.8758
389.93784	381.68097
366.65933	378.33453
379.33868	354.1679
382.2414	381.72284
366.8421	369.89102
386.6301	375.05322
370.01526	386.8166
381.75296	368.6701
374.8488	368.9925
351.0248	371.63214
383.66388	361.83652
368.06073	393.07147
365.75653	353.7359
396.46237	379.14542
356.12274	378.3188
374.24023	361.15164
381.8691	387.9073
357.2647	367.2724
391.37665	372.843
360.9639	386.24374
371.6631	352.9802
384.13773	393.15417
360.15802	374.76755
389.00958	355.67963
374.989	387.225
361.18164	361.3817
