159.05833	189.19614
155.7203	196.79005
163.7455	183.20865
161.61014	203.48647
150.06705	191.79831
164.96764	193.95956
156.12263	207.93604
154.64285	183.69647
168.38832	199.71474
147.80968	196.48085
162.97809	176.35094
161.76614	214.94809
141.42773	187.12286
173.667	189.87631
147.2999	207.38213
155.47623	175.70018
171.7698	206.69328
139.38495	193.98586
172.51376	179.58446
151.6245	210.9011
146.42113	181.04292
175.7304	199.44157
139.149	199.4926
157.54604	53.27398
163.26675	74.979836
150.70589	69.676254
174.29726	74.745285
156.58286	71.362404
162.5032	65.039345
160.44308	81.1808
138.89268	63.236744
160.77731	60.559345
153.97823	85.41969
146.74599	63.38687
173.40433	67.82993
144.3612	72.13805
152.08621	55.913807
176.37689	81.17854
136.2914	75.09942
173.35892	55.055725
158.84967	89.72192
148.85896	58.78429
182.43845	64.78581
140.87344	80.22416
166.35606	48.128708
168.06966	84.73421
140.07358	52.892128
170.82492	60.974983
147.21072	83.02755
154.90549	46.12564
719.2212	392.2207
710.1466	389.71246
714.39484	383.34012
714.43665	399.3937
705.34216	385.75174
722.0055	386.13205
708.47894	395.82285
710.8476	376.28375
721.64056	400.2598
699.15356	384.99966
724.2577	379.78412
705.6428	401.2067
704.63196	377.26727
725.23987	393.39874
700.7579	394.2293
717.9501	377.07074
161.9229	416.43048
151.11472	406.71796
162.43947	409.02335
154.79955	418.3353
154.9221	403.008
168.40785	419.24078
147.96616	417.59235
165.73691	400.76712
157.4887	423.92365
150.10672	397.794
169.82475	412.09634
143.70522	413.1106
157.99643	396.35236
165.69601	425.40503
144.05055	406.17853
171.48859	405.85657
147.91641	423.8211
152.83829	531.6244
159.79509	541.4251
147.23766	542.0803
164.43654	532.88434
157.87076	548.08466
150.63632	537.0042
166.9766	540.04956
151.2327	547.89795
158.75037	532.6222
165.18382	548.1827
641.4465	385.9362
658.16205	384.31073
641.52075	395.34814
637.8231	374.39743
647.98956	394.06433
635.0377	391.8975
649.09314	379.25055
653.4777	401.45218
632.5721	383.0636
649.76013	388.19073
640.4491	402.22284
643.75916	378.77863
659.13824	397.0895
628.9973	389.2448
654.3119	380.06604
646.6432	403.77325
632.21277	377.93008
660.6304	389.2909
631.9169	399.2981
646.1947	371.45728
571.16455	388.5854
553.35156	386.42368
579.2372	381.34213
555.6931	396.65512
562.32904	381.96722
569.2883	398.72903
550.8359	394.6849
562.8104	389.43237
560.4093	394.86664
557.2549	376.13608
577.0402	386.92242
552.2782	402.86465
567.63715	381.39334
575.9534	397.8725
548.6437	384.7527
574.57117	375.4381
562.4777	404.82986
559.1175	370.84332
581.6817	393.72433
544.94666	392.70026
567.83575	372.6877
568.2733	405.46512
547.4756	378.62506
813.43396	384.42392
803.8322	397.23938
804.33905	379.25406
814.93933	395.8747
803.95715	387.89426
811.6373	379.30737
808.97864	394.27527
798.13477	383.90994
816.30035	389.12033
798.61804	393.03336
156.6787	480.12924
166.86514	491.72394
148.27983	486.91162
164.0278	478.9942
155.53891	489.44482
151.07959	476.90366
162.7579	486.88925
150.26468	493.61923
160.75371	473.22992
159.4018	495.21548
145.6854	480.82794
169.23044	483.78888
743.3535	69.846146
736.2874	59.131775
741.3373	60.05381
729.1488	65.05431
748.3248	61.94227
744.74286	84.355606
733.23865	53.122536
756.0752	78.51332
720.3377	72.73304
751.28326	53.913155
750.3417	81.74022
725.6848	72.793655
753.3666	72.56267
732.55457	86.412704
728.9054	47.99408
760.8644	71.57672
733.935	71.19151
744.8706	49.828465
739.7411	91.55775
725.32886	58.399803
761.2055	61.075268
723.6239	83.4158
737.4201	49.373505
752.7033	88.03247
720.1144	62.809216
753.6805	59.25824
738.06305	76.30119
359.15134	374.6933
364.98434	385.17032
367.61655	394.4721
379.15717	373.2028
379.04486	399.23932
361.0451	388.9228
380.2065	380.14706
356.17462	399.35223
372.63812	386.2729
382.9662	401.21378
356.78464	392.85773
384.85712	371.99457
364.48932	402.96906
358.10388	382.2233
376.55402	389.949
352.2495	403.90955
366.18878	370.49847
372.4043	408.40067
348.18524	383.72968
383.995	384.4424
360.27054	408.9245
360.15924	368.51273
390.26883	394.1193
349.40515	394.01968
371.4508	375.18936
372.88092	400.87238
351.75006	377.39642
388.28302	386.91058
758.2533	398.46628
766.8346	379.54688
775.04694	396.07187
761.83307	386.4758
776.76794	385.07782
763.9938	393.89758
761.2417	378.16968
772.4336	389.61398
756.71295	391.27563
771.26764	381.70172
768.254	398.799
755.6421	382.4267
477.45624	380.13376
470.52164	396.95654
471.55054	386.20224
478.62466	393.92847
463.5987	386.52548
481.83374	372.3305
477.04633	401.15213
461.27505	377.20245
476.89215	388.24118
464.13022	394.8329
469.55972	378.28757
481.73062	407.00583
455.90186	385.72702
488.99457	378.70465
464.306	404.80112
455.88947	374.13016
487.64462	390.84528
448.7142	395.4865
474.9747	369.92065
470.7168	407.0086
453.41473	380.45657
485.82388	385.29776
459.024	404.67535
467.8915	371.373
486.2456	397.3193
454.33258	391.77448
441.87338	83.27509
445.64365	100.91161
427.84457	73.65831
466.51123	98.012474
443.7862	109.91112
459.6875	70.50648
447.34137	86.92086
439.41937	99.12699
460.8185	82.46971
438.35834	113.34851
445.2771	65.90243
456.79208	102.5779
424.6586	84.14576
463.59677	74.42402
460.28558	111.545975
439.0795	78.23761
456.34024	91.27763
431.3917	104.14616
448.336	75.87147
469.72388	108.46071
429.6193	93.79028
466.22794	77.85802
451.2021	96.0889
437.3002	63.90979
470.46323	92.53353
427.50156	99.0851
454.6651	66.09662
463.82455	104.23849
436.0521	86.02797
469.70718	82.8794
153.98087	314.97586
158.84285	307.62653
167.06839	315.16232
141.30173	314.38702
168.64711	305.4048
159.9498	320.18518
142.07811	295.05194
162.60347	308.07623
138.60077	323.05853
152.58829	297.881
166.0994	327.2895
151.35696	305.24237
175.55006	299.55518
154.01408	325.5628
151.23048	291.75934
173.62338	323.38162
147.99881	312.00153
165.99869	293.1782
167.67242	319.86493
141.71866	306.34714
176.75697	311.85223
146.77399	324.55576
160.68468	296.91342
