709.4999	384.2973
705.61835	389.8574
707.80316	375.96484
713.7338	391.27023
699.8059	385.2503
715.74817	382.0491
707.65485	397.37463
702.25446	374.78217
720.80505	392.32343
697.13086	391.1785
714.5272	375.47174
713.7101	398.12628
697.1913	380.0968
720.93225	384.27957
700.02545	397.48395
473.15738	381.78934
479.12152	392.00775
473.54596	388.36
481.12646	375.73358
473.49664	398.3272
462.9249	382.03604
481.4777	383.3156
464.58554	389.34305
483.35098	369.12985
484.44458	399.84286
463.7329	371.1683
489.52887	381.89648
466.72665	397.698
473.2081	375.55527
486.8309	389.70758
460.0144	395.97565
488.8868	371.9599
479.26556	406.87347
457.24374	378.28513
496.76358	388.7807
464.34503	404.20697
477.85083	366.1524
488.74234	404.74634
455.43936	385.08624
494.34955	379.08673
473.0883	405.09027
468.2652	367.13568
491.28998	396.5449
145.02695	213.88345
163.31525	205.39102
162.31499	219.74406
146.81326	197.71237
165.91922	213.72583
147.96628	223.18567
156.45291	198.50813
175.3638	217.52095
154.21866	203.9593
165.4332	196.07816
154.81032	212.55957
155.50789	189.80118
173.0069	204.8646
143.93857	217.87149
163.98111	188.59966
171.00049	224.25911
144.9541	205.11292
172.62125	197.54611
155.73042	222.37532
147.28171	188.41634
177.38295	209.66861
140.98657	209.99788
167.49104	184.7619
160.74773	225.73967
139.40587	196.16138
180.17314	202.33615
449.5088	95.37315
450.35406	81.77395
463.67764	91.06561
443.9444	93.31675
446.3876	68.6799
456.51157	101.32861
448.92316	76.06561
453.8644	87.42955
430.87735	96.098404
456.23456	71.45422
460.83295	95.0839
428.2023	76.181046
463.2421	75.819305
434.59546	100.03827
439.9333	80.70157
463.50494	103.490074
429.61362	84.17567
467.69125	69.04744
450.9649	106.37569
438.00327	71.71847
463.32202	84.46733
436.87607	109.56516
454.14786	63.08379
457.26605	109.314835
425.55524	89.69961
469.52255	83.10285
442.7354	111.768005
433.66592	63.600334
472.66122	90.87074
439.2978	90.08027
163.92136	485.21832
162.1773	502.29315
149.03264	490.78662
164.51035	492.47632
157.21848	498.2812
155.62221	490.47827
168.75858	504.61792
149.6059	496.8509
170.55495	489.83585
155.02939	505.43945
151.41542	483.09497
168.83032	497.70865
147.82556	502.11465
159.71191	481.2416
381.44	392.9291
355.96085	374.2508
382.0806	373.6643
364.2497	393.4561
367.79657	382.22162
376.18488	385.00412
368.8537	389.83728
370.7443	372.17725
374.4552	395.16302
364.5203	376.1555
383.7744	384.65338
356.67212	392.69342
375.57803	379.0985
385.25934	401.02228
355.9081	383.96948
391.42953	377.79468
365.17358	401.2589
360.05295	369.69122
391.43005	393.09167
357.62384	400.12323
377.59042	365.4157
378.84637	402.75418
350.7984	379.96738
391.1241	387.23038
363.73654	409.3939
367.415	367.4312
390.58624	399.98965
349.84296	391.17545
384.46765	366.6601
372.91193	406.52026
746.06946	379.92517
760.9802	386.29205
749.45306	396.18106
758.52484	379.00323
759.73645	395.62775
750.4695	385.2546
765.1593	380.56406
754.4203	392.61423
752.7914	377.43314
764.62915	391.21298
746.0681	389.34845
740.6481	55.052956
742.1785	61.973534
720.9354	63.115044
748.29626	67.52833
732.21576	77.71376
736.06525	66.29286
735.38007	84.597626
737.2342	73.01259
750.7635	60.041656
745.329	85.47536
732.74243	52.20448
753.1622	72.179855
714.7432	77.89314
734.1697	59.87507
751.371	83.88989
714.68274	65.75091
761.00824	62.061913
735.3919	91.57731
735.7274	46.01787
758.6179	77.85698
729.20416	71.54476
754.05566	54.48477
740.7409	92.800514
719.58875	57.439552
760.14667	68.17099
727.9231	87.42546
747.07074	49.07482
750.86005	77.73206
723.0431	76.80205
165.22061	315.8592
157.98608	332.4695
153.79425	314.10852
174.83673	326.45587
142.13255	324.47504
162.10051	309.82977
166.30276	326.1394
149.14401	317.08646
176.836	317.53888
148.08557	331.41293
152.49721	305.91196
173.06308	337.3263
154.85287	323.768
170.56818	307.20425
156.31454	339.19595
144.284	310.5482
159.7639	321.5174
142.62257	333.24017
163.23541	303.7564
165.52403	334.5115
144.81195	319.55148
170.67706	321.50128
157.38725	557.4937
154.41422	547.5619
168.3474	555.029
149.74196	556.00903
166.87834	545.7605
159.79863	564.5836
149.34135	550.2463
162.68764	551.4823
151.46341	562.7862
159.48271	544.9519
166.56125	562.1728
570.9151	388.4179
579.6208	385.02582
569.63336	396.75323
571.73157	380.92145
580.65283	392.37335
557.14233	396.23676
578.9052	376.52106
576.2294	396.60236
564.6559	384.02844
587.2262	382.35944
560.68445	388.72253
568.74493	367.8577
589.82263	393.83942
553.47107	389.99103
578.512	367.80817
573.3515	405.17163
559.8267	378.186
587.56116	388.57523
559.3883	402.50647
570.7714	374.09943
582.4369	402.22665
554.34607	381.97067
586.8532	375.16592
567.6008	401.04282
561.07434	369.81613
660.3637	389.103
645.471	390.95395
648.13074	384.25406
653.77527	391.42657
640.48895	380.8562
655.4581	381.6686
643.39874	396.6277
649.72156	376.96545
659.0096	396.84515
636.8291	387.74005
659.6479	377.35236
647.6176	400.44962
642.8222	374.44525
664.34753	383.9648
636.6854	394.50912
651.80255	371.89886
653.16785	399.9769
633.86914	382.09384
163.41202	66.50847
161.89069	86.53133
161.30312	71.588425
162.78195	79.33004
148.72075	83.624
163.62134	55.607716
156.81573	74.24835
141.09396	62.745056
171.14685	64.39827
150.81665	89.470924
156.92056	59.191925
170.507	83.191505
148.23563	67.263596
178.42355	58.915367
147.11766	94.16789
151.14957	61.476295
182.89456	77.74198
135.07285	77.93925
162.87015	49.663536
170.08873	92.14163
138.25465	70.05495
181.4422	67.06062
141.73547	81.42988
153.91246	48.837746
175.4121	86.620705
144.71	73.64006
171.78874	55.449394
160.55443	94.706924
141.36356	53.981712
171.09702	73.21201
786.7022	395.36353
793.80334	381.74506
796.59753	395.96335
783.89105	382.5253
800.2838	384.86725
792.8123	391.62543
789.274	377.6195
801.73376	390.61368
785.20886	388.3027
799.4539	377.8687
161.56357	422.87994
147.11818	408.4749
167.08917	417.15518
144.94992	426.17374
161.13397	403.39822
167.26494	425.20663
159.17441	417.6898
168.70004	405.83292
157.62521	428.3111
154.20932	404.2077
174.69044	423.44736
148.41977	420.07977
161.97156	412.11963
166.82729	431.89777
143.57745	415.10165
169.46284	411.37018
152.76338	429.62534
153.58218	414.18912
