745.1667	61.17626
739.04553	69.69922
746.469	48.22039
746.5331	69.182976
728.725	57.464466
746.5788	53.8243
747.4955	75.97278
736.59357	55.658436
755.1656	58.584675
730.5335	64.74828
747.59235	42.68473
741.555	81.71247
724.278	48.3555
759.79974	51.67791
727.29736	70.62241
738.3304	46.01579
752.4657	71.45354
723.8385	62.389008
752.8311	47.736332
733.0172	74.31914
732.0953	46.119953
761.5763	62.97513
155.63315	209.61389
166.2471	207.47891
159.61923	215.81815
147.80705	197.54625
165.6953	200.0947
154.58041	219.2262
154.65042	196.1547
156.63043	202.47725
146.93008	208.01306
161.85904	192.05637
162.34926	221.30498
139.5865	197.78036
173.67438	200.2015
141.7863	215.95776
152.73401	189.22823
167.96939	215.7967
139.87257	205.17276
168.22182	191.42227
148.53938	219.99883
145.07816	189.61069
171.92648	210.10062
148.95792	330.36588
157.27322	309.18277
162.37982	314.58917
157.20259	317.53088
174.81526	316.67548
150.95625	323.75897
151.81259	298.51834
164.40857	321.11786
142.2844	321.37094
164.60684	308.3539
159.71332	326.69424
145.55519	310.3382
170.24963	325.71823
140.46078	326.16956
160.32828	301.29053
165.08983	329.50946
140.84077	314.02164
171.34209	305.06235
154.85918	334.879
147.14774	304.66998
649.6768	392.57788
641.67633	391.7102
646.13556	383.93445
646.7027	399.46854
637.00964	385.38397
653.95764	385.22113
639.68445	399.56168
643.1136	379.15152
656.75323	399.55106
631.7577	391.7672
657.5582	380.7998
641.425	405.60474
637.65076	376.3402
658.14716	392.08078
631.7085	397.50714
650.58594	377.37604
651.75226	403.97882
630.2211	383.0897
435.8981	81.23316
453.9069	103.15169
446.0017	77.45922
439.07782	88.88937
440.44354	101.604904
456.14386	89.80762
468.61288	89.60513
431.79852	81.84347
475.77362	92.52912
430.7937	101.218216
460.08838	77.22156
455.91553	114.07355
437.00073	92.46523
472.41284	78.53357
447.46176	107.68114
438.47076	74.93004
473.4212	99.837234
430.31485	91.42406
455.97592	73.06228
460.84735	114.26286
424.5235	78.48491
459.74	84.80363
437.47607	110.86836
449.5577	66.19908
463.10614	102.4089
421.5078	99.57207
467.28156	77.70524
442.54297	113.81102
434.32788	70.532715
165.70255	492.47998
149.08546	501.34637
156.13559	485.1048
164.84555	499.4041
149.37811	489.7605
167.10315	485.7684
153.05666	495.77988
149.47643	481.59985
159.02077	496.1037
144.05106	492.4143
160.85583	482.72525
157.24062	503.48447
749.2423	386.28775
764.73376	388.7294
756.8821	397.33112
758.40576	384.70416
765.74304	400.48285
751.4579	391.92285
769.60095	384.10223
762.1844	395.83307
752.1461	380.72754
770.31036	393.59708
751.3793	399.47006
762.5604	378.7283
161.53003	81.66314
145.15042	71.84667
176.37773	68.98535
149.17752	79.2491
151.04529	60.872734
173.86885	84.1549
161.61127	67.30525
151.23251	67.6515
161.0741	94.724686
143.18887	61.82719
169.23602	69.67128
145.7344	87.78146
164.39821	59.974163
153.9202	87.81417
136.12476	73.135506
173.7749	59.801582
142.35208	93.68541
149.36423	53.95567
165.3928	75.531654
143.32701	78.45785
158.18901	49.45153
167.4284	93.05117
136.92453	62.24815
173.11847	78.6013
136.09148	83.85393
156.46504	55.740868
169.19324	89.21095
144.61916	555.95355
164.59317	546.808
158.74252	563.6198
150.50906	545.0886
161.38118	557.03375
148.65437	563.17786
157.4896	546.9683
165.76549	562.34985
150.25021	551.00574
164.85196	552.6829
153.49748	559.7573
151.009	400.72675
164.58733	420.68695
152.18811	418.53207
161.6495	406.5559
158.13503	421.63223
145.36148	409.34863
163.95158	411.85107
147.8892	424.91983
158.93839	401.69977
163.42728	427.6005
140.98618	413.76385
168.75517	408.71405
154.15547	430.09912
154.11148	412.46695
170.99432	421.06802
143.35513	420.075
805.39014	384.0281
807.78534	395.8238
798.3518	386.20453
811.79926	388.73834
798.37634	395.98874
800.45844	380.35345
814.4345	395.34528
795.51465	390.9543
811.61346	381.7834
803.4028	400.22403
696.8919	383.82233
718.5937	389.23047
703.6786	401.44632
705.7847	385.21957
717.2357	397.38275
701.2778	389.86337
718.46497	383.29834
706.59406	395.27448
706.36255	378.0914
712.5199	391.91916
696.90344	394.8206
712.3515	381.37607
710.9382	401.91748
355.1782	380.61023
376.8329	395.35364
366.0457	391.45303
376.47137	382.43106
376.61942	402.9339
368.39447	386.42035
380.48843	389.47772
370.0588	402.03012
365.96246	370.45517
390.41034	380.26883
358.03693	403.92938
376.794	371.91812
383.58417	410.39093
359.90936	384.627
393.90753	387.66132
361.093	409.74603
364.96805	378.5008
391.7471	396.89322
360.19543	395.71368
382.13266	373.36182
375.15826	408.88455
356.28928	374.12384
383.35452	394.3958
351.97806	399.00922
372.24417	367.06342
387.70538	401.88312
349.71628	386.8447
384.5086	380.15884
366.505	411.2309
469.48422	388.8089
488.56348	398.0129
468.8625	394.4948
483.90738	376.0231
480.06464	408.52353
473.89752	379.86856
481.4839	388.91437
465.2434	405.36606
478.93115	383.4214
481.34564	399.6101
463.73828	386.91473
489.45416	384.91608
474.9754	397.50507
466.78262	378.62585
493.288	393.7921
460.75357	397.75763
479.49414	372.43842
487.47974	403.2991
459.2132	384.2778
495.0009	385.22702
471.88654	402.81888
472.18994	372.76343
575.7541	394.96332
554.5741	391.16528
566.7494	386.09787
570.2123	397.08487
554.4784	385.5114
571.94464	387.70724
553.4619	404.25485
563.92883	379.1959
575.539	405.55823
560.77655	388.71368
577.5128	379.78308
561.7329	398.1479
553.6253	377.371
579.6285	391.3355
551.27686	396.14642
570.84	376.08112
568.4483	405.50018
547.89526	385.0011
581.41156	385.0586
562.41284	406.49106
560.3849	372.69208
