372.61282	399.16617
364.1164	393.41232
367.8697	390.1324
374.12775	406.15775
360.99707	387.47864
373.87323	383.14127
360.89594	406.50714
357.72012	372.42853
382.65268	391.1677
348.20157	394.64667
369.18826	377.1495
367.44904	400.96262
351.42987	388.92734
377.7309	388.77707
352.40686	405.28558
361.30106	379.76617
380.32693	405.4399
342.90363	391.8736
377.68753	376.04636
360.23688	414.3056
350.47906	376.8242
381.94998	399.7118
348.9206	400.21198
366.69647	372.79828
367.12772	412.6398
345.41864	384.92722
161.14365	471.51743
155.18895	480.31372
154.23982	472.44858
163.62067	479.23242
143.05118	477.38242
160.48904	464.1657
152.74313	487.844
145.4581	466.13043
167.01523	471.3415
147.15619	482.97397
152.60489	464.55167
162.09897	485.58853
147.355	473.15576
156.80984	64.634834
144.8428	64.15518
136.56583	71.22094
167.68277	78.25513
149.06303	70.90696
158.7297	59.289845
161.14757	75.26193
149.19525	56.32599
163.89824	57.905243
155.53717	72.27166
155.0602	53.2476
170.3577	68.39883
138.64882	78.53732
166.66415	51.361214
155.16223	80.40459
138.7601	54.374626
177.04712	73.422714
142.33768	82.90969
158.2005	44.985237
161.6793	86.35333
139.27098	61.165028
170.846	62.397125
150.14182	84.59062
148.64717	45.210472
751.55865	69.29155
740.02454	64.44493
754.1639	48.404705
735.16437	74.48915
745.2673	49.83386
758.0003	51.483917
734.024	66.11485
744.0969	58.6273
752.3536	74.52968
728.7074	52.464184
749.97906	61.8673
741.5823	78.56166
738.7967	53.438152
758.4918	66.76524
728.73584	69.864
747.7606	45.66224
747.05334	80.955956
722.8502	60.76773
757.37427	60.280914
733.45807	81.660645
735.9842	46.17293
761.9275	76.345436
723.0633	72.983376
799.84595	381.339
798.8948	395.03827
787.1955	388.09662
803.8496	390.3258
789.11224	399.468
795.6784	388.49518
802.634	402.40546
788.1964	393.93536
806.88184	384.43643
795.24756	401.75525
792.71277	382.00702
807.99994	396.8473
437.83023	115.45125
457.0858	71.66758
437.1163	94.74147
443.98892	80.42003
451.1027	97.74046
461.1792	102.77057
453.09555	76.950935
460.01367	96.306206
433.93988	88.32934
467.32285	69.59935
444.20776	109.888306
451.31635	86.50795
472.4315	93.824776
433.3619	99.949104
447.22348	71.94925
459.61334	110.34477
425.36108	88.34818
463.56866	79.917015
443.48114	121.096596
433.31876	81.521614
476.95908	100.0965
422.43353	98.80349
477.02496	86.22277
450.35043	112.31063
427.66397	74.02871
459.35327	87.63143
427.78384	111.22716
437.76154	70.99622
466.7001	115.357994
445.66156	89.494644
693.82135	389.19843
687.79553	399.8475
680.2993	382.52872
691.7288	395.91498
678.05206	398.42047
690.588	379.42188
694.6401	403.48227
676.9113	389.35703
700.1703	390.3565
683.73	403.8615
687.2263	385.74738
699.7058	398.06
682.29376	392.1464
697.44995	382.14963
460.31372	396.83902
459.8706	384.51022
474.38666	391.30518
454.98495	399.39716
466.04486	391.92148
469.87408	398.8277
450.99643	387.23996
468.66782	385.8203
457.12714	407.958
452.96646	379.34106
478.05756	397.80338
445.38623	398.53284
465.49017	376.12402
464.27667	407.82764
445.93555	386.1245
476.80103	384.829
450.70175	403.71237
459.2641	375.708
474.27856	403.80008
453.01074	393.32104
470.91782	379.99265
743.4568	397.64987
738.48175	381.28275
753.36163	392.8412
734.9245	397.46414
746.2623	389.86435
749.7786	402.29706
733.7097	388.28287
756.4684	387.3975
740.8949	403.96234
744.93335	382.12582
755.38763	399.9311
739.7053	390.96143
750.8953	381.68878
157.03432	401.03357
146.89401	393.6536
166.86139	394.20178
148.3641	407.6761
156.47878	392.92096
162.39636	403.1283
139.69118	399.0019
163.72556	388.63147
153.57486	409.83423
150.79257	384.65182
168.55986	401.98212
148.6716	399.89383
157.75635	385.7979
160.20163	409.72052
144.16965	388.63016
153.8874	190.23256
146.57193	209.37607
155.60349	171.3054
165.38101	205.72751
149.39052	193.93942
164.67618	185.86627
153.08604	199.20341
152.3755	180.16472
170.71053	190.09007
142.79451	200.71432
159.20421	185.65337
157.6565	209.42935
146.51596	188.07813
172.04404	181.00723
152.73856	205.972
145.73448	176.22957
169.90782	199.49977
135.29616	193.28139
159.90555	178.35596
162.21364	196.40971
137.10654	186.48053
162.07214	300.4359
145.72044	307.05115
159.42989	294.76892
155.25674	306.2177
150.37022	303.96793
167.70291	295.7459
151.43222	313.90927
146.08228	289.90546
167.8222	303.48416
139.81296	309.41132
155.06851	287.87283
159.60464	312.08298
138.23453	295.8738
171.397	308.67575
153.3082	320.95905
149.61363	295.4814
162.01492	318.67487
142.48193	301.18036
165.78847	287.89108
627.3364	398.87897
623.0085	383.87372
629.39307	393.61362
617.4094	397.22333
627.66235	385.0943
636.21375	403.16547
620.2284	390.61862
633.8974	387.2553
621.12933	402.69385
618.9872	378.64117
639.0587	395.93213
611.5892	395.4423
633.71814	379.14325
627.7891	405.5899
612.8096	387.26093
640.03735	387.37137
151.02177	558.6329
153.4859	544.8141
165.11513	554.4518
145.65788	548.8876
163.64874	538.4796
154.1519	551.78503
150.36012	536.66583
166.92474	546.446
144.25223	554.52075
156.18822	536.37604
158.8433	555.96655
144.19986	541.1832
160.65623	546.8226
541.8619	398.75336
545.46387	377.53754
555.2356	400.65897
546.4543	392.79303
557.6787	380.66638
551.0027	395.1398
543.65814	385.46243
563.625	398.25043
539.2909	407.37955
551.6971	387.17218
561.9027	405.44757
536.81396	394.13055
563.5935	379.482
546.30396	407.36798
537.6676	379.64935
564.53534	391.79987
531.1243	394.37766
551.34924	376.8175
552.6599	405.78275
535.8331	386.69916
560.2047	387.0615
