157.55205	185.0136
164.87242	188.23488
158.7553	175.40482
170.06706	184.01178
153.78258	181.99905
170.84901	178.76523
152.23807	199.96173
147.66257	180.17877
177.03145	185.74673
150.2865	192.53282
164.80113	167.59827
165.90329	195.90825
142.89613	174.131
173.998	173.54428
142.90524	193.02664
157.58017	163.55531
173.69125	194.49066
143.80212	184.02975
165.77344	174.05876
161.58014	197.38287
149.09207	166.72905
701.7959	386.73593
694.20984	388.72968
699.36584	381.9681
702.1508	395.12775
687.9436	383.77997
707.084	376.72018
695.94006	395.75668
690.3651	377.2733
709.4355	389.08298
683.9458	389.08868
700.7156	373.1777
697.0897	401.21948
683.1929	380.48383
710.77405	382.79355
688.0988	396.05338
695.61316	373.4588
708.3176	395.6807
752.5248	387.25116
761.1363	381.64124
756.27435	394.56293
750.57623	378.46942
761.0328	388.03003
746.7533	390.1702
762.4225	375.4229
762.00726	397.06927
746.69666	382.4969
768.66595	383.77155
750.02344	397.04446
755.39813	375.639
768.203	391.7526
148.94829	482.84766
163.18814	480.1827
162.83391	490.78656
157.92691	482.8824
173.27855	484.4803
155.82951	492.05566
160.231	471.13193
168.54564	497.66446
142.9238	484.6115
172.27975	477.60724
151.2059	497.76703
154.55972	471.12543
167.26698	489.67862
149.04865	490.26505
167.51059	471.73663
158.7042	500.11572
148.6918	474.431
164.39514	285.44336
149.39084	308.97125
156.34323	293.07626
165.70474	303.37646
149.22194	288.6369
172.78894	277.84213
165.61557	293.0945
155.85323	286.22974
179.38509	291.12604
147.07477	299.7839
155.71884	279.65967
161.10635	307.51886
143.76498	282.66107
172.57353	289.00684
152.73271	302.23312
155.07906	273.55826
171.67319	298.7508
143.69003	289.83704
162.8497	276.78766
157.70734	299.56644
149.16452	552.1318
167.0796	556.63696
153.91144	566.9635
161.58176	551.346
166.94711	567.37585
152.92935	557.8572
167.3506	549.41266
160.29953	567.4252
155.75552	549.5852
165.61917	561.71545
148.73058	563.3651
163.21841	387.5163
160.5643	404.9942
150.2692	386.90155
172.00906	390.99506
151.78722	395.8415
155.68439	383.68903
174.18283	398.34442
145.19757	395.29828
167.42615	378.6381
157.36887	394.54028
152.0665	378.4664
164.76169	396.4509
148.06128	402.274
160.6589	378.5572
169.38438	403.28696
143.71945	385.5413
171.24875	384.93207
155.21097	404.86884
619.6221	378.39465
630.70795	396.18878
624.0557	388.19122
635.2465	370.79446
622.376	394.5756
616.2818	384.34613
635.5357	384.11142
613.3737	398.66754
628.2874	374.6946
636.8971	398.95248
608.4264	387.26556
626.9226	384.43427
621.4435	400.31744
615.66345	373.2414
637.92	390.00262
612.77386	391.71747
622.12244	370.5763
626.78436	400.80695
609.03937	378.93753
637.78357	378.50815
728.4906	72.895256
738.1251	41.745056
756.3333	67.650795
736.00037	58.766956
742.64954	48.530853
738.578	68.58108
733.598	46.612648
741.63214	62.956013
728.6557	63.91041
745.4598	57.74447
748.4743	70.69047
728.53107	56.03659
750.58405	47.511078
735.0187	76.12197
729.96515	41.847366
760.338	58.091908
721.6197	56.514782
745.32196	41.303303
742.7593	73.60171
723.1522	47.880558
754.9339	57.068413
723.4156	67.026764
444.17316	92.009636
467.08643	105.742836
444.06958	100.15111
458.128	81.40059
455.05502	86.09815
438.84708	81.504166
468.02524	78.81464
435.63974	93.66793
447.61713	64.95911
457.7037	98.79411
435.22934	87.24137
474.97314	92.29613
440.33063	107.746994
441.14902	71.84112
467.95395	85.98842
429.0482	93.53737
464.83282	67.9095
453.3022	110.85463
432.7185	75.09809
445.3474	82.33172
432.3482	105.70115
455.67676	69.05844
452.64862	105.0375
426.97226	79.11876
458.28125	74.75582
452.65826	93.406265
435.58798	65.112
808.0912	386.99615
793.2738	390.4593
806.55994	379.20145
804.5469	394.81226
794.4622	379.95093
812.3562	382.15625
798.8149	393.7237
801.2196	377.59912
811.0015	392.92014
797.30286	385.7686
550.7758	371.31842
546.68243	396.94305
530.91205	373.2895
549.39307	384.2707
539.0487	389.38632
543.9475	386.5805
551.38763	402.94977
535.4073	383.2989
557.04016	374.21222
537.0585	401.19446
540.5408	368.5467
558.8954	387.93414
533.915	393.36697
544.8309	375.30685
543.75433	402.62122
527.70056	381.76044
556.00793	382.55026
530.16644	399.32288
537.34283	376.9228
552.28284	393.2266
527.59784	389.16046
451.94855	386.76172
454.7233	391.82596
450.7452	374.8874
460.66342	387.67578
443.25024	395.7919
464.04385	379.88733
460.2	397.1675
447.38824	381.87372
467.4164	387.19586
454.01132	400.39142
452.79834	368.57526
473.01727	391.66806
445.54126	388.33115
466.99005	371.343
460.82813	405.4204
443.26788	375.62506
474.89838	384.76752
447.7334	402.0822
459.82397	373.13138
467.51328	397.10602
439.4149	383.31696
471.20923	377.79813
361.78265	395.4034
362.14618	386.84732
369.47934	389.03394
356.05804	392.1509
376.83887	371.12384
370.38187	394.82266
349.81268	375.35114
383.58966	387.32584
353.71848	399.64142
366.75262	373.90125
379.82193	393.2447
356.82806	382.80566
370.7254	382.63885
365.45755	403.2246
358.1214	374.32794
384.56097	379.92145
348.2851	389.3825
368.81464	366.84845
372.0881	403.59485
349.3742	382.51566
377.1194	377.9393
358.76385	402.06906
361.16913	369.10806
379.05402	400.11823
138.81992	70.14364
175.50856	51.78838
158.5582	72.17211
158.55008	55.242096
181.83847	64.15248
152.36403	64.99773
159.58218	65.72823
173.95682	74.423935
142.88133	54.45584
165.39476	56.27085
150.06062	83.37454
149.24457	49.685963
168.03036	66.33988
146.08624	73.06841
161.4238	48.48529
166.46225	79.97199
134.95137	58.911785
171.915	59.225365
152.25824	73.54153
154.92096	44.890816
174.04288	65.61885
145.89722	63.45446
166.11597	43.638622
160.1851	82.827286
