593.4261	390.65558
583.09485	393.21255
588.654	384.3398
587.9443	398.7024
577.317	389.21436
600.0655	387.9041
580.2711	398.8449
582.6028	384.0616
602.11176	395.8332
572.7344	396.02637
588.2418	376.03662
591.872	405.61545
574.6983	379.8259
604.1784	385.37677
575.18176	403.0817
581.6466	375.17313
595.6912	401.13754
571.43475	388.05698
594.2509	378.13324
583.9253	406.9726
655.7344	388.28088
669.57153	392.17328
656.17957	395.22366
657.55176	382.67786
663.2024	396.1476
647.12134	388.475
664.12415	386.37854
657.4967	403.41534
657.102	377.2032
671.27625	399.31494
648.27997	395.23322
666.4054	379.17294
664.02155	404.24725
648.43994	380.41718
672.2467	385.8328
649.88556	402.31683
155.53442	483.99887
163.62656	498.67535
147.63351	488.07065
163.67944	487.0814
151.13931	498.96402
149.92339	482.10336
161.62318	492.93515
146.334	494.29108
161.15202	481.28644
156.7612	498.0651
144.54361	428.75644
164.31174	428.146
153.00194	438.09082
155.48419	419.65387
164.68404	439.60858
148.75423	433.03378
164.16792	422.49487
157.91057	441.1451
148.5263	422.20084
163.03789	433.83456
147.54109	441.82056
156.82083	427.45526
159.91414	351.3416
151.63965	344.78033
168.69783	352.6751
149.51773	359.8144
161.41202	345.1078
160.73058	358.07748
147.3711	353.41995
158.15144	338.5374
161.81085	364.8303
144.74092	345.66803
171.86415	345.36145
144.2999	361.04596
152.07655	334.56613
170.22165	359.6349
139.94351	351.43213
165.48703	337.7924
154.2045	365.05414
142.35764	339.56046
450.7556	91.747604
428.33325	100.78899
440.5624	75.88521
454.18744	98.65893
444.56534	89.92482
454.90063	75.81118
445.37534	102.362
435.19794	88.7786
466.86026	97.40464
427.56705	93.44228
462.68524	85.04194
453.38174	106.53861
433.4003	81.26338
476.65952	91.09322
436.6544	100.15575
452.31635	84.03393
462.35846	108.17384
426.68213	86.716995
468.8299	72.563866
447.2503	117.29402
439.58804	68.94287
476.36728	101.69309
423.95508	103.83095
457.27094	68.60673
458.38727	114.81283
429.4944	74.961075
471.08405	79.90864
435.6097	112.65791
447.40594	70.78211
460.90363	99.26527
363.87018	403.6081
380.80466	386.247
362.75583	386.7447
364.60382	374.49512
373.10886	388.14227
369.6603	398.01404
377.1763	375.77747
376.8026	402.0944
357.27817	384.61887
381.59705	392.24033
365.85605	410.19086
370.56668	382.7618
394.32104	404.9719
359.0859	393.27493
389.2221	375.89996
383.9326	404.94104
356.92065	377.723
391.49274	386.53223
357.0543	408.35303
371.40244	367.094
384.94473	398.02216
349.9654	398.13583
384.31668	381.04343
371.88873	411.85748
364.07483	368.05408
394.40326	394.38522
356.56683	400.4232
378.81714	370.22736
378.06363	412.14056
351.78046	382.14786
161.1071	230.98898
157.10484	242.2631
151.9872	226.15413
177.02313	248.15329
152.06383	234.26859
159.24983	224.58748
163.57814	241.4895
150.57832	213.33359
168.9907	227.32011
138.64436	231.41797
150.9111	220.60037
160.87714	252.41794
146.64133	235.22641
167.86958	220.38187
150.77138	245.91678
138.44968	222.4338
176.4516	232.69751
137.45901	241.60799
163.47942	214.52678
152.9974	252.88315
144.43877	224.70671
176.64166	217.77536
145.67075	244.32751
158.14124	208.11572
168.66574	238.2353
132.05313	231.95792
765.8464	381.01816
760.6079	398.1912
754.88947	382.14423
764.62604	392.8471
751.40344	393.98175
760.5519	385.0847
767.9728	399.20966
752.77356	388.07092
769.59753	389.03928
755.5958	399.50946
479.5882	379.5948
489.41205	392.12277
485.99078	398.27765
494.01474	383.47516
501.10663	400.10004
466.909	382.69196
511.8607	389.54254
477.16074	394.03278
485.20566	387.59952
509.62183	401.80707
479.1927	387.46555
502.75543	386.4756
478.89423	402.5573
494.75873	375.4564
494.83954	392.59653
471.47552	406.46588
494.40518	369.10825
493.22284	409.97208
471.66602	388.6991
508.67987	382.60236
483.94833	410.45636
484.878	372.86536
500.19833	407.33954
470.63037	395.54483
499.87695	377.6026
489.5314	406.27298
476.98526	372.13654
507.2138	395.73364
709.00793	398.26654
717.0076	386.52356
724.43933	399.891
711.293	390.35773
724.7467	387.0454
715.90436	401.44366
712.7536	380.42783
725.4808	392.62262
703.6741	392.17798
721.5097	380.39624
717.40247	395.47726
706.4149	384.62216
177.16566	93.75107
156.57059	100.73799
148.11821	75.415146
163.7529	84.30885
146.7484	95.42169
151.52208	63.73476
151.11081	84.51442
133.86137	68.889046
181.14194	74.207535
140.8754	83.864655
156.56616	77.737564
161.48239	90.18209
147.81662	81.68901
164.26135	75.635216
137.3519	97.067856
154.99564	70.72603
171.1729	96.142685
141.64764	74.56966
171.05196	61.69433
145.01328	104.09017
142.45412	63.18587
172.45343	76.242836
136.41977	89.603035
164.3235	57.185547
164.00502	102.884995
128.31705	75.87678
166.15863	68.03959
163.19376	108.51089
151.91956	55.016182
176.15953	84.8241
740.89996	72.66632
736.7754	63.368874
754.1721	79.55273
730.6309	59.233265
746.1316	68.20302
736.51184	77.84529
737.1946	46.76674
762.87274	79.75334
728.7668	73.08888
741.0012	52.389515
738.9319	83.87116
735.7057	52.851246
745.56836	80.77916
720.7693	79.43573
749.77423	50.54494
752.9195	87.10976
722.8337	68.2435
762.5751	62.591034
737.55676	91.14001
746.8717	59.580627
760.24994	73.05104
729.9354	81.89336
756.99084	60.651325
744.6505	88.97284
722.8213	58.949074
754.4767	68.29829
150.38696	553.0269
156.75659	536.45087
160.37286	554.54675
151.41039	542.8506
165.07608	543.4197
154.91989	548.7523
149.18074	535.808
161.0049	547.6232
145.32576	545.9296
162.44409	537.1622
803.5059	393.59607
794.1766	389.69937
808.1478	387.8039
796.8274	399.2392
799.7993	384.0199
810.6202	393.7115
791.4208	395.05072
805.8265	381.92545
803.6172	400.12656
793.4182	382.93683
