175.54446	411.13873
164.0553	418.63306
171.61111	404.18164
171.94595	416.5118
167.14105	407.73868
180.99771	400.8177
169.39973	423.20758
162.37785	396.4699
181.46992	411.42383
157.6152	413.00797
176.09892	397.58008
177.83952	423.64032
160.70367	403.22922
186.9584	406.55402
159.3612	422.07196
169.91592	394.6164
181.73334	419.05722
157.87308	407.62213
403.03427	385.8954
393.43365	385.29144
389.62448	380.32446
409.92465	386.1249
391.43323	394.84836
397.03033	375.87405
397.13782	392.72504
382.96045	379.2768
405.78613	378.22723
381.9051	404.5687
390.6132	371.97357
404.28253	397.8437
385.61786	392.64758
401.44275	372.21942
395.9847	399.06677
376.04755	376.116
415.2934	378.96786
378.98056	396.43884
391.8185	366.19476
411.42764	396.45197
375.46194	381.8095
410.2708	372.46704
389.836	403.74673
381.1011	368.59872
415.32526	389.12265
377.2468	388.15024
400.6391	365.35602
398.52676	405.2106
159.87535	192.82874
183.28238	201.29146
177.85835	196.57535
169.91708	187.08797
177.08725	205.67924
154.83345	195.55698
176.42725	189.31671
166.06114	202.49017
160.52817	182.95013
183.64209	191.82152
164.94498	196.481
176.27136	181.34448
181.32144	208.75484
147.89967	188.36736
183.97833	181.8487
167.89964	213.6348
164.5972	177.14026
188.69519	200.84497
150.98767	202.12535
177.85353	175.04527
171.9114	207.73796
157.80727	176.12282
190.0833	189.78629
160.84856	207.73459
169.29178	175.65457
175.63065	498.0301
165.20865	491.7874
177.53775	487.73285
169.94052	495.70166
161.78735	479.29248
183.17802	492.1351
161.73557	503.32382
173.02583	483.8747
172.50871	503.97406
160.233	486.1057
184.39406	484.7106
163.18578	497.47617
167.71747	481.1646
181.14384	499.95355
157.26712	491.64102
177.1055	477.8437
857.68835	391.34528
847.21924	379.53485
862.10706	385.92645
846.9824	389.1772
859.85583	378.26617
864.6732	392.64435
851.626	384.3129
865.4845	380.44876
852.881	394.40182
854.08777	376.1246
819.72205	386.14557
808.27954	386.49765
816.2134	376.4705
815.8431	390.96576
807.9503	375.4805
824.9925	383.38284
805.93396	392.50348
812.08136	381.0153
823.90546	392.98206
803.1275	382.3941
821.7738	377.15964
813.1581	396.79163
154.33583	305.41168
181.33113	312.11243
165.8602	315.4939
178.20485	303.23328
172.68292	315.2563
163.16855	308.70905
183.59758	300.81253
165.90048	329.9449
161.42503	297.6158
176.50099	320.50192
169.16159	304.66214
174.20847	291.43735
167.5328	323.1515
153.39268	297.8781
191.12054	306.55518
159.80621	322.82327
170.00826	298.9151
183.87732	323.67728
153.37698	316.99048
185.0618	295.37976
176.37079	327.19415
164.16048	291.0733
188.53848	317.10458
159.1463	312.93225
792.61646	50.632492
786.9941	55.611103
776.94617	56.987926
796.0932	59.299065
777.20013	66.59743
779.4118	40.396984
793.6527	72.01851
787.03625	65.233765
797.85077	44.506634
784.54535	73.72922
780.5667	50.412228
794.3922	65.3818
773.2258	74.59154
786.18994	48.8144
805.42395	71.53685
769.4071	60.865265
805.14185	49.62283
780.0692	77.286545
775.3436	47.025536
804.19836	65.06824
769.267	66.42867
790.4862	40.84871
792.8873	78.423874
766.9366	50.812313
806.4095	57.354706
681.26306	396.3022
682.89343	381.59814
692.5687	384.25153
676.0766	391.1766
692.759	375.24518
687.9695	391.5323
674.3024	373.2755
687.6858	383.041
671.8999	395.90756
690.67566	367.50922
697.4542	399.87015
678.84216	377.77347
701.3264	381.9264
686.75964	400.898
685.0759	371.61456
701.368	392.05908
669.4628	385.98965
697.9821	373.34317
691.32776	396.01752
670.82446	379.8854
697.9666	387.493
752.36475	390.53253
762.60205	379.18634
764.0916	394.55017
753.8168	380.3234
772.5597	378.6879
758.10974	390.6886
757.47845	376.0657
773.20496	387.47928
745.87366	390.96957
765.8965	373.12363
762.6292	399.533
746.8119	377.21643
764.3711	384.60092
752.9921	397.84558
756.2276	370.6331
767.64844	390.4363
746.27094	384.1305
485.85016	74.78978
478.11835	102.444824
472.67325	80.956856
480.43423	93.20933
457.92828	99.41329
486.70776	86.68133
493.11407	77.04534
469.90732	93.86003
494.78433	68.476944
480.07877	84.11192
471.23236	70.3453
492.48663	103.74973
464.7022	79.83807
488.4335	64.80085
489.44208	108.46832
457.74225	78.2685
496.19922	81.706505
474.07635	99.43658
479.67218	63.88633
501.0008	95.64297
456.61053	84.69555
501.2857	85.25592
468.1019	108.899155
469.88095	61.637043
491.14178	97.26962
463.72687	90.91322
478.72794	74.85416
480.5805	107.572716
460.17734	69.67798
508.62598	377.81116
493.00024	387.8275
503.5354	377.78098
506.95313	388.77826
500.64648	383.9616
506.27896	370.76834
498.01675	392.685
488.02075	379.63812
514.7766	394.00433
489.02985	394.8314
495.27472	374.07623
505.29352	396.6416
481.1979	383.40256
516.40485	378.0279
494.9048	406.35416
488.4603	371.59695
520.3045	390.29465
481.99213	394.4424
503.3234	365.27594
502.88794	403.37973
480.23502	376.17227
517.8649	384.03192
490.70483	400.6484
494.09662	365.78705
510.94672	400.29495
482.87823	388.67285
513.25964	371.3406
176.09177	75.569
152.26085	62.95453
182.28258	69.95445
164.26163	74.46155
178.16177	44.612026
172.40689	64.13463
165.87708	66.43623
189.07077	59.441853
167.5448	79.547455
165.79953	57.914223
181.9105	78.29921
152.73697	71.68968
174.19843	55.78321
171.02338	84.18867
156.91591	52.38147
192.51163	65.81222
159.26744	80.648674
169.29955	45.428818
191.01062	78.13483
161.09431	67.43673
180.38669	58.914684
161.7521	87.594536
166.3255	51.744865
188.5032	70.73327
145.93448	74.398026
184.51122	51.699425
180.34846	86.13289
150.90668	56.393677
606.4572	378.96527
590.13403	402.43982
597.85516	374.597
609.3206	391.32956
585.68964	384.4264
612.76184	371.50595
598.69934	391.53375
583.55505	372.59396
604.65686	385.3913
592.0926	386.78183
598.043	384.56735
605.1694	401.0827
590.0876	378.79718
613.1786	378.81586
598.78546	403.62445
591.17035	368.79395
617.8311	390.46164
581.4547	391.6123
604.86487	372.13748
596.5055	396.56458
580.3967	379.6716
617.7538	381.81735
585.35944	395.75912
599.5293	367.52936
610.36536	396.807
160.53325	561.0304
177.53564	548.055
172.2696	568.6157
160.82152	551.1487
175.54306	560.24554
164.28314	567.5411
172.83383	552.1127
179.7859	565.206
166.1443	555.48254
182.09853	555.46857
168.32907	561.411
167.71977	546.73236
