733.51917	60.539948
729.4666	69.22399
744.02826	42.060223
755.6926	66.19725
717.1059	61.431416
754.18713	59.994576
748.1508	67.48011
729.4127	56.864258
745.51013	56.946278
740.5399	67.660355
743.1114	52.222057
742.633	87.96416
725.2227	62.672546
762.162	46.39565
728.3825	79.0215
732.7419	41.624313
742.90015	74.20964
715.5804	69.405174
753.7877	53.07911
735.8567	80.724335
726.0522	48.06498
756.954	76.217186
724.71075	71.623184
750.5914	44.981018
751.974	84.73679
719.75354	49.564934
159.88617	480.74838
151.74615	486.0639
153.91652	474.15216
163.55171	488.57672
151.9436	481.69077
166.19206	466.1473
162.2918	498.62296
144.3108	474.84064
168.39554	482.38385
148.8406	491.57114
161.71794	473.52435
169.80287	490.76636
142.77725	487.64087
169.84857	476.34393
157.1785	492.175
153.05772	465.9693
175.75766	483.50024
148.06645	69.30459
151.28929	64.89896
173.65385	85.41259
159.6526	56.642586
174.11147	64.49958
160.86505	64.58897
155.38472	45.112144
180.07886	69.83994
142.30049	73.89177
172.7077	49.770935
152.81723	76.09808
149.59375	55.20329
163.58981	71.55721
148.81699	86.007195
167.86258	55.83844
173.42513	79.02062
138.63231	56.80611
172.2392	42.943493
163.08409	80.42464
147.47745	45.70519
169.3512	68.650764
139.57748	63.160576
165.8765	46.867348
158.37625	86.45111
142.45345	52.101665
178.82037	61.265106
138.53262	80.287186
545.3853	373.7229
555.96313	396.63
540.17706	391.93204
557.41675	383.94345
548.67395	390.43353
545.3094	382.1577
561.93494	393.9675
551.92224	383.95856
557.5148	377.0214
562.5585	401.22668
533.0019	385.26846
567.69	379.70187
545.1237	404.56464
545.3766	369.0401
569.0993	390.5424
534.8497	394.8045
563.40125	373.03735
553.03357	403.86618
538.28326	377.784
565.6715	386.01254
543.8346	397.1106
553.86005	370.70673
163.58853	301.54294
151.9284	289.9758
167.19482	284.41608
156.23657	293.88522
151.29173	281.08517
163.52965	294.7303
144.41754	293.72104
162.32639	276.76962
169.85774	306.66376
144.49345	282.2022
176.52531	287.96417
153.57828	298.74548
159.31438	287.91144
169.96378	297.91446
138.45485	292.5418
169.51472	274.64252
159.11974	309.82834
148.8058	275.64398
173.86441	294.78882
147.25691	301.97076
160.30965	270.8424
638.18024	400.28555
623.278	385.72784
635.7431	386.0594
628.06226	391.59073
627.69275	372.95618
638.1073	392.2095
619.82	389.99612
633.40186	378.57965
631.56635	397.589
617.19226	378.6387
645.37225	379.7214
621.3873	399.17148
627.68494	383.63995
643.3485	396.98126
610.90295	385.77173
639.9653	377.7186
625.39667	405.72168
620.0631	371.05487
642.7273	388.27704
614.66656	391.77078
633.51794	369.5395
172.51004	398.70825
147.79408	390.14902
166.24748	382.87628
148.84633	403.41806
157.29308	394.35077
177.76173	399.45764
153.55063	383.50143
164.58623	388.83893
154.89171	401.7491
147.18816	377.65976
161.44342	396.43417
138.7419	394.283
159.9918	378.9887
166.61111	407.35385
140.80345	385.4158
177.8028	382.65454
157.57352	411.15747
159.44453	371.75748
170.3174	393.3037
147.35599	395.9397
169.85017	375.4709
467.2751	398.4466
462.21622	383.11685
484.60043	384.3672
461.14862	390.87323
470.09308	376.1352
476.37656	392.60187
453.19287	381.60455
475.3371	374.95813
461.7828	398.83234
467.7287	380.64642
472.56235	386.3776
455.16455	391.96884
465.85822	367.80188
479.93832	404.2668
448.22836	380.45416
484.1718	376.8773
461.32315	405.16824
460.93652	372.19537
489.74176	391.6023
448.30444	389.4062
476.26123	366.49017
472.831	401.87146
455.86884	374.43628
481.4231	395.12628
454.0959	400.01712
703.8173	376.09583
711.01843	399.09958
693.3918	393.03906
705.0914	382.66248
698.18414	403.185
696.6349	378.37775
707.5295	388.57782
689.2841	397.0562
706.0433	370.1531
706.1307	396.01526
690.07043	384.40073
717.06305	384.63666
699.52313	388.23203
699.03235	370.279
714.0421	391.24268
685.68384	389.50458
712.2847	377.79755
701.2215	398.21198
689.42114	377.4134
463.74893	74.61872
425.549	100.3246
461.77594	69.86223
458.0143	98.1791
422.42587	79.40487
469.26422	90.19534
440.98492	89.741936
432.7019	89.31752
467.3895	79.566055
419.65714	86.11366
453.02948	70.5621
456.921	114.57804
433.46298	71.08983
470.19327	98.15319
439.7501	98.91411
450.30875	79.409424
459.14508	91.33861
428.87524	90.02431
453.14682	62.180206
454.5345	106.193504
435.25595	60.43745
476.02042	93.018906
450.5271	107.08833
444.3885	69.65048
440.573	110.55708
444.65244	77.5587
472.99786	79.82591
433.40414	110.26097
439.88507	66.45037
463.253	105.37264
142.68541	189.12233
169.38638	185.6036
158.47511	198.83743
156.1813	184.71988
181.52496	190.34383
147.70078	182.7254
153.57474	172.04614
162.8969	194.29497
146.6082	177.11859
171.56517	174.17873
163.047	188.05588
149.49368	167.5591
173.93861	188.75937
149.89613	192.80357
164.17653	168.35542
162.49	207.20613
138.68556	177.89278
179.61043	173.21704
151.70427	201.13025
156.83969	166.16438
168.45734	200.10764
142.00105	197.71606
161.50731	175.79907
366.33466	397.05966
360.2737	382.56793
369.24094	380.42706
360.3233	396.3259
381.18338	372.07764
381.89948	402.51068
370.50687	389.1604
380.9469	381.295
365.97043	403.8321
365.54306	375.17862
379.58994	389.41025
353.1573	388.39215
384.25616	367.44864
374.42572	390.5346
350.90256	369.35074
387.54434	396.09708
356.53674	404.02255
367.0949	362.76257
389.23508	402.7999
351.14862	382.39166
389.39352	376.69196
368.05377	409.81647
359.36725	373.43555
394.3485	385.56824
350.46268	393.6449
371.92072	369.27765
373.30923	405.14734
353.452	377.53015
386.61127	387.86026
155.90134	548.5956
156.53748	537.7628
167.94695	552.33563
147.69044	548.60205
167.32536	541.6628
162.15625	556.6039
153.1859	543.0382
162.46078	547.54645
154.69905	555.97546
162.31544	537.3614
768.2816	397.90347
751.8845	387.05222
766.1918	383.36182
761.0697	399.08176
759.8215	379.8596
774.755	388.18765
756.81824	391.87277
768.8536	373.3293
767.2381	391.30304
751.0459	381.5985
778.4803	382.77676
754.7568	397.1148
760.2052	371.7743
775.8431	395.79016
761.0122	386.97684
772.2696	378.74432
810.8141	388.52585
804.3773	378.08142
818.20184	388.6739
802.5461	391.16006
815.7931	380.26483
817.36194	395.6601
803.59296	384.76337
821.2248	382.9314
807.5369	396.79892
810.53204	379.4246
