817.1742	377.45392
811.73224	391.51672
811.72736	377.82516
811.1251	383.99966
818.4812	387.84247
822.9862	383.02704
819.7503	381.26917
808.7364	382.70532
821.07404	385.08765
815.41974	390.3971
814.7656	382.44464
819.92804	390.6036
809.0393	387.32578
815.2617	393.86145
814.84503	386.54645
817.1132	381.36505
161.78598	64.7075
167.53	71.10341
169.99937	62.99458
175.6652	67.84991
164.24217	52.839317
170.38223	79.48906
188.28194	64.691605
171.14389	53.19989
186.73872	58.714375
166.69319	67.804245
175.85298	63.266693
161.06085	73.40103
160.5281	53.15869
181.35753	72.04643
171.12115	58.18084
177.18266	52.73335
171.61467	72.91162
169.92197	49.60784
181.91481	60.009357
155.38791	63.438133
181.22812	51.219093
175.98482	77.03812
160.74858	58.285603
173.27316	47.8181
178.38762	70.78853
167.52571	57.748016
181.92221	64.46379
171.91733	66.09407
176.82597	290.29
168.6702	305.43414
163.56583	292.26312
165.93192	300.9113
167.43925	293.38705
183.88928	294.10846
174.18423	290.9325
156.56143	301.9494
172.42519	286.8322
173.98914	299.89252
179.84229	298.87762
175.94678	300.80396
164.29836	297.54584
171.89185	296.81436
179.51906	301.76556
160.65213	295.3169
179.9841	295.31653
175.013	309.90045
167.08823	289.22406
175.0489	304.86337
170.27255	301.48254
179.3671	291.59393
800.6695	53.08375
794.404	62.513844
789.23236	52.66851
783.49133	69.46571
773.7336	58.56767
799.03064	65.31045
774.894	71.11299
797.5443	56.259846
777.8907	60.575897
777.50476	48.09891
802.78015	57.883373
791.1189	58.63145
795.30316	45.87687
786.49963	71.23051
784.8109	53.87333
780.99475	60.214516
790.2198	44.608463
780.26184	57.374855
793.9871	67.56175
774.9389	51.9406
787.576	46.977154
793.17004	72.23938
788.3736	63.438984
800.97516	60.956646
778.30554	66.00231
788.09564	49.94319
172.1845	388.07022
164.20369	389.09595
166.85318	385.27957
168.42923	399.1095
176.15414	381.1063
172.25989	393.3111
163.5546	392.3509
166.68001	379.68887
173.00479	398.10266
168.38574	391.71954
181.95317	389.94424
169.00783	395.92465
174.2077	386.39203
175.4888	390.8299
168.26672	382.32672
177.71062	386.21796
178.14035	394.89063
171.73656	382.3674
178.34038	390.55963
168.41684	185.75423
182.4194	194.19781
185.78629	185.39548
167.11125	179.90079
176.68149	180.7094
182.17207	198.49571
175.01419	176.46976
181.19649	178.37624
160.41208	172.58182
174.56415	187.21408
167.21808	191.61475
158.535	187.5556
171.60646	201.22853
162.47238	201.91714
179.17392	191.36577
179.9493	185.20914
158.40509	182.70993
180.8942	181.41669
166.25664	196.98491
182.31357	189.67024
169.51895	175.94768
176.13881	192.66547
160.28542	179.97571
172.05388	183.14777
165.17297	182.3938
175.78674	196.12643
163.9841	190.30861
496.81805	373.12854
501.74176	392.53314
491.96997	380.14215
492.88705	394.94135
483.97443	390.84445
492.667	392.30072
502.97916	400.75656
483.98706	380.34732
505.0753	377.517
510.66592	391.6026
486.73993	385.63208
504.37363	382.7413
503.8955	386.5905
510.12418	387.38202
493.31747	384.66113
489.1977	389.41373
491.79852	372.83063
505.96225	392.40576
500.93182	378.3682
500.39404	374.3984
498.33994	383.11093
496.62885	388.07233
508.73846	373.42337
496.96954	391.15845
509.53107	381.899
505.64056	398.17294
495.43155	375.89383
499.84906	386.3789
174.06552	468.344
166.78079	464.4186
174.87973	478.0726
166.80887	470.315
180.70412	475.4466
167.51561	472.6015
169.84291	467.09198
171.64984	473.0079
162.8859	477.23447
178.39723	471.1411
168.03973	480.92725
167.32784	477.4643
174.47488	471.55405
176.58357	474.80728
175.90707	463.64175
175.37962	481.7527
171.45401	478.20825
170.99863	463.33878
392.0296	402.18805
395.22653	395.46686
409.8505	378.98566
398.70004	372.63965
404.0199	394.00116
393.32037	398.7343
382.24356	379.63837
399.30524	383.64615
397.75165	385.95755
401.21997	378.22263
403.23978	387.20618
391.3775	393.99066
406.69736	389.3211
382.0927	383.83292
386.4717	383.95392
408.3709	384.32513
394.9153	390.23785
390.80756	371.92166
395.2994	375.46753
387.1533	375.51468
393.2539	380.4992
400.68378	394.4491
387.02698	380.47885
397.74057	396.01025
392.62262	375.68988
406.11053	380.2821
400.25516	391.25974
385.9265	392.45816
403.6906	373.99274
751.35803	392.78418
748.6564	377.00763
755.36896	381.7194
743.58246	384.63593
758.00214	389.68356
751.9894	381.706
748.6612	389.48877
747.37146	382.13583
757.7361	377.66824
759.36554	387.1398
756.82776	392.59543
754.7232	386.82477
762.3043	382.5237
747.2412	395.4308
751.564	375.50214
750.94116	386.07
743.9961	390.24225
758.9801	381.57782
748.94305	384.6845
169.57657	549
172.01797	550.91595
171.5622	557.8386
168.7485	539.5165
176.48563	550.30225
166.92043	551.21356
172.37244	543.68756
177.1727	542.2191
170.73508	545.9534
173.06964	539.5852
165.715	543.2763
174.75302	547.4523
174.21103	554.8198
167.39409	546.93225
177.06845	545.8629
676.7345	390.8096
678.199	384.6182
673.7981	385.65182
672.8721	382.98724
689.6297	387.5296
681.4008	387.6262
672.93054	378.00696
687.86755	392.39642
672.9689	389.26114
681.9923	383.87363
682.1602	379.90616
674.6466	379.8647
689.4935	380.50208
677.5665	394.5163
679.63165	376.0632
685.2811	382.6102
685.372	388.2546
686.6026	377.7188
684.6042	392.47742
678.5874	379.30438
680.46545	392.5866
458.91943	69.66242
461.1839	92.68064
485.31842	91.17413
462.23712	80.70146
484.19293	77.12608
492.33643	92.7342
490.7824	84.08047
472.5905	83.51276
469.21866	93.08116
485.38272	66.33516
468.67523	98.24661
475.03864	90.5568
500.5379	71.55502
481.43097	102.114204
478.5423	78.92215
494.3937	82.06142
484.0087	70.4964
499.72217	81.308624
475.03632	76.588715
455.0909	83.26021
483.1258	82.999245
486.83984	95.53509
473.84497	79.76283
472.66495	104.97487
469.9336	71.87705
474.01855	95.668816
484.77545	100.64846
488.9916	71.76234
501.61597	85.72888
493.733	96.87934
601.8148	378.24225
603.5646	386.5251
587.254	384.39694
591.94385	382.9205
591.78986	388.6949
604.9444	380.9472
596.22394	396.34128
588.4433	393.67596
596.53046	380.50635
597.7985	387.6116
588.6361	376.0473
604.9267	390.48337
608.5526	381.6479
596.6189	374.5104
591.39264	394.84283
592.3685	379.22284
601.9239	383.0744
594.86285	390.33295
586.2814	381.30814
602.09045	394.5019
581.11127	381.66156
595.5432	384.98535
601.28906	389.8004
597.02875	392.70923
599.69226	373.68652
584.7295	387.3931
860.90283	379.88205
863.01965	386.34998
862.42694	390.37494
866.12286	385.87512
863.61017	382.7112
859.75256	383.13336
868.72156	383.20526
865.6831	390.08063
866.9388	380.981
868.7328	387.4848
859.62463	386.9372
