168.45833	179.4348
159.47023	195.69365
183.29681	191.8859
170.6617	197.27785
154.5734	190.15869
190.8629	190.78516
173.02232	212.78894
166.18335	193.43813
183.81679	201.30795
158.51083	204.16988
176.10939	185.21997
172.31848	203.71031
153.36983	196.98442
190.79323	196.76392
160.2839	214.15947
167.82487	170.56906
186.01035	208.29373
145.29402	197.13342
173.80716	176.98642
167.85739	217.97354
160.19504	183.87753
192.18794	204.3126
153.20229	212.73015
163.18608	180.6395
179.60126	207.47208
157.12363	178.68558
185.62262	184.28224
179.83618	67.055374
161.6401	63.530506
178.0607	82.22438
176.59268	56.13279
185.22873	64.26168
164.0591	76.841774
144.79668	59.82212
194.4133	62.161755
158.94705	76.66021
171.32224	53.542377
170.62988	73.49225
145.12479	78.34164
181.14966	58.425426
168.19989	90.80406
164.8385	59.20562
184.21379	71.50457
153.23468	70.637924
175.92323	44.7788
185.50345	83.630135
151.15573	45.20892
189.8353	52.139454
161.96487	83.11542
161.87402	44.395336
191.2255	74.35484
155.0701	64.362495
181.85495	50.98414
169.11049	81.90096
161.92783	50.344902
404.65616	386.8542
378.325	389.47528
388.84442	386.51068
397.3771	387.19614
387.0998	394.53238
399.69058	379.50818
396.56146	394.19308
389.80215	374.94757
415.65424	395.68137
377.04425	380.70264
407.74252	365.16232
398.60938	399.00323
381.2925	372.6369
405.66382	377.8702
383.75296	397.44647
397.59717	374.46918
411.5812	402.46854
371.19952	388.81427
408.44833	372.11737
395.43027	407.24908
378.694	367.20132
415.6097	387.47833
382.55566	403.80878
401.67804	368.10095
405.52457	402.13623
372.21094	374.18
415.86304	381.55612
387.69983	409.11942
389.62857	367.01678
619.1552	394.53888
594.13654	389.26114
611.62897	381.27463
611.53986	388.17902
603.72156	374.089
629.34247	385.87152
585.54193	391.34772
604.16003	388.65228
600.3155	393.09003
600.21405	382.87585
614.70154	365.10605
601.8861	408.37064
585.18005	375.77985
618.0084	381.23175
592.1261	397.5701
604.2122	362.20587
614.7321	405.4664
593.68945	379.30148
617.6709	373.62457
595.44055	402.83615
609.0979	371.9666
612.8176	397.6823
586.7128	383.454
623.89453	382.82425
606.53625	400.2315
597.95544	370.34286
624.19226	397.64758
855.04816	395.2435
862.0853	379.54633
870.6613	393.25015
855.53564	382.6574
871.901	383.17682
860.2199	388.8946
856.61786	375.38702
866.59686	386.96368
851.5084	387.4429
869.01154	376.8095
863.07294	395.7708
482.0336	73.779655
486.508	80.177025
469.84894	86.37036
495.77866	94.29884
473.3707	103.14835
472.19196	98.36487
498.4344	72.62575
488.99893	108.45133
460.01923	65.39302
497.1729	84.47096
453.84326	89.31676
466.14706	70.55561
495.93555	104.96971
461.27774	78.3991
506.38315	89.28804
461.32452	109.89763
479.2416	61.16292
502.0879	99.44818
448.11066	76.997826
473.67383	84.42992
477.70386	112.86058
456.27448	83.17318
485.49274	71.071815
463.73795	100.24616
500.01285	61.690998
482.90128	93.00057
461.28702	92.90751
509.5988	77.984634
475.52188	108.3562
469.4151	63.336567
507.1193	403.31564
482.0832	388.35287
497.57422	369.3403
499.19327	387.63318
500.08188	380.69382
504.9852	394.18414
493.00293	387.75262
494.99615	365.63898
522.51044	390.02563
488.43848	382.57996
509.4538	381.6517
515.2977	406.01013
492.51202	376.371
518.41766	382.0434
499.5424	400.20102
507.10895	374.60663
512.03265	393.4145
484.711	377.78802
514.65015	375.12558
490.55963	406.732
506.3072	367.7887
516.953	396.46777
485.48828	395.1355
513.9027	368.26843
502.55048	408.05914
487.23944	370.30634
523.01965	378.2131
493.21655	399.2673
170.99287	426.8177
177.09009	443.17474
163.48454	427.6993
177.40059	421.8999
166.50417	432.59
159.34906	414.34702
178.81999	432.34976
157.70169	435.86166
171.0643	413.2552
173.98502	436.85004
160.02483	421.7868
183.98433	426.56158
161.3458	443.46973
168.66946	418.86996
184.53178	436.919
154.11954	426.83478
184.24265	418.1223
167.08073	439.89688
785.2522	59.53858
797.77734	64.26896
776.75385	66.438515
790.3531	34.806225
804.7124	63.285698
764.76575	53.59801
805.78455	41.302757
789.56555	69.4243
789.626	43.69145
795.0672	70.27544
776.6871	58.820446
792.29456	48.56713
790.75854	55.221813
769.99084	45.982616
808.5959	55.220894
783.20337	67.22712
777.86597	48.288742
796.0847	76.94263
772.7784	53.38502
800.5963	51.14159
781.67053	74.79599
780.61145	40.942894
799.84625	55.603474
766.1842	72.10365
173.65306	488.31583
172.16379	511.47696
160.2636	498.39072
172.3887	497.50366
166.2008	511.37274
166.9559	491.09674
178.64491	506.45352
161.64409	503.78052
178.3649	492.04938
169.06596	502.30386
160.98439	491.70087
180.4491	498.1874
765.3672	397.0799
773.31213	372.96814
782.0921	393.50116
765.59076	384.9991
781.20715	379.09244
768.3065	391.13324
767.3408	377.01822
774.2584	389.29318
759.8577	388.66144
774.02625	380.81543
775.14966	396.4992
761.4944	379.968
781.75287	385.59317
162.79536	325.88202
184.10251	315.15506
185.80362	330.93628
153.61745	309.38007
172.58997	326.0601
178.18912	333.77502
175.33476	308.32892
180.52197	322.71585
160.30489	315.45697
167.6143	296.54388
172.90956	341.78397
167.68883	319.45874
185.8761	306.90457
167.61949	330.3515
152.64864	304.85345
190.10916	327.83624
158.09726	332.7595
172.85626	303.07025
161.80774	340.35797
151.27658	320.3657
189.8414	321.26614
149.94441	336.39896
162.13898	306.54272
187.98409	340.5091
155.01138	326.86502
192.67972	312.85904
158.38022	343.81024
809.34973	377.62524
822.3446	386.33127
813.8312	395.80927
821.64197	377.43826
820.81476	398.207
810.7038	384.62036
829.68884	384.50754
817.0127	388.5215
815.703	377.45428
826.99725	391.79178
807.63007	390.1639
827.3358	377.90753
174.94254	565.4541
166.55655	552.40765
179.30663	555.1762
162.32224	563.5012
173.39088	549.42444
180.99316	560.99
158.96028	550.07465
178.63615	546.6997
168.3879	566.7926
165.81235	545.1808
171.4575	557.526
162.28185	557.36395
707.9578	373.9989
705.23047	392.16922
698.8127	378.08047
709.71936	388.1794
683.22327	390.31543
700.0275	387.67413
716.7101	400.93268
689.72675	387.7066
720.6822	374.64407
701.2206	396.14542
691.19995	369.96878
720.0437	385.39407
689.13837	402.92084
702.5866	365.35114
708.56213	399.01544
696.1642	382.2913
712.34705	383.07507
694.1946	396.82047
700.12366	371.2226
717.5073	394.17096
682.10535	382.51764
712.91626	371.9316
697.078	403.21536
686.59094	376.90668
