178.10915	294.97968
164.22609	301.90335
167.70059	297.1534
179.6608	310.55075
162.61404	311.72293
176.78085	307.21014
166.25287	308.98282
164.08124	293.55997
172.1148	308.2926
165.90585	312.9004
180.92635	297.7843
170.2285	312.7344
163.02896	307.62527
177.39865	301.6687
174.70216	312.13943
173.50536	302.54614
180.90018	300.5332
173.43083	298.97864
173.74425	295.59473
171.78183	304.52893
169.32785	300.70224
791.222	49.3725
790.43915	58.864845
784.40173	44.279533
784.4314	57.8495
788.2931	56.158783
801.4154	53.589886
776.6147	59.400917
780.7003	44.62165
798.4099	53.72401
794.6142	47.32412
781.9684	39.21174
780.4643	54.51358
777.546	52.06294
789.5454	44.159733
778.8855	60.984962
792.99384	42.86963
796.84454	60.938538
777.7894	47.52957
785.5284	49.151176
788.028	51.662964
796.2815	44.94526
793.1248	54.768486
791.72705	62.338867
590.40784	386.53564
601.06757	380.09097
584.17004	380.00015
606.3252	381.5826
592.507	388.69327
607.00665	379.186
594.6803	396.1806
586.8065	383.52975
597.64435	376.50854
598.97076	394.32193
593.8448	382.12103
597.4163	380.8181
598.10315	387.17432
591.5886	378.54987
599.18005	383.858
603.9678	387.09125
597.17	390.6898
590.5873	394.1326
587.9797	379.88898
602.0768	389.81424
587.79	388.93512
602.2801	384.38208
167.83078	56.88087
179.72232	48.94668
165.71114	60.371265
161.79892	78.82175
177.41763	78.77787
165.67064	76.04087
159.74634	56.762127
187.04633	72.38716
169.02733	73.28459
159.05258	67.56237
180.55002	69.54288
174.33844	70.3353
174.35905	56.56413
176.16751	68.710464
168.57419	51.5464
185.70282	55.602875
167.6025	79.805176
176.71283	60.25533
169.17015	61.916557
161.98958	68.89326
176.1223	50.62446
172.57634	73.45024
163.9094	55.34005
186.10396	66.6046
180.3464	73.08229
156.86609	62.753563
186.94943	58.664925
167.04643	71.02909
165.08473	67.469025
508.62115	377.74292
492.68082	379.30338
503.80338	381.88736
509.4349	382.7256
513.4989	384.80853
495.15878	397.8496
492.4002	383.53436
504.01602	377.7678
503.0323	386.84012
493.9541	376.9877
515.8887	395.82358
494.97015	393.96198
516.1039	379.05948
501.21295	394.22052
505.33414	394.68036
506.10004	400.37775
492.40894	387.23608
504.64233	370.84476
510.2165	386.73392
499.97852	379.96088
511.69077	379.1938
507.94614	390.86908
497.24234	387.88577
502.017	375.1454
498.35336	392.27716
519.28723	384.19913
514.21265	389.12244
496.75824	383.91742
508.49078	373.9468
808.10626	388.99515
812.71875	383.66742
812.137	390.41046
805.7555	381.61035
816.5585	385.27966
808.96423	391.9217
811.51135	378.1195
814.6861	388.46295
809.65063	385.82593
808.4879	380.60684
805.55194	386.69727
803.10803	388.80072
817.4218	381.22684
804.091	384.42142
812.746	381.19226
754.7543	387.37506
742.1728	386.0478
744.0007	376.99066
738.6742	390.58844
739.5747	381.91464
749.3142	394.29636
747.4076	385.23694
751.9252	380.13892
755.60974	381.40753
753.2927	384.05096
750.48425	389.81287
746.86786	392.8837
742.9791	380.36945
754.28217	375.57196
737.1759	386.42584
748.6548	377.93674
751.015	386.22806
742.1157	393.70038
745.47235	389.5864
745.9115	381.67804
680.13055	375.74957
682.3681	387.9647
663.5756	389.52393
676.06714	384.7911
679.24854	382.49677
669.7045	394.4771
665.1048	379.8196
672.0047	383.90085
677.3398	378.6717
666.15027	386.04654
667.5667	382.49445
676.9011	391.58408
675.7828	387.28375
668.8309	377.1873
682.44763	384.24246
665.7816	391.99615
673.97107	376.6261
673.8247	394.18115
670.75073	379.68027
678.0861	389.24448
672.3385	388.93558
173.06459	556.5209
175.34305	560.5353
168.22632	562.5904
176.22122	556.9199
175.45267	564.5781
166.55557	557.95685
171.02974	559.79456
165.0318	562.3718
170.5255	552.4457
171.53136	563.7892
172.62796	566.8637
179.09256	558.3612
164.95682	564.9891
168.56952	555.3783
179.19571	563.7821
165.64116	494.86163
170.73436	491.1147
172.2197	494.73145
176.25703	492.2292
181.96819	489.60092
174.3472	486.53906
164.4611	482.6945
177.94379	486.95892
166.5582	478.83478
174.68803	477.33316
173.25002	490.78546
169.38943	483.2505
177.93369	484.20743
165.8865	485.03864
177.19037	480.9437
165.19263	487.98477
173.03831	479.79437
169.62798	487.40802
860.1315	389.49326
856.39124	381.59894
865.0635	383.5972
863.0682	386.72723
857.06506	389.3675
859.499	384.73846
856.96747	386.34674
866.9396	386.49622
853.5654	385.99542
862.2708	382.61923
862.8793	390.31195
859.841	380.95428
863.306	378.86658
175.76479	185.62473
161.7206	196.20674
172.3804	191.74171
160.95592	183.93832
171.5275	181.18625
183.88307	202.80652
179.04349	183.66487
155.61035	198.47018
168.72824	208.86484
163.94673	186.75435
184.36057	194.70152
163.78384	200.94603
181.34012	183.77174
170.68039	199.1777
166.12762	181.20937
171.20653	208.16133
173.73671	199.81754
169.2791	188.27391
173.16946	204.11032
166.75438	192.88474
181.6367	189.34244
157.22707	189.7485
177.5633	190.26828
187.28873	196.65565
162.98291	190.90933
193.28914	185.00943
164.58488	205.75082
176.86252	198.79105
497.5923	69.76888
457.98785	82.618225
497.17377	80.02113
494.0888	94.86136
472.22202	92.283615
492.24057	69.94472
481.1399	93.38277
471.632	100.88536
474.25348	70.46568
468.4811	88.545074
486.1227	66.50655
487.87143	97.11377
464.06622	80.52057
481.4275	87.90717
465.254	91.4206
468.58658	82.19029
481.57202	84.43819
485.63486	93.38842
487.88617	76.04498
482.88287	102.953125
488.4335	81.67305
500.3331	91.51866
487.14996	88.79999
473.6208	76.763336
482.25626	77.72569
468.03497	69.045944
489.81915	100.349396
468.63837	92.09122
465.96436	76.032234
480.39215	102.106346
163.62694	406.4882
176.36649	389.3214
169.47198	403.78522
166.60796	386.4189
181.02512	400.38162
178.38023	397.6181
166.58968	399.92657
173.27289	405.10654
161.63805	392.71027
168.25287	397.0329
166.7114	408.0583
179.12088	393.6725
161.87709	399.42328
170.98108	396.25238
171.21619	389.54086
176.91885	405.61884
171.99927	392.9671
174.76596	395.58044
172.05226	400.60526
175.23927	400.1415
183.60977	406.399
385.30463	372.81686
394.2457	373.02106
399.39063	375.6231
387.5879	383.03784
399.35016	394.2174
382.90765	386.1126
400.29263	382.50363
403.49725	388.96677
405.1446	380.4132
392.435	376.47098
396.7399	381.01154
387.50638	375.59247
395.90356	396.41238
406.01794	397.81857
402.02094	371.26923
396.00662	390.6021
395.14197	385.82013
410.7579	385.953
388.5308	389.37082
413.18793	389.71753
409.35297	392.28073
390.13983	395.5487
398.23868	391.2878
392.071	392.13116
392.9439	369.392
408.86545	382.17618
384.05692	394.90598
407.56708	371.11496
401.52524	398.39542
405.593	385.26443
