153.708	191.07199
151.47751	198.3751
162.70163	186.96336
164.79796	192.73141
145.52257	184.40988
170.69835	197.42657
153.22205	208.13342
148.73544	180.75056
178.77812	196.88481
144.18289	202.01596
161.8656	177.06772
156.89001	198.88516
137.0645	186.99565
172.41531	185.56857
146.35677	209.2507
158.03685	179.32614
167.11313	208.45065
139.0676	195.2969
165.9768	182.59401
161.41235	210.15976
541.9427	386.36716
555.68085	386.99753
549.21295	392.76697
552.861	382.37054
555.698	395.0534
539.3656	391.8382
561.24866	376.8111
545.20874	397.89435
540.5914	373.64807
558.83875	401.04184
530.6852	393.91858
550.0136	374.85446
543.7391	405.6919
535.01825	385.32196
560.88513	387.28204
538.25824	399.26974
544.22766	380.23578
550.7964	403.28647
376.91278	392.38318
383.2216	372.04834
371.54367	408.16022
364.47928	381.94962
376.31766	383.25046
357.4479	391.56836
369.79935	379.52057
357.06204	415.16245
358.9029	385.48926
385.48627	385.56256
367.51495	398.362
363.31516	373.6048
380.7726	391.94305
353.23343	396.4587
388.45596	374.09534
376.6085	400.23407
357.75757	375.79358
391.9091	396.76755
346.12952	392.02597
374.74503	374.07037
380.65536	409.1917
347.2511	381.84744
384.66498	394.15155
366.64627	404.38275
359.71127	367.24707
383.32675	405.8498
357.26605	406.95868
376.44452	362.6536
748.11414	392.30463
742.84784	384.19012
753.58057	388.5302
744.0529	396.44452
751.7108	381.98218
756.4715	394.77005
737.49005	387.6933
759.7482	383.23358
746.32355	402.91125
743.43384	379.37677
761.3549	390.98438
736.4698	394.09238
751.23	376.16635
754.2314	401.00256
139.69168	291.40253
167.05746	291.60696
153.87677	298.83725
154.55043	289.5647
159.61723	303.50668
149.15619	296.92337
161.14731	292.92105
158.15202	313.01675
148.30063	289.49734
175.4283	289.1495
145.9183	308.31976
160.66168	276.68524
170.52823	307.66812
143.2203	299.5432
163.47714	281.4035
152.54666	309.45227
149.43913	280.9884
168.45477	301.1457
733.67065	62.734875
743.2139	62.27663
750.1061	80.977005
737.9801	55.47658
761.16345	56.05491
731.5783	82.93125
749.85284	49.195705
754.45905	66.541985
730.57324	56.675896
746.63025	58.07061
740.40125	80.930466
720.0029	48.332676
755.82074	76.914314
724.97797	71.288246
739.76013	48.76733
743.4016	69.16817
725.31757	54.77173
757.47327	48.72596
734.77655	68.50251
732.85486	45.446327
762.8412	75.1845
725.89886	64.10524
747.7865	40.037575
157.48248	553.628
145.42853	547.4466
167.6502	548.0006
150.91747	560.23145
155.72763	547.7472
167.30475	560.67694
150.48569	551.27277
161.92758	543.60474
160.14981	561.4243
147.71918	541.572
164.73398	553.9657
143.46802	553.61847
163.13368	537.82336
624.74805	398.57166
606.6373	384.88934
626.7062	388.77438
612.1167	402.80707
613.3745	378.30658
633.63165	395.14926
615.1211	390.04208
629.33246	374.35318
619.05646	394.84305
605.523	379.27606
635.44403	384.63336
605.8557	399.52014
618.45355	385.71616
629.30347	400.42465
609.1398	392.3358
629.4125	383.78876
618.7454	405.2453
621.5421	373.9173
455.08658	88.48393
438.445	112.250465
462.50253	72.07264
464.3299	98.05977
435.0562	77.59797
476.5975	88.78258
445.15088	98.88272
451.72037	80.146324
480.64093	105.02229
445.1468	84.56054
473.9339	108.58635
443.66522	107.17361
429.06104	73.16336
457.11798	75.01218
424.27362	99.72753
445.18954	71.31637
460.5313	101.73932
421.69977	86.16753
465.8304	82.66079
441.58575	119.000046
442.95123	66.75426
453.02686	109.23688
433.1334	95.62651
461.30682	64.4814
453.01593	117.15802
431.12286	84.773476
481.40527	82.668304
421.70355	106.25466
434.14215	66.00281
155.71065	87.59748
149.35802	77.45343
149.89247	46.463825
165.15735	64.89113
156.20091	62.252922
159.17996	78.9449
137.37576	72.77222
168.26602	48.516968
168.7319	94.86265
150.58575	65.270065
177.10477	68.37366
135.46387	80.390564
155.94325	71.86627
178.42657	76.869
149.25269	58.35081
177.13208	55.85631
147.0961	83.62974
138.52768	68.54487
170.28366	76.73399
140.54352	90.779625
158.17303	46.888195
176.3532	84.425415
135.7174	58.431602
174.40431	60.343464
154.98549	94.323746
142.4082	50.167
169.15428	483.09634
152.94547	475.31183
155.66621	470.35736
162.00473	480.41592
146.91357	470.83173
164.16556	474.99335
148.38132	488.83456
158.43694	463.25162
161.33455	487.2981
140.76959	473.48154
165.871	465.61713
156.2128	488.76813
147.86252	462.67294
170.23611	472.24185
150.03648	480.7757
693.6803	384.09836
690.53894	404.36258
674.37946	384.7311
700.24805	385.3526
682.36	401.21353
685.0775	382.02518
691.6621	391.02795
678.90027	389.24295
697.5756	378.4081
687.7208	398.7712
679.2365	376.20117
700.13574	393.1214
676.71674	395.7256
688.8415	376.61237
699.8691	399.4964
685.6	390.4859
158.99368	383.40326
154.88153	391.0356
150.8252	382.26312
171.77707	394.0622
142.50186	393.14554
161.67116	375.13715
160.78966	400.24698
145.31631	380.4903
167.81009	385.81442
148.08818	400.55035
155.48573	377.57068
167.4378	402.66183
137.64314	382.49316
168.9697	378.86816
155.69716	407.53308
149.18665	392.54178
163.16873	393.06622
453.52203	393.62198
468.3474	383.43512
474.44928	405.4787
465.63858	390.07733
485.35492	380.87738
467.9755	408.35217
467.62686	376.7429
481.43124	395.08945
460.4654	385.25638
477.1541	378.1671
456.55414	402.55383
454.14536	381.30746
474.74692	392.1228
460.47882	394.9495
471.61172	374.1823
479.79004	401.58063
451.57413	386.5446
477.91998	384.35767
468.28784	397.87277
459.4615	375.72992
486.21982	392.7956
795.8671	392.95734
796.13684	379.2083
807.1379	394.90533
789.92664	384.11926
810.8816	388.3541
794.82	399.1934
796.53906	385.93848
803.3351	388.943
789.4249	391.86005
804.808	380.55295
802.59344	399.12912
