176.36143	167.65054
167.34521	171.48854
177.7934	177.13614
164.01935	175.85843
184.01736	182.20442
168.54239	166.0931
174.74301	180.09442
173.73656	162.55127
182.90361	176.87384
165.69046	184.09557
173.98807	171.38507
166.73326	174.4065
162.73378	168.58542
172.45903	184.94333
177.76364	182.84518
171.85364	174.78949
180.20636	173.88199
164.04561	179.9166
182.9086	171.26468
167.04544	179.0029
160.83961	173.85172
816.346	377.4422
810.4257	390.63605
803.54456	388.28525
810.06616	383.3321
809.85986	375.5085
813.25183	377.99985
818.9581	389.7066
802.6929	385.76456
817.5363	381.77963
806.06604	391.10284
814.28094	383.54822
815.6636	390.2757
808.5645	379.61652
822.19763	387.24445
807.10516	384.83896
821.4176	380.96216
813.0879	389.31647
792.4709	48.19996
777.8596	61.33788
782.3119	67.39114
783.3148	55.821117
794.4645	57.556664
778.0763	64.61369
796.3157	61.67572
791.0863	53.314247
776.85095	54.718525
791.6239	57.540936
784.53674	73.332596
794.74225	54.445168
788.7138	59.825447
794.25916	42.37844
783.2062	43.678123
781.44305	52.670357
780.62506	48.948208
804.3912	55.091545
784.78674	62.782005
785.8117	49.0663
795.9575	65.72691
789.2539	64.20808
789.1142	45.39948
582.789	392.43494
580.83856	374.45743
579.53394	390.34467
574.89465	379.59308
573.91974	376.13834
567.9634	389.1377
572.0118	387.23853
583.4513	388.15512
587.8332	391.10223
585.54	386.02805
581.0024	397.24225
578.3872	386.78223
581.68463	382.50006
571.50323	381.11606
576.27423	383.21774
589.6497	378.38223
575.3028	390.7068
578.56714	377.6396
589.47546	386.15634
568.0053	384.43033
585.9121	375.68405
501.56485	391.25052
500.15707	377.09888
498.7998	388.50006
485.61664	385.4289
485.3169	377.53635
494.50946	382.47733
480.5756	381.55814
494.6856	387.95172
495.87506	378.35022
492.14948	371.72394
498.3209	385.3487
496.35635	393.13135
491.99863	376.166
484.24908	395.65063
490.7333	386.69366
502.15936	383.47952
490.30542	391.03326
503.59845	380.50073
483.18384	388.71313
480.45343	389.75534
495.17856	396.9758
490.92865	379.1453
486.03857	382.22974
865.1595	386.1761
863.5208	383.5272
869.1957	380.0164
860.7537	385.92902
861.1927	380.96887
866.94073	389.7925
862.5129	390.04636
869.3214	386.90005
869.63446	383.62585
866.16534	381.20804
393.9234	379.76343
401.91556	396.39862
400.67255	384.79327
407.6463	383.25943
386.16705	375.56964
394.64856	376.5527
399.80423	390.29
405.95114	385.38446
407.22693	376.74564
386.6292	392.67764
386.1275	382.01855
403.21912	392.69464
390.85825	389.28375
395.06705	371.62787
389.8415	382.79306
398.67398	378.10614
406.04962	390.1664
400.23953	374.97955
395.77307	387.56793
393.4435	395.13904
383.78256	387.62137
404.12708	381.5976
394.22275	400.0633
388.77118	377.90704
390.42346	392.53998
384.48413	384.42853
167.98332	466.3929
175.45772	475.09882
176.2781	463.74048
174.44403	471.0586
168.8755	481.52914
165.69977	467.2824
181.41025	477.0585
167.79877	476.19547
172.50249	475.4699
179.13962	473.26913
166.64554	473.49927
177.09792	481.6065
169.0408	471.1153
176.08942	469.0279
173.27011	480.71988
171.55151	462.53052
170.80965	476.53815
163.28853	481.42865
460.27164	83.84211
468.77142	79.75788
487.41226	94.69301
481.8531	73.42625
480.09848	99.11558
488.9074	64.46281
497.07944	90.34281
483.67056	87.560005
487.93353	85.72779
498.45343	101.114815
475.5774	97.514725
485.89435	71.14867
464.049	82.124214
487.90762	61.747643
471.79572	82.949295
463.577	90.48397
494.27408	96.10512
470.927	89.00476
471.15765	63.034718
479.2563	76.40936
474.70093	92.63863
478.10626	89.734344
491.21387	80.81108
488.3676	91.36723
476.47186	79.25706
477.6856	101.75852
475.5677	75.14108
669.21515	387.85455
653.0737	389.91208
661.70044	384.21722
659.4979	394.38254
653.7653	378.18732
668.09393	378.93497
664.91754	389.57843
662.6939	387.91577
668.9355	382.90536
659.3665	381.88095
658.20544	378.3492
660.16614	389.8665
663.3363	374.4905
654.45483	384.0761
650.69165	385.73203
664.31836	379.98996
667.6449	393.13342
650.42194	381.74335
654.5329	380.8357
658.11566	386.46198
163.75977	281.73456
174.39243	273.39792
161.19217	271.31696
169.68735	270.29803
168.67026	286.66043
175.33932	269.71613
177.5453	267.32184
179.20601	272.7554
173.33037	284.93906
165.63783	276.67377
171.19467	283.13422
172.63109	280.5885
165.40791	289.39963
178.0752	277.1
176.93361	282.5506
168.53201	281.38464
184.73024	279.66806
183.43297	282.37204
167.01883	272.39514
171.07932	276.1823
174.35672	289.55914
176.49657	367.74713
166.33572	371.98334
169.65845	374.05054
183.2474	375.80774
175.04463	379.23077
174.96445	383.18195
179.75713	388.5116
173.72118	391.71313
169.00705	384.46097
174.6454	387.68234
165.73334	366.82294
180.0667	384.75998
168.29123	387.1351
163.25723	386.27026
178.04958	373.02936
162.86365	377.63452
166.99986	375.95187
179.82108	381.20703
164.61362	383.09354
173.99254	373.91934
742.76215	392.37463
742.45154	386.90634
747.9547	386.35062
729.68884	381.05756
736.214	383.09924
737.96106	395.224
736.57306	374.7044
735.48376	387.2632
732.182	391.77786
744.3579	376.76126
738.492	383.96014
737.64136	389.76886
734.2347	380.4161
739.7862	387.85144
738.335	378.9574
741.6776	378.88654
732.7529	386.53177
747.76373	379.633
744.5736	389.59576
743.7066	383.34894
167.7831	68.94332
162.69786	57.41029
185.24844	66.80705
180.25162	56.500683
174.91315	52.55831
184.96042	62.776817
174.65578	72.32389
172.86452	45.00922
184.15079	56.09917
160.98795	62.474785
165.1928	52.34928
177.20996	74.75328
184.06859	60.264427
179.38907	76.40596
175.12639	67.59172
170.14932	75.922714
170.7303	54.64449
162.03505	66.30742
158.70085	50.011326
175.55602	63.379204
157.14818	56.794117
169.67906	62.78015
165.01178	58.49864
169.88452	51.02532
180.32724	66.981094
167.72266	544.82336
179.987	553.31995
165.32756	547.4963
167.93027	549.90015
178.08641	546.83765
170.63547	557.8822
175.25638	552.99866
174.58464	557.3416
170.64432	545.21155
174.57451	549.468
168.95789	553.7457
174.77066	545.21014
171.60086	549.3093
