166.94046	561.38226
162.67352	566.32025
164.55913	552.24176
170.08273	571.3058
154.02	560.18176
176.48352	559.6614
163.19987	572.836
159.55222	556.6173
177.19315	568.29877
157.13055	567.0788
171.89749	554.8072
166.34164	505.51007
165.16165	498.61957
171.55545	499.2832
158.24045	508.60098
166.85439	490.02484
174.25294	507.77924
158.82271	497.15356
175.45505	493.25302
165.65393	512.16943
158.92874	488.8983
178.02864	501.6884
153.47192	500.3885
473.39917	73.79738
483.7503	104.84459
467.74518	82.20398
486.58633	85.383255
481.14838	78.53482
454.18365	115.10657
498.22675	100.8279
463.5499	91.31539
490.16788	94.025955
464.69482	109.90196
459.0878	85.01576
486.33618	95.74071
458.15518	112.72951
477.48834	65.56169
492.35025	102.56527
477.78702	97.831985
492.45746	80.67533
483.12842	115.31986
463.09164	71.49358
498.68335	80.44109
458.6538	100.31598
493.5721	68.960884
492.65762	113.554016
454.11703	86.16228
505.82138	97.36028
472.60245	117.93949
466.27448	57.72823
502.8104	110.57174
453.34286	93.74124
500.92285	73.969284
386.61688	390.62592
398.97894	387.4689
395.69702	400.77206
378.7803	397.66727
403.95892	378.48373
422.18954	390.32843
373.43842	387.87363
409.1626	397.45535
390.10718	415.1795
394.2888	373.97482
425.27728	395.83862
373.46722	395.75174
401.24728	394.70383
403.21442	421.49658
378.46094	383.12656
416.75848	383.1104
384.522	397.79977
396.09503	367.3012
415.70688	401.70782
368.87845	401.79648
408.88898	376.8598
403.76474	409.41226
389.56793	375.21866
405.58148	384.73184
382.00302	409.26852
399.7285	364.16217
409.6837	406.0019
384.46854	373.24896
421.22418	376.28928
386.77115	405.4301
791.8919	42.430077
804.1616	54.75356
795.8605	61.064583
793.05225	55.0125
790.448	69.778786
782.90796	41.211853
807.785	49.45361
775.85266	64.2582
787.8278	33.21215
796.18964	68.12051
785.2963	52.589333
804.53986	42.768993
784.76135	68.267
779.0669	53.04914
811.8019	65.27151
775.6525	58.598778
797.6289	39.336784
801.9466	70.902
775.56506	46.668343
795.09204	48.69651
158.7719	434.57193
163.51335	409.8361
169.46758	431.70538
158.40128	426.0296
175.70627	411.78735
165.1785	423.33502
155.0229	416.0914
176.74408	423.14658
153.52335	433.2353
167.7117	415.44464
172.77847	437.32162
152.50313	423.75943
182.4108	420.47485
163.53194	439.1998
157.52231	411.05573
178.89442	429.84882
674.2091	394.07092
696.58826	382.68073
692.19006	402.5464
691.8622	394.1077
703.9424	387.87415
686.7223	397.86215
689.9758	387.22455
697.72546	395.5622
683.43097	385.42093
701.80884	380.33923
684.1849	404.71698
684.25507	378.8004
703.6777	396.69904
680.76263	396.8936
693.6199	376.50296
700.6315	406.13116
676.17456	383.75943
812.6306	389.13773
810.96814	395.35794
805.54974	384.4425
819.2938	395.81543
804.6288	393.22815
817.86804	382.38837
806.98486	402.73163
800.1481	385.75555
821.16095	388.77313
799.3776	396.03964
809.7022	379.149
815.1829	402.3574
603.8868	390.0611
622.30804	384.13055
606.10974	404.88922
605.122	380.2076
620.90405	392.13922
610.274	394.9298
615.9551	378.87933
613.86646	408.86057
593.3452	388.93335
626.65625	393.42004
590.9229	395.42795
613.7061	385.8234
617.1746	401.3999
600.2562	383.48935
621.24164	377.4636
602.8849	409.2047
599.9354	374.01263
623.80304	402.8582
601.7451	399.1375
609.3817	376.31467
175.3514	239.60645
160.66254	221.94772
172.56906	220.73515
167.84787	215.52377
160.3829	211.23947
169.39975	227.66785
155.51807	217.87473
178.08504	212.37582
165.00671	231.97153
145.68039	212.45488
184.94174	207.61516
157.99281	230.23108
162.6542	204.97717
176.66255	227.67351
150.09956	216.92004
179.9667	220.13553
160.48613	238.6257
155.36697	203.68184
181.10605	235.05246
152.2016	232.57048
173.64174	201.34152
862.3205	397.13327
856.3973	390.49158
867.64386	385.42593
853.65515	399.08148
857.999	382.05038
869.4152	396.88892
849.91003	393.59082
864.7557	380.87796
860.93445	402.66852
851.3368	383.39136
869.2709	391.21265
750.423	402.49405
757.116	379.19186
764.3136	403.75195
745.2182	389.75372
766.24445	388.73746
752.5881	393.90317
752.0853	385.60217
765.82434	395.19397
744.7091	396.01617
764.328	381.49493
758.6721	398.96344
746.25616	380.77695
758.30145	390.17
150.47412	85.43835
158.94356	67.15517
188.74716	94.67732
160.1355	92.03221
172.70908	72.73332
174.65439	111.158264
151.8494	99.86608
166.09053	97.011185
141.38199	88.00038
177.57466	59.030647
164.90129	118.8938
158.80986	58.28562
186.9773	69.766716
166.70662	107.20073
170.54791	69.24157
186.77902	86.02506
147.22438	77.13868
169.1517	57.480217
177.89723	84.69508
165.8233	61.52253
190.26744	58.94154
145.61526	104.04287
168.90524	90.26825
180.39539	97.464294
139.51846	80.25745
174.02005	78.68788
158.07588	96.31101
149.1402	53.246277
189.03232	79.93587
149.427	67.01381
172.76598	325.50494
159.59253	326.60748
159.19043	317.69952
164.57968	330.72357
163.75043	340.36755
165.32892	314.13483
179.4348	339.50323
150.14235	325.7157
181.33597	320.5938
175.29747	346.04156
149.00987	318.4367
176.35904	330.32516
154.14871	339.5262
171.6639	318.63223
169.79745	340.93417
146.41962	332.3875
182.9305	326.45828
160.06009	345.67447
172.20471	310.61176
525.26196	405.7884
510.539	400.84894
518.17145	375.58246
517.5824	410.96503
503.1037	386.4653
520.01227	385.26892
502.6142	402.02536
510.80634	372.41077
523.0521	390.89264
493.9218	383.03766
525.03174	379.54584
504.95508	407.62704
514.80334	386.04144
529.4696	392.16443
496.24823	399.26538
514.6938	397.66022
521.3717	398.19522
498.89462	375.3018
534.4227	386.4727
511.4414	412.4821
504.60782	377.7709
534.52405	397.47678
501.79102	393.67123
530.39923	376.80182
