757.0258	393.5401
724.5781	392.22906
727.5443	377.7072
730.7292	395.64536
742.8319	387.5378
727.6903	388.5919
728.4552	405.01486
754.0685	377.3345
758.20074	399.5241
737.7294	406.46576
741.69275	371.07727
745.5822	407.0694
725.20685	399.53915
759.1938	387.54022
670.96936	403.04156
662.8825	386.81534
694.4456	400.06506
662.1399	375.9174
681.3043	397.70667
688.3904	406.90387
683.24994	371.14825
700.1344	383.93213
659.9115	393.72687
681.13385	376.97647
682.07214	409.3158
673.052	368.86798
690.88654	373.32477
664.52344	405.52228
668.97174	375.95465
695.31604	385.32758
147.74464	476.13217
173.5185	454.9348
156.36754	475.08276
167.09036	472.02377
184.6598	481.52823
182.89684	470.5954
162.8719	452.1124
194.85548	472.49927
148.11386	481.16113
187.4656	468.14713
158.58847	494.25946
154.66951	458.53384
176.91765	487.85712
149.89616	487.1836
619.2249	390.19788
586.41583	379.30267
582.0512	400.94525
615.5718	375.7973
603.0207	412.63275
575.67566	377.9077
621.324	409.29773
569.2823	384.49066
596.90796	361.98444
593.6009	418.12158
612.9596	368.6186
625.69305	384.57904
604.7059	380.61572
586.38666	367.84457
626.7189	389.78925
583.5697	371.52496
626.0624	396.64023
595.2604	408.68402
575.9137	387.6762
610.4244	400.9439
575.224	392.42075
810.72034	375.4967
800.16034	404.49945
793.33746	376.883
816.1018	393.70538
802.8634	409.04816
795.18494	372.82404
810.07825	405.17126
794.9151	408.2127
814.0692	381.76764
791.9542	396.58392
783.8644	389.13852
820.9733	381.7345
784.3031	397.0147
785.1117	379.54855
518.0377	74.389626
475.39374	116.08042
519.04034	105.60968
503.7733	135.48204
477.52612	41.301342
444.74902	84.29235
460.96735	53.548256
492.48273	56.985058
443.52084	111.335556
438.60553	108.130516
511.58017	131.03206
428.20346	76.977715
478.56464	73.643074
513.33716	119.810104
439.71573	62.643776
529.6006	93.44825
460.17682	134.25316
434.6944	69.87669
509.9964	72.24583
438.06332	123.97844
486.6187	39.34278
498.94077	116.71776
420.80157	91.27545
486.26895	149.8545
491.4711	134.88559
448.8662	49.96397
525.28265	95.13429
446.8461	72.412
528.69763	79.42835
468.267	128.39581
180.39418	560.1786
176.6527	537.7478
167.26974	550.1677
144.1508	557.2008
179.50883	542.72894
152.75128	533.1815
187.47575	540.2469
147.64964	561.0795
159.10085	528.5491
173.3975	566.2649
151.60298	550.72345
173.22166	531.1377
150.6573	565.30524
165.48022	544.40454
412.02246	372.50983
393.59296	347.34427
379.607	361.75116
417.82364	402.74075
398.54788	374.0468
415.1897	409.71832
423.8715	398.16962
372.10016	392.2039
437.1473	391.19547
350.67258	382.7382
403.9414	361.1068
395.4335	422.24136
359.75958	391.19427
430.23828	395.4036
385.67877	423.53232
370.30368	368.50018
423.4899	409.26785
366.7912	403.08737
400.8957	403.99377
379.62555	428.3277
368.19794	384.0297
433.331	400.00598
360.64285	404.2109
423.20795	372.30554
376.04636	411.29376
363.39005	377.60007
404.29303	351.50977
403.88885	424.784
392.58923	358.42352
184.32866	407.88916
147.14502	404.20908
189.18912	384.7954
174.87134	420.6928
161.94246	373.49103
179.71156	380.15723
171.18695	415.7641
153.20029	373.98145
192.39117	388.0982
154.37112	414.35504
191.28476	403.6993
154.7211	407.1444
148.2472	383.80194
155.11978	388.62732
142.20163	385.7315
179.38132	376.2094
175.41783	226.90958
155.75224	210.19695
190.81168	195.96875
148.5604	234.94377
162.01613	175.38359
200.75645	209.61426
172.9978	172.74748
182.86125	179.5778
150.95134	227.37631
135.67876	183.74283
201.87381	192.09091
144.28787	225.18845
167.23135	202.27333
162.73045	238.43533
164.80788	224.87143
176.39708	163.54045
154.67609	179.4224
150.36655	159.56296
192.43973	206.07463
136.50374	227.01982
197.09927	186.5449
194.18564	232.78093
148.15785	182.62955
205.71346	54.203133
155.32452	106.417015
150.30939	42.31637
172.21463	108.08618
134.87302	50.550045
174.97665	101.63175
162.8812	110.05076
128.34671	64.07117
194.30771	47.382095
186.91103	106.839294
152.2339	36.258583
144.10936	111.095474
168.9884	104.069374
208.4476	67.26041
147.13956	92.52495
145.9994	33.56522
193.35764	63.387756
129.77736	84.11891
203.31418	75.38906
158.7875	97.49275
168.14029	42.407387
210.29153	78.483955
147.8942	105.22797
144.8659	40.227386
200.4783	62.40138
136.85751	39.5158
158.88535	33.95173
822.382	56.87085
794.7193	24.893764
798.49664	66.15548
762.4232	51.84146
766.60925	34.65325
790.2672	81.92499
760.01965	61.257446
807.5738	32.775406
761.8177	72.36375
812.0503	43.36097
808.34924	87.359764
777.57654	31.373753
821.4738	42.139122
819.29315	77.672775
755.9193	65.41407
788.8402	49.09088
783.23035	91.82588
776.9462	46.655422
818.6769	71.40105
767.30994	63.641777
801.8398	29.262897
772.05164	78.7987
857.3485	389.18988
860.84393	406.97385
853.0864	401.8639
853.07745	374.9577
869.23535	401.58893
846.1074	404.0471
863.8996	384.7833
842.03595	389.45303
862.62744	373.99017
873.2197	392.35974
840.58997	385.0733
876.3331	380.1533
842.2035	396.11115
486.72418	373.47165
528.5514	397.30695
483.5202	392.75665
519.47784	414.92114
511.42075	361.65027
504.23932	416.6762
538.4596	380.62518
485.1223	411.84833
493.46402	393.31708
536.119	391.1647
499.41888	409.18304
501.39224	365.08026
502.2001	422.8759
496.5428	363.2441
519.3719	360.84903
521.06036	402.94327
530.7401	374.32977
529.5653	406.9611
494.60214	358.14716
524.69464	366.85165
478.1315	396.01663
474.32904	368.04224
511.82953	416.50653
478.34732	384.11813
159.712	283.4773
191.38492	321.0453
143.86734	306.92114
193.67758	300.1254
142.63794	312.73846
167.63084	281.2862
191.4384	308.4776
170.15141	310.78275
185.47806	305.37958
154.16306	333.9474
143.03903	297.6799
151.87907	292.29126
152.62346	326.9536
186.89505	284.15
168.28163	332.09277
146.98282	325.24924
186.94496	317.69498
