144.52194	493.80698
194.97794	494.37662
171.23383	491.4497
168.26993	473.50366
158.80795	465.06348
179.99257	517.36804
168.89882	466.54877
160.22061	516.8022
152.65137	507.6774
148.8085	504.56464
204.57535	488.3414
185.67622	508.527
162.95145	488.25763
191.19664	499.7574
184.4657	465.70758
176.6147	468.34515
529.8857	108.16649
424.86725	76.859436
451.11508	34.92843
494.17514	133.99384
531.5738	69.38975
458.29523	134.37158
436.9334	60.31176
479.61563	146.28854
496.58856	141.31697
479.9499	86.25274
446.49658	44.280987
520.60004	76.71054
499.16034	33.779503
436.18848	103.834816
443.83472	137.05896
513.564	33.187313
467.76978	136.80112
528.50446	80.11836
517.35126	85.15593
411.63834	103.62215
532.01886	60.7729
445.89267	124.11989
439.6783	52.646706
459.46387	34.068645
428.26953	68.35971
429.54987	109.52504
511.81577	129.50137
520.10284	126.07153
484.93524	33.99573
512.36584	40.619057
158.05376	542.9418
188.65562	536.9303
157.85986	573.1501
173.77014	530.6698
187.3552	550.68835
173.21002	574.4731
185.76535	545.31995
149.90918	570.6259
165.84898	540.1544
188.93184	574.2841
168.37318	574.88916
185.7292	534.71954
825.9582	362.244
808.2703	385.71
809.92126	400.87366
804.0523	376.51956
822.88574	362.24075
816.69714	402.77704
815.22034	371.9794
801.13885	371.2386
817.7854	406.48407
808.80756	372.8307
835.6818	385.99902
835.04333	398.5397
835.71985	378.31927
829.18634	368.46738
583.3507	351.33295
603.5231	421.78156
613.1511	410.18637
583.4354	367.00607
613.87537	360.52518
594.16516	365.6325
617.65454	366.20404
598.8804	408.99817
622.5863	365.8892
622.24335	385.58282
594.7018	415.9437
569.75275	380.6259
589.94196	416.0231
572.7123	395.8373
608.2838	359.7392
608.533	417.49664
592.57837	352.7015
615.86755	420.27032
578.11584	412.2317
577.20135	364.32526
587.5582	413.4296
573.2833	387.25458
621.8215	369.58215
621.3292	404.03076
187.64009	30.802738
160.66318	21.449497
155.5952	26.186523
131.37451	47.45585
208.60849	44.98855
211.27641	77.34529
208.12451	29.459843
128.9006	71.237976
183.97816	127.14268
167.36716	109.58659
156.57391	73.18953
190.10904	38.82528
202.46478	92.56036
158.4309	99.90473
184.69975	66.157394
122.47038	56.234406
213.05249	72.80943
199.18024	93.330864
139.71848	89.246
177.21465	19.365566
132.00536	94.75988
130.16685	54.299133
206.52095	85.263435
136.46452	38.89976
206.89966	103.683426
152.59117	89.47511
150.16774	35.220417
217.7081	74.096146
732.4368	376.01093
760.37976	376.96472
778.3622	397.76993
734.9525	404.2165
785.92444	397.9969
777.74384	377.79443
757.46893	362.89078
734.8144	370.92926
729.72	393.6794
780.49963	392.87088
768.6019	405.95935
779.9574	363.1889
751.8384	410.62183
786.1155	400.2116
775.3546	363.97263
735.16113	374.9653
735.80444	395.20865
784.9491	378.57098
783.36755	391.1241
733.98804	386.4108
148.09761	331.3519
197.87079	328.66077
172.65529	273.3609
182.3625	329.101
191.11884	277.79968
194.31075	338.46564
206.70357	305.96194
148.73477	302.85068
197.45963	288.04355
137.58249	309.32574
147.36931	307.71774
133.90369	320.07587
159.7769	335.8514
202.16	285.16165
140.82167	320.58456
149.6816	291.83704
180.00851	334.06522
204.75545	302.73788
179.50789	272.9306
150.66977	277.96283
208.81921	284.46564
123.82489	294.476
350.1498	362.73376
362.04633	394.35614
425.3562	364.54068
418.03326	360.56833
432.12476	412.70908
410.00522	415.79794
368.2933	405.54523
430.08286	403.8736
394.04736	404.6443
428.2434	368.97528
401.63876	418.62793
367.24356	400.95847
373.11383	364.47528
421.84625	367.89456
372.95245	399.80206
432.38882	386.9708
375.54813	357.9559
410.08154	359.132
421.4384	401.64896
368.1178	368.60724
379.4648	418.86298
365.24902	372.40936
393.93842	348.68924
396.64432	421.27985
407.63058	355.1358
390.50644	430.43652
368.5506	409.05923
431.23575	371.11163
411.3056	427.48282
861.59296	399.60165
877.59766	379.92734
853.6122	382.50632
848.8953	383.948
864.6085	397.87326
864.5272	387.51068
854.99316	377.84332
866.7424	378.31128
865.2129	385.1585
873.36115	387.89243
758.28876	81.21259
752.09296	57.127533
824.5892	71.617386
802.551	31.807415
749.6732	33.024902
815.09296	89.42015
765.2608	84.09829
831.3839	43.810997
817.5971	83.30853
809.3281	82.34245
781.589	22.614841
748.32965	66.92708
738.66724	46.9735
749.85284	59.69693
791.9989	16.313128
762.18506	32.438316
807.00354	89.86354
812.9907	50.313606
809.563	87.08794
773.98517	31.979177
818.7744	79.98017
778.4395	34.459396
751.0967	76.0927
770.24866	88.12587
747.0269	79.66796
518.92584	410.28287
468.33905	396.70172
510.70596	369.15497
539.87463	396.5508
504.07413	418.32437
494.3903	422.95734
534.98047	394.86932
497.91144	354.72382
513.8377	388.33527
472.11475	386.50037
489.1421	415.38385
541.33966	368.78403
467.1004	384.89642
482.93393	360.2956
525.1088	414.75342
531.48254	375.0311
475.3764	367.08124
530.67786	384.14236
508.41168	425.52646
510.2994	345.18427
493.4665	414.93033
516.72156	354.8734
473.76764	395.67365
480.3444	352.99225
530.21686	411.57666
468.6125	378.43192
493.9533	353.54822
525.8385	407.70074
126.584274	169.6716
121.24876	182.83406
146.93283	223.39616
186.11661	228.49873
198.43842	226.96313
142.60403	228.82877
193.00925	146.77739
145.4214	207.61093
192.55763	151.46608
206.55371	179.71806
141.94617	223.00664
139.4263	177.40703
159.10057	151.47978
166.40926	145.44618
211.37341	181.31207
134.46532	184.36984
125.12311	192.62646
111.34642	179.8281
188.76633	218.30244
196.51846	174.15073
213.46915	198.29843
143.98477	168.29184
210.26785	186.02896
152.85428	157.58589
138.66551	146.75558
220.75117	205.54951
200.06236	218.01575
692.9914	366.424
654.20105	369.5825
696.01337	360.6687
699.9355	369.6076
670.86414	362.1917
705.36194	396.78003
690.6801	413.448
663.2179	370.39252
708.16095	383.25055
697.57556	405.6562
673.057	358.56696
681.1852	360.29132
657.6509	368.99884
666.282	364.2708
703.1491	410.14087
669.9483	408.1613
683.26996	411.4056
658.0206	394.5696
656.9494	382.03784
690.2148	399.80487
688.7968	409.37616
188.45091	376.47595
138.87865	406.9249
176.25487	374.6604
164.29718	434.684
178.03816	442.36832
149.01207	378.2285
192.49356	430.0393
163.72324	367.7135
212.66475	390.67294
141.72086	430.77774
149.55937	431.13916
190.55136	390.3073
177.69089	435.7687
201.50365	403.38715
194.77432	381.79694
204.29665	421.68304
158.32478	435.59595
140.5207	417.28265
160.93791	360.43423
184.69843	421.74277
154.36319	372.12738
