133.42734	218.14111
149.61383	176.38895
157.82765	250.92387
163.5522	161.19632
199.44038	182.2932
213.19902	205.22433
199.03036	208.91891
153.01927	248.13013
209.07101	213.20186
183.29788	241.88016
135.13159	241.96823
158.10556	239.99089
128.77217	200.39975
160.42937	168.10562
135.04538	226.37044
160.63754	174.88165
136.11319	213.48767
128.79324	196.12602
204.32779	174.37245
206.1737	196.1579
183.43062	162.3895
139.70363	228.92513
165.88196	240.72409
209.91565	190.63474
184.32462	213.68124
135.69263	179.2283
681.5918	405.50583
724.33264	384.0471
710.69965	374.76984
675.4104	381.13745
674.2239	398.46643
710.7967	381.41766
670.90576	386.71967
673.3167	367.07065
723.77106	373.20404
714.33655	401.12366
707.4885	364.15668
690.5221	402.0834
673.59424	386.69244
665.68494	391.82324
723.88684	387.45984
715.4127	370.8404
719.012	384.52396
796.1897	386.3163
822.3483	371.18317
820.619	368.1661
812.49677	370.07755
798.8519	381.20767
800.42725	397.38022
803.82666	408.64777
817.45276	404.06824
807.73755	405.03577
822.0477	403.72888
826.96173	395.3687
804.2634	366.6677
824.88104	377.86737
793.99927	67.660446
827.16144	63.19449
777.1708	93.02179
785.32324	99.230125
813.33264	32.378204
753.26	71.62845
789.5135	16.718184
815.3596	48.23661
798.40283	99.38716
765.05725	13.570007
822.0148	83.58262
776.40894	29.623703
817.973	39.62792
788.3081	106.78206
810.9789	63.640087
755.1243	46.7988
758.0186	29.05509
804.84155	104.55276
769.133	30.626614
758.18005	32.27741
830.3844	60.69408
832.0419	81.09738
827.3253	77.77777
815.49115	82.25676
757.77167	60.40705
192.41348	554.6221
166.94783	574.8251
146.71822	563.1151
156.83496	573.7765
147.47427	566.0388
146.46498	560.10187
175.8322	567.522
163.03665	545.67
166.33989	551.91473
181.67514	579.2092
174.35072	542.89667
534.7872	64.27605
427.9545	101.23327
446.25897	145.61563
474.3163	31.605286
457.0018	47.301228
427.29535	85.26149
424.9549	79.70848
467.90445	159.06203
521.6205	85.40288
481.15997	35.223034
432.743	94.66325
536.6119	107.364525
457.64633	40.13125
465.3606	125.33513
535.67456	99.27995
493.96344	29.221134
506.8642	143.39832
544.0115	70.88317
429.80634	115.75643
427.0612	91.4581
513.66486	125.05978
520.97797	34.620697
493.60434	39.100754
529.2301	60.54121
462.47577	141.63882
442.43463	98.82808
565.7892	78.900826
465.3499	129.2309
531.74414	78.920654
513.9999	130.9255
596.9969	362.9707
628.569	372.1717
615.7831	360.8824
642.67957	405.5005
639.27795	365.7691
602.5108	350.74738
637.0174	354.08554
592.1646	410.82477
603.71277	362.8979
600.29285	414.65463
604.1991	354.1226
588.47894	407.87073
649.28455	399.06366
601.9212	417.80157
584.9961	370.48346
608.7865	421.41675
628.4657	360.8704
615.2196	426.78842
573.76404	367.17813
622.0623	421.00943
632.997	366.1565
599.462	358.3138
610.3583	418.34845
598.7113	402.3791
613.8758	353.33023
637.75604	379.7862
169.01816	480.89722
190.98355	492.14316
160.84636	518.2916
159.99129	480.52765
190.9602	504.19623
169.29068	498.75577
163.06837	477.94522
151.87149	512.0553
171.96075	475.79257
174.2084	521.30054
171.09598	500.3869
152.17465	484.5092
187.24342	505.32306
167.84886	522.6847
403.101	386.25128
369.33368	409.50995
365.3647	403.75458
417.11053	348.41983
377.4947	348.43756
427.82016	358.13086
385.34863	413.55078
374.206	357.25555
403.44846	419.4232
404.60004	443.51288
399.43625	347.72638
431.8038	364.7952
369.57297	356.279
401.13806	331.9524
368.67245	367.6452
392.8875	350.20444
394.30963	428.19354
407.27426	420.5838
364.35376	386.11694
421.08154	356.15045
352.26337	383.19318
434.05225	396.9843
421.27798	362.99713
421.73932	401.28186
454.13794	388.6325
400.40704	426.3124
405.66147	347.8106
409.91122	423.5586
369.74677	417.9459
427.17792	412.05243
160.92024	399.37408
156.03497	454.4118
180.41081	455.80444
149.02393	417.49384
180.5361	403.97122
148.50967	451.82626
152.19151	432.17538
186.17183	421.97052
194.86234	434.71185
151.78471	409.41092
186.11424	450.14893
145.1539	438.05566
186.18198	405.59842
174.26448	446.99258
189.75754	410.8332
180.56932	452.55145
493.82623	375.41013
497.30795	351.94208
521.17224	413.24493
502.65802	350.65878
541.2659	395.4331
527.91956	420.4654
494.84335	362.99326
540.0768	391.148
488.12506	348.34912
539.3265	370.21692
477.5319	380.21014
478.6875	371.1314
476.21695	370.63528
466.84503	374.9292
514.7521	423.3499
522.65247	419.90277
471.40714	380.6253
511.29736	415.52213
535.7092	406.29083
527.9476	352.80072
520.4282	354.6884
483.52304	412.0354
546.28235	402.471
516.8537	414.5414
516.97626	349.902
516.48364	372.07263
499.98618	422.56845
521.54205	366.40814
549.78357	403.72995
846.71826	397.91028
851.5008	400.0858
860.0913	386.87506
861.01544	373.71512
873.6334	381.1184
858.38904	402.6727
864.73914	374.7374
853.3923	397.2626
860.82355	396.07288
870.7703	376.09784
843.6793	391.23325
165.50241	124.238464
190.57889	114.03318
202.97226	50.076813
182.08133	27.402912
160.94815	118.89757
143.26111	95.551155
174.44421	120.949684
128.44376	84.86185
171.68185	112.02699
161.76373	28.535221
123.07993	43.320915
195.11569	106.88063
154.47191	18.37669
219.31424	58.649853
201.73291	109.121544
134.44113	42.362236
176.79616	23.48093
171.76361	104.17068
150.67915	85.02556
193.0028	30.425592
212.90189	86.030594
147.38199	31.836056
119.89835	69.95134
128.3646	76.623604
208.82646	97.26524
114.98183	70.16029
133.72423	68.049126
201.14523	26.033722
230.32597	87.60854
158.2338	26.648474
160.49348	368.5978
167.4262	281.88434
194.01254	296.40228
156.14444	293.47577
187.32623	289.12836
206.71927	337.9453
135.31422	310.99435
202.7544	303.44458
190.60544	356.20428
166.58084	287.9528
143.01006	294.7462
138.32068	312.75253
192.22522	363.7605
133.23633	348.17935
140.5365	350.80768
184.61433	283.75882
155.51787	363.8504
183.3595	293.5304
215.1124	324.93393
163.78107	366.01852
180.75217	367.9079
163.37672	378.63693
141.88521	342.28693
136.944	304.3422
149.62283	363.70624
166.11858	371.61307
758.12006	369.9874
765.05225	366.21716
763.4345	408.62482
769.04584	405.049
748.1666	367.52783
773.1093	401.05563
738.88196	395.95758
742.5284	378.62115
777.1582	385.5783
751.71924	366.43692
763.2308	379.54288
749.90125	377.05957
758.9844	387.41028
785.6529	375.86218
755.7764	405.2211
764.7796	397.12006
