813.5858	373.04413
811.5365	377.64395
826.105	392.56885
818.4852	400.80984
799.4065	389.883
828.783	383.53052
813.5787	405.15393
806.84247	386.46683
833.826	395.75647
799.6592	399.97714
820.25085	371.69873
803.34796	409.94766
798.50116	381.19882
186.74832	417.32837
165.50029	431.87564
160.36601	387.37494
180.42203	434.51935
149.39209	426.69873
147.4769	395.4604
179.40826	425.60483
143.30505	409.9423
175.39693	380.77783
169.73488	428.9497
185.6589	386.7924
175.56686	432.3925
154.48004	380.06903
186.74518	407.68228
171.57277	416.4113
153.38861	386.68402
185.77641	423.0887
148.457	494.53497
178.19511	491.2409
148.59775	501.98984
164.56818	468.53497
187.97713	478.90756
168.2953	489.42935
178.67593	472.53165
186.23222	500.52823
141.9084	490.5108
161.23044	464.99545
171.35179	509.42596
154.3483	476.39346
184.93893	491.9667
163.3804	487.79706
484.607	363.06512
513.5584	380.88593
480.9352	366.268
519.32745	398.45193
495.61914	404.0131
509.2951	395.5479
515.644	403.9121
454.62442	380.90753
508.0774	379.57413
480.38324	414.09204
473.45688	376.63107
487.57797	389.93784
463.59268	400.51935
471.57877	372.17914
506.99274	402.2191
467.82935	383.7331
493.2779	422.76147
465.14175	407.18488
461.11362	378.67166
514.343	388.7344
461.531	391.8722
493.19952	360.904
488.39795	420.09116
135.71533	297.29205
190.93979	321.0881
163.13736	329.91025
175.19449	332.98126
178.1342	287.53268
144.16383	281.90442
185.89308	284.0666
152.01865	328.4472
165.69273	279.7484
184.70645	321.53903
146.44368	327.71948
156.44644	273.12326
189.4066	328.0068
149.72093	277.01898
191.85123	283.54657
136.45467	317.03128
142.12665	297.55145
154.0975	335.33966
147.49887	290.60956
175.51755	277.70703
197.23508	312.18103
158.78671	193.1083
198.39809	193.66226
151.93088	165.8821
189.66441	199.7104
136.94609	172.288
167.69533	188.85179
175.24814	163.36406
141.76244	215.36511
164.7547	153.21054
203.51668	180.3862
150.12634	213.71716
143.73775	160.56194
153.06775	219.40308
131.13234	188.456
188.03975	208.75034
189.67654	168.85904
163.35245	168.40004
192.71715	212.99748
131.76527	200.01677
182.87314	158.26295
178.54153	218.28036
133.00092	159.11494
206.59846	200.39256
852.1287	397.3476
857.9377	394.39996
860.98956	405.15536
855.181	382.3183
876.5303	387.9837
866.5363	390.53662
856.0047	377.51486
880.76074	392.0545
851.38837	388.85754
878.86475	381.46875
877.5123	399.33868
438.7857	82.284515
519.8002	79.501335
500.43353	118.21548
480.6417	64.572556
503.15454	128.93602
456.67676	134.42836
521.9469	107.14894
503.03143	136.58763
500.83685	69.06249
457.6607	59.481823
438.57404	68.99833
495.77475	40.62463
453.83975	115.64848
433.34872	95.44361
528.1804	81.82798
515.3844	97.912704
514.445	66.78895
525.2307	95.03447
438.94855	96.860794
441.53784	115.371056
464.8706	117.58647
455.15796	39.791348
498.23032	46.327755
430.15707	119.777695
520.5177	59.208138
486.9476	140.0046
432.38794	107.60353
507.42194	54.589478
463.66852	128.50201
445.67157	61.876953
378.96405	360.19208
399.71295	407.7896
367.98935	376.0965
412.18536	385.55145
410.30664	374.76315
410.93695	401.01788
373.7139	417.05682
389.17557	373.23965
396.3818	367.09506
355.48578	408.01123
371.89923	365.45062
359.66052	411.09116
367.15317	409.8261
391.48288	415.39838
355.57898	389.75092
392.5925	361.79697
401.0953	415.12787
368.7343	382.82745
406.36554	359.23383
415.13394	418.11542
354.9077	377.1669
409.73798	410.17816
361.98148	370.00778
422.63565	380.93317
398.17523	419.09717
772.93964	27.226757
788.0238	75.428635
769.30786	65.69566
820.2285	62.029785
814.21735	58.608448
770.8288	39.7584
777.09216	32.799488
767.8288	71.932144
818.5799	54.85456
817.7574	42.40927
761.1892	62.740498
796.2772	21.648083
791.2038	81.602776
764.0574	54.330223
811.31555	29.937704
807.7387	76.87805
785.94556	23.71725
814.7362	70.507996
776.6231	81.073746
814.3319	40.67505
154.16049	94.547226
135.80621	42.421402
201.94856	90.6752
161.26666	91.02269
201.92767	66.98313
175.3971	70.26082
141.77122	45.585247
204.21767	57.01709
143.07077	80.96434
137.24995	68.062126
180.46881	93.201515
129.9004	68.74529
160.32895	29.368052
186.00497	86.022385
128.01028	75.98377
166.23178	62.866295
192.84537	90.29432
181.33751	35.82866
168.52269	35.099876
156.87698	44.67271
195.60735	56.617645
151.84326	100.08226
157.18152	32.45031
208.35376	62.69814
743.81696	408.76285
739.063	378.6805
765.25885	405.74948
736.72156	373.93954
764.1276	372.23187
750.8628	413.44785
738.1745	403.77106
755.77277	409.42236
730.64343	386.77896
773.5688	377.8913
756.48584	389.71088
742.0177	370.58728
767.9873	378.9254
729.1566	396.39667
754.75085	369.71945
770.5036	399.14307
750.1112	372.90488
167.08401	539.5235
149.18686	570.1791
157.53723	540.7813
182.10486	566.8649
148.6474	557.2901
180.42838	553.76587
170.49199	575.89056
150.33109	552.5523
166.62827	557.3573
166.37314	572.4189
163.75256	535.8177
180.80783	544.149
655.5632	374.8127
663.768	371.49213
673.2946	413.2718
650.40356	385.41788
655.7013	406.27576
664.7053	376.012
695.49084	401.5114
675.43085	363.77634
652.8479	388.44476
697.66144	382.43457
680.56244	413.96777
685.93506	367.4541
687.7855	411.24585
675.22327	391.02606
668.604	363.61768
686.34326	406.12595
648.7561	392.74304
691.46655	390.78232
657.53046	384.53244
581.6915	380.80865
594.4906	411.883
566.40295	394.53018
588.3478	421.642
578.55334	420.51978
564.9518	367.46564
606.2209	402.37137
591.68146	381.482
608.30927	413.38492
608.1174	389.95694
555.97815	372.26178
596.8524	367.78705
589.4826	364.64825
563.2352	376.83307
591.99646	417.71094
570.5834	379.307
609.3358	367.62595
565.3603	409.73187
558.6099	408.14395
613.0852	383.4367
578.04663	411.72882
587.98236	357.28635
616.3456	397.3697
