555.23987	388.1669
601.0907	391.4136
568.7519	360.7954
579.2298	380.96243
566.7558	355.35504
579.59424	369.44977
569.1123	379.21844
561.86664	353.30362
598.61145	358.14862
571.64105	384.82468
591.9526	366.39764
575.07227	404.73282
566.2633	368.7202
604.5399	372.5816
560.916	403.42984
592.5555	357.32565
568.0204	409.7386
552.1942	392.8383
610.13605	370.28522
592.172	400.35233
560.8855	361.95135
604.45013	381.98376
560.85583	398.30502
587.5976	347.69955
579.8979	405.78812
553.3781	369.48627
586.1731	371.84906
592.99866	394.40155
169.98355	526.9002
162.80945	549.1218
170.25284	561.1352
159.88858	527.4359
185.77097	566.72656
179.32956	554.18915
199.28986	537.7218
192.68932	555.39185
175.23639	532.89954
197.41803	550.21
157.56288	535.6441
187.9089	525.6106
164.6077	561.8183
160.92107	531.9038
186.9933	552.7904
153.84804	552.11194
178.07867	543.6633
194.7623	559.8083
171.65723	520.34436
181.01498	193.97934
136.21631	177.25877
162.57071	152.05853
163.24556	189.41896
141.82883	191.0114
165.47922	137.71594
189.10724	160.31328
196.8543	175.49417
153.88974	158.15639
171.92087	203.97372
182.61368	149.25601
168.17319	198.32683
170.17792	148.82346
181.3399	135.75919
176.55995	205.9611
172.02014	141.80002
215.81413	174.201
146.18279	158.1547
196.7227	146.5736
202.47849	164.03525
144.021	176.85277
207.39494	173.53363
152.29172	186.18678
199.92899	183.00359
194.13986	197.54065
155.02083	178.0022
206.30673	160.04672
176.70804	198.75034
163.8129	130.96162
868.47784	381.13742
853.83057	372.66852
859.29266	387.95425
863.3211	391.60773
841.9992	377.995
858.67676	364.67804
856.0514	379.779
853.29236	366.5587
867.26544	367.96283
847.9422	384.1369
865.88983	372.89133
852.4154	391.92056
663.8879	380.42316
662.74994	365.32074
644.6568	370.20422
651.0551	352.11346
670.527	374.4842
649.36786	357.529
670.83276	355.9294
673.515	398.8338
640.1995	360.5772
686.38214	369.06033
640.9127	390.35632
682.4303	380.75342
663.6898	407.18658
638.05255	381.69757
685.58093	364.8654
640.91284	398.3726
673.7166	360.76984
683.81195	392.16977
659.8854	401.34164
684.21387	385.19962
652.55426	389.81775
637.8157	367.6339
667.5443	397.02014
648.14307	395.6041
659.11926	355.4479
672.96747	407.35098
467.53287	115.1808
460.47443	65.76644
493.79062	114.78645
485.10004	36.304207
505.37103	103.354996
463.78082	120.49957
479.69244	34.982258
435.3106	90.129944
446.48624	62.870766
484.01813	51.07955
465.39648	103.706566
498.31024	70.78148
506.56738	76.30751
495.5562	81.16415
518.453	80.86162
453.56317	113.58418
455.4857	36.890816
520.4607	90.02724
435.59717	64.62889
495.11588	39.063763
467.29523	128.69275
443.35114	87.41493
525.61	78.31935
440.75836	104.97445
460.07867	42.64381
512.84326	104.65446
498.19843	75.46475
511.32037	113.53461
519.01624	94.11485
443.379	57.262108
735.1632	393.49103
754.10223	393.82452
739.35034	364.0542
766.52405	392.78802
724.0587	364.71246
752.39734	360.0511
720.7995	392.5843
759.29474	378.4763
757.36536	392.8022
719.276	377.50983
749.9062	352.18652
749.57654	384.0456
712.3779	373.34955
759.984	364.55704
728.5677	396.713
717.81213	368.52716
765.1298	381.49982
729.00635	353.36957
738.8983	384.21945
735.39233	404.58896
746.61163	361.08026
755.78284	367.91345
718.1816	383.92413
728.27435	360.6934
744.6066	400.07684
376.86356	398.3545
419.23566	391.37912
381.01218	384.35724
406.94696	357.2658
407.48636	404.58896
415.02142	364.79532
402.37845	365.06668
402.87598	378.59128
374.09775	365.84882
380.7659	402.20038
367.1147	381.26422
374.59845	370.75305
424.09683	373.38324
382.644	356.79175
419.08112	378.93063
396.08026	409.71173
387.40387	355.72513
428.8646	380.26962
392.28094	393.86023
409.18164	350.98834
411.2391	406.8984
367.13828	371.88928
430.86768	370.94736
402.85086	403.2552
393.4184	374.60883
414.62012	401.91833
375.23566	381.22427
417.18805	355.75104
392.70328	383.0213
386.51297	347.44
204.81657	56.878334
160.12364	22.488766
159.78639	88.703735
202.63902	45.503227
154.3204	71.14171
147.58992	56.66506
190.12495	84.5038
190.25725	59.90497
208.55215	70.12291
143.97476	42.70074
151.06985	37.93273
156.07843	55.654533
184.74985	25.175827
161.86296	30.330235
172.74133	63.666634
148.59601	71.374985
180.98308	94.523476
170.01492	99.21596
205.2819	40.443996
172.10124	87.6295
178.57516	37.77987
195.46298	77.37842
156.55511	90.86467
159.60495	41.35706
179.8458	83.27365
145.22653	33.35625
209.5924	42.37559
161.02809	76.39564
195.57709	28.966549
205.96866	76.642105
156.60818	477.04987
187.4472	462.1464
195.77885	469.83676
172.64969	493.5777
193.56764	459.57642
151.13152	467.29572
166.11214	480.94955
177.96524	486.13974
156.07828	485.08893
180.29602	452.15045
199.58311	486.52777
160.18143	474.18896
202.02638	473.0414
154.33212	460.378
187.27357	447.77002
177.39117	492.42325
160.93083	446.43744
195.32784	453.9048
160.88272	487.86636
170.8258	445.06842
192.65712	477.56454
148.65683	386.71198
196.6537	356.95197
198.50986	380.02545
178.04657	358.63205
189.56015	401.72018
162.20792	384.5202
165.1124	399.36957
172.89873	408.0976
150.78745	364.6341
172.32639	350.76788
166.34201	407.96808
185.60837	357.75598
205.8138	368.06534
191.22375	371.92685
158.90384	361.45825
158.92975	399.46188
178.62015	344.66498
202.13303	390.01633
145.79985	393.40768
192.46864	392.2437
178.54211	398.50302
156.90231	404.1644
198.67317	362.82608
199.90189	398.17023
160.0573	353.21185
193.71317	367.69232
762.92053	35.94638
798.0186	30.657969
812.0067	40.13541
799.8483	38.22982
814.49854	57.291588
787.0231	84.574715
787.9518	93.02492
763.247	52.560204
764.6491	81.2403
804.1232	42.573692
784.4268	89.185135
755.5123	38.56256
760.3493	47.876488
757.2538	83.11231
791.4772	24.5118
806.7949	80.58002
775.1681	33.36637
778.7291	81.64072
796.33606	81.7739
766.2649	29.534027
813.85785	61.896606
752.7174	61.656322
801.07227	26.299915
819.9209	65.249985
747.7283	50.128834
809.22614	69.9616
780.5626	91.81995
791.3109	31.16628
767.0995	88.15471
749.6606	52.72287
503.94058	400.24966
493.53677	395.39734
505.94702	381.1053
474.76938	362.7196
474.35117	405.79138
504.91415	370.7118
513.03125	374.35925
460.9047	380.55716
512.03455	386.74612
470.424	398.09055
468.34985	358.64966
518.05707	386.25424
498.42694	354.4967
509.9227	360.41638
498.6338	400.1757
486.89642	365.0633
512.1834	366.3495
478.93515	397.25446
480.07916	349.40485
467.02847	368.08817
463.10278	386.77353
491.8449	360.57758
482.73404	405.65155
460.91006	370.7128
492.62564	409.33844
471.63248	385.53134
490.40796	349.55115
511.1541	400.07407
478.70645	357.78928
522.6528	373.68375
147.5157	294.32907
185.61136	276.85687
200.56601	271.5444
149.51169	267.8539
179.98123	244.89987
181.39297	308.57123
197.50015	290.4211
169.92142	299.7493
145.92654	286.2292
183.64343	260.33994
163.35664	265.07565
145.97357	259.9434
192.81348	253.72354
187.15323	305.02783
158.40915	253.01797
206.012	274.73468
154.06104	256.23398
157.7836	271.6219
209.63077	287.26724
172.96304	246.38493
182.96982	298.8211
173.32843	305.36188
186.80623	251.49886
197.6241	298.35095
148.97336	282.14578
211.26045	276.70282
161.87483	306.3789
805.1096	362.57843
817.2003	395.37494
793.4532	390.43384
796.8739	380.46066
821.07715	376.93073
791.3063	375.08136
829.6332	375.52615
803.97125	400.48862
807.51917	357.11908
827.75555	381.5905
804.0216	394.58673
814.5279	360.89935
811.4119	389.48785
799.1401	359.27005
826.0167	397.28845
788.76166	368.69455
808.09894	378.43524
825.1056	385.5095
787.843	385.8312
823.05273	368.3347
