575.5077	395.47345
561.2502	407.40842
553.6435	400.54193
562.8166	391.4743
541.651	377.68158
580.62396	365.37982
581.21185	387.30637
578.2616	376.33157
568.46326	373.3448
530.5815	391.32068
560.04065	381.6761
565.24493	412.6049
540.16705	387.07214
586.8256	376.69077
535.6595	404.02838
541.3864	371.11307
571.03723	405.3418
536.48566	369.8879
561.04266	361.9777
553.02356	412.44098
547.93036	363.4649
587.2406	385.60327
548.5792	406.3171
573.4211	359.83035
645.75885	381.25198
622.8941	367.24197
652.5312	381.8807
612.87103	388.17676
613.47595	378.59296
633.6854	384.33185
626.76636	402.06296
634.65735	363.2003
639.4206	409.15002
617.66077	370.96768
646.3229	369.76266
634.6146	406.40765
654.17346	375.77286
650.34344	391.07663
619.5053	380.57364
656.41516	387.4524
637.072	398.4268
630.42834	369.91486
639.68585	403.54684
618.5969	399.46814
812.2289	378.45767
807.17725	391.9428
787.7723	384.65472
811.6698	385.61917
798.57324	384.3299
807.2136	372.15366
808.3686	397.59344
787.5521	391.13358
794.479	371.62085
797.74915	399.5838
801.5047	374.98102
814.002	390.20847
138.68733	480.062
163.62537	493.4124
144.71233	491.50128
157.91385	478.86108
178.94595	482.4047
163.6625	477.50238
151.1182	471.88593
176.88638	490.60004
173.4235	491.28766
171.55186	458.31885
173.68533	499.43393
139.40787	471.16266
162.10947	460.98395
168.90425	498.22736
152.5665	465.18195
748.6073	395.1018
763.05237	394.38092
758.0398	379.40292
771.6898	393.95483
746.5671	374.8125
773.9894	383.98193
752.78937	379.06277
769.44934	383.67484
758.7	400.18915
740.98535	386.91287
766.48987	369.21246
747.0868	387.35007
755.03674	370.00974
463.13177	123.730736
414.71762	109.94885
466.56485	53.794434
452.97763	130.27551
420.23022	77.403625
488.92212	85.23548
413.90982	95.46333
415.31696	54.013805
486.3266	112.54559
405.8913	83.566025
438.29657	68.631546
428.55536	123.51764
473.65097	43.28837
471.64166	119.895065
479.86075	94.94257
464.61703	44.183994
450.26587	44.948765
452.701	111.27315
491.71753	78.35707
416.84497	130.88887
457.20093	37.459938
494.71646	111.21315
412.9358	62.51731
489.64478	60.831566
492.61298	91.9926
423.53436	58.102833
494.03412	65.854965
408.6554	116.03395
428.47665	44.893734
443.02222	132.39406
164.78194	286.87643
192.4545	295.92838
156.56056	323.44125
179.19568	317.15424
152.9933	335.04358
130.50381	305.21255
140.80032	278.22165
131.37668	314.07938
135.39418	288.92627
181.73643	299.9731
189.4315	308.2033
150.41245	291.5999
165.79288	328.7796
130.97311	309.90805
171.22379	271.4339
172.23784	332.24884
133.13702	299.60297
194.81462	310.3825
143.9734	317.22086
139.27568	287.53256
171.44153	324.73264
134.36572	279.41824
185.00502	291.7858
169.53055	91.96009
140.36014	36.20805
190.04536	54.380226
131.62221	42.78577
192.7698	47.709206
134.73819	90.951515
165.60344	36.33848
157.4904	30.27185
141.73845	108.784485
183.15738	31.416056
183.90298	83.300316
125.7806	58.39742
173.37769	40.368153
154.1635	94.90196
165.62973	26.35469
190.13522	96.975716
140.60777	77.796036
141.28598	95.6736
192.88266	82.16873
129.2531	73.975815
195.6145	76.57028
143.07198	85.23726
148.15686	42.60352
182.31009	93.45834
111.17169	48.39451
176.2264	36.723675
127.02842	85.00069
202.44164	77.70135
162.08435	103.52451
448.3898	385.37524
461.32184	404.56854
464.34464	410.40985
482.60907	356.24146
491.70093	375.70074
475.30353	406.31525
461.82187	385.32584
488.9641	389.76382
449.74683	399.08325
496.67685	371.22565
484.49042	381.583
444.58173	365.29312
502.49127	376.27905
453.0564	405.65765
485.91766	366.98383
498.20844	402.71786
439.29688	391.17908
459.10068	369.195
459.13544	411.24786
457.2566	361.3892
498.2762	382.40332
442.71606	379.80893
488.69864	361.99225
473.40747	415.937
454.44336	357.15643
496.47153	364.7675
489.94156	405.64935
474.89435	360.90787
178.05144	543.82654
146.85591	547.0935
172.7786	531.2454
152.92844	558.962
144.39001	539.38776
163.27655	545.2434
153.65582	548.3932
145.28757	531.88226
173.81879	552.43134
157.04889	527.15576
177.75073	536.1795
143.89212	550.0999
161.25742	539.0802
168.59163	182.48726
131.16133	209.33919
161.21469	172.05466
171.21368	223.6132
126.63287	191.91048
188.71738	165.41286
148.47256	217.46309
177.68999	163.48367
179.99707	219.2142
140.07552	166.17212
192.11473	198.13818
163.97148	220.64075
123.95872	180.49475
189.65286	169.85252
135.24689	175.11177
148.63197	163.53915
138.05484	194.90334
126.5788	199.47385
193.95905	192.58861
154.17148	220.24454
157.97342	157.7424
188.19427	209.9268
133.33885	168.30315
176.59358	174.53836
156.65524	224.73337
155.4919	213.77705
386.78995	380.7474
335.71637	404.29163
353.97284	374.17838
400.92218	401.93146
360.82053	390.71185
383.03223	360.27863
363.87665	410.865
334.90115	390.8781
400.61868	371.29828
359.97186	416.12604
379.89105	349.18668
385.07547	413.1236
346.13806	352.77484
400.80682	377.80685
358.43555	404.98172
394.74072	368.0074
377.27655	379.79678
358.70212	360.5697
362.38544	394.92383
372.69745	387.03882
377.54718	355.40347
405.2605	392.7807
344.70303	380.6441
361.30624	355.7204
380.55948	413.88605
349.87277	363.7541
389.23676	355.01984
351.10846	406.5636
344.10135	400.44794
392.25854	414.09415
156.64372	378.54565
177.39673	392.64697
150.71165	420.16388
132.86087	404.26514
168.74258	383.28397
136.01173	406.8445
143.4064	413.8011
174.35143	418.69537
138.77975	397.79886
186.32846	388.02826
141.64316	424.64053
146.55754	390.60577
186.97769	394.48486
177.98648	410.68497
143.40689	375.6591
160.87419	399.62448
133.09694	397.82452
184.64494	413.6251
142.96646	421.2409
166.79509	372.8203
766.9046	66.565414
725.539	95.711075
764.82117	55.124092
768.6142	91.47688
723.1632	33.572514
772.96136	60.82366
714.47845	93.15191
740.21326	37.31986
754.84314	95.03679
720.9358	70.17268
770.0217	75.589005
719.84985	98.82981
736.7948	28.299978
742.1567	105.07417
703.6904	71.18124
768.8718	52.469677
776.3843	68.01032
706.83014	91.59417
769.27966	43.699642
741.79846	96.487335
746.80066	37.3727
716.47363	84.46041
715.7452	30.070644
749.1321	29.405064
753.19714	100.48538
708.666	57.924236
754.5465	29.178284
708.81274	83.425064
713.69336	43.83906
699.32513	398.83804
678.3676	367.81912
715.8322	369.53195
679.5214	391.53827
685.3663	372.97324
715.5326	401.05585
694.6882	386.42438
695.8302	363.1943
708.4088	401.61893
699.63617	371.6739
715.3968	381.37592
695.6609	406.7663
706.46814	375.68497
721.92126	391.31607
690.291	361.91098
708.4381	362.35135
703.0159	407.72308
696.1176	367.97333
735.07043	389.4164
683.2247	384.43594
