164.36502	507.4917
169.52524	542.5554
156.1718	506.93686
172.96109	522.4264
151.24387	538.3766
180.48956	527.9259
153.34781	546.03937
145.45729	512.1796
174.61803	538.4049
136.39774	524.80615
182.29886	523.13666
160.51065	544.1274
146.36374	521.36884
807.033	373.92462
816.52496	402.72513
800.7018	375.44403
812.7936	375.35056
794.4521	398.4384
819.2502	382.14728
817.07275	391.0879
793.061	388.50436
816.27997	398.93658
805.337	389.51855
790.22723	384.00775
805.294	403.6258
149.90356	271.7176
167.32889	312.4232
149.31125	309.21457
169.29938	306.25766
137.54422	268.2342
132.62434	287.3558
182.4072	281.05365
165.80045	318.92993
157.21556	267.27325
176.5587	267.46194
147.98904	301.26804
140.54538	277.62042
178.38264	298.25433
135.11118	306.03204
168.13339	269.15198
155.4986	316.55692
137.10667	273.54584
492.15536	106.47505
402.88873	95.96593
489.66568	64.71333
477.21713	120.39317
416.98663	59.992573
440.93155	84.50884
406.09033	83.68721
416.33975	71.2615
454.08066	121.32085
418.049	124.43412
444.49014	49.4617
486.20245	112.90342
456.76685	44.501842
409.99838	117.24994
467.46988	133.62631
483.25714	51.626606
464.93936	140.53998
401.04684	72.08994
463.65326	74.09469
412.6273	111.56593
455.79437	67.33801
492.66846	76.23081
430.1153	136.77657
475.8725	40.153103
429.5821	124.7253
407.7641	69.77644
483.76547	76.3712
406.35233	112.010765
470.13373	17.724026
159.21936	469.60498
158.98088	481.31723
177.89238	442.48193
170.2212	477.73526
143.96428	437.6627
159.97296	476.5311
135.02266	459.61505
157.99896	436.85327
171.89828	466.8087
150.30295	453.84976
172.30965	443.71475
135.35782	471.0516
164.45688	434.19
148.5052	462.8802
136.81912	376.6584
156.92178	362.2543
166.00896	398.02136
135.57307	359.08722
172.78612	360.8725
177.716	376.87106
156.16333	375.1439
179.4108	368.99323
139.48967	392.13782
166.58864	406.86755
134.28459	380.94623
140.0711	366.44443
174.45169	391.0536
151.22508	400.19934
180.81548	364.34882
158.42189	380.2925
134.37914	32.683727
197.18413	70.49638
131.43279	55.012554
162.56609	34.754524
142.0427	102.93974
185.58879	93.90837
173.09152	39.396095
170.79045	43.89872
120.04446	60.40255
189.34842	90.14479
133.56644	100.791855
190.42458	52.599262
167.11325	97.22104
136.0376	39.977676
188.71222	62.86489
151.31316	63.756157
125.72406	56.306408
198.41582	76.599266
151.17012	96.69555
169.40802	30.765003
154.12685	106.88167
118.428505	71.85504
185.70023	41.00551
142.7565	111.662025
114.03036	67.243164
169.71895	105.34495
144.59134	36.755154
644.3533	367.64496
642.48376	402.31018
631.42834	390.4708
648.81885	378.14276
633.061	407.49582
622.3149	379.80853
633.0079	368.78168
613.8808	383.45334
645.18506	374.05585
623.65247	407.47058
657.4214	383.89136
647.34985	406.2304
614.95447	391.8447
654.8188	391.25098
649.8081	396.878
628.8783	371.68277
654.7869	373.88614
747.1496	407.50183
748.8529	371.87814
773.4708	380.42276
753.68884	379.38733
768.5663	384.6473
768.23517	394.4495
771.6066	375.48108
765.37726	402.93646
740.28107	381.84573
760.8376	373.88095
750.0358	403.80914
740.48	397.67633
756.2655	403.94614
746.2826	396.68024
344.0759	396.00638
400.40204	385.2254
348.61646	401.3426
373.68634	355.37924
372.30978	408.62546
362.65494	401.582
368.37582	375.2354
349.19205	415.8062
334.71686	376.84235
347.53043	405.35275
362.33795	350.30765
397.36984	397.0322
335.55954	391.12387
399.64285	375.4308
392.97787	414.06927
341.3552	380.96942
387.03882	381.50186
384.45175	419.7313
355.18997	361.40814
407.56396	389.05627
373.00763	425.48566
386.81613	355.2071
397.22446	406.18466
369.04095	360.85
395.6618	359.05
384.44623	383.48975
360.38977	359.84113
405.12476	369.29498
360.4375	422.6538
166.04733	170.405
128.6491	209.81828
143.40266	169.78104
187.35605	188.77972
150.24144	187.17325
170.79848	167.8519
172.35034	220.87859
140.71756	220.2249
149.79115	169.40135
151.47159	220.85295
135.70004	175.38199
165.47752	196.82254
128.48706	200.62341
142.0825	178.15106
176.37271	214.59619
138.14531	210.1185
189.14235	183.89754
146.92815	218.45967
155.53447	163.4621
176.81912	205.80293
690.48303	403.95612
697.8775	371.20557
699.73706	405.53485
683.0802	380.4171
714.3035	397.54803
709.4474	400.86063
686.5373	375.89502
712.5392	375.431
686.8844	396.57214
715.477	391.7559
677.7104	395.95233
693.68567	370.25116
698.996	388.22162
680.56287	393.8797
713.37537	384.35355
569.9644	392.59363
550.5331	373.34692
557.5425	407.27847
538.4674	393.02014
578.7047	373.62305
587.16327	400.97626
551.66504	393.6364
574.4714	365.1271
583.3324	396.39703
554.918	366.2184
580.9778	379.36346
548.0936	403.387
567.05286	368.72647
572.30505	410.5349
545.1443	396.7871
588.4063	378.14398
551.78595	405.17072
542.5306	379.48834
587.66266	389.3078
455.899	400.2931
503.04462	367.85992
457.58325	416.34296
473.09174	403.65796
508.5827	389.94196
455.85907	407.9848
462.7588	365.0977
496.9754	403.83173
477.25494	378.00317
462.8519	393.55368
483.2556	422.3043
494.44824	366.74106
456.49503	382.9688
485.54092	392.18857
467.31876	370.57245
485.24774	410.55054
445.74692	386.6219
505.28522	387.4436
464.9378	408.6589
449.54718	368.68185
506.28036	375.44
448.8348	396.9538
485.97784	365.52704
505.9313	401.80994
454.6355	374.20612
775.31433	89.42139
728.64795	98.222244
738.2482	31.280315
729.67053	75.27498
759.6132	96.32877
748.5279	28.058374
710.42554	89.456436
716.03516	47.370472
770.0512	74.75456
709.9882	46.64318
720.2904	40.353374
776.27515	70.19959
758.05237	64.94304
777.43835	61.50117
704.89197	70.52478
728.54736	34.60547
770.119	92.9732
719.9213	102.111496
783.0272	77.6828
750.5023	99.27296
743.3843	98.11776
761.37085	101.01845
701.28015	86.824974
749.47797	35.595222
749.31134	105.95239
710.0406	76.40985
