151.12737	494.70224
172.05296	457.5628
165.15488	452.16495
160.2053	493.17084
138.42244	475.26044
164.97069	495.81903
140.04884	485.30005
144.26381	458.59805
175.38487	486.0472
177.8503	491.42242
148.30215	453.25397
178.36853	465.03183
141.00284	455.9339
138.96198	537.1987
155.35597	547.71
147.23254	528.33093
169.00647	558.10547
140.65042	546.0058
176.1979	538.417
160.29256	550.6649
158.26703	542.42224
173.18756	550.39404
147.94994	558.883
165.9218	534.4938
766.94543	390.53076
732.88293	380.67484
744.5433	400.4334
749.6493	405.28085
748.86975	385.41562
753.5007	398.8417
760.7778	403.72885
759.00146	373.1763
762.5167	398.89136
739.54376	372.23215
767.5072	379.16425
735.61536	393.04852
746.80945	370.6871
667.76794	381.45352
686.62225	370.63126
705.45886	389.35938
698.172	396.4598
669.67285	395.78815
695.77747	408.38104
665.0028	374.86893
678.36523	374.74847
684.8057	406.21387
674.84644	371.91156
704.05237	378.73126
666.27185	401.09515
692.26807	367.63434
702.6741	400.387
676.1332	405.1116
473.86954	374.22626
483.10382	381.54404
460.6695	364.4447
466.65845	409.51752
468.81454	402.6
442.983	387.87848
478.0148	403.8227
438.95663	392.9146
480.87003	394.54593
444.1148	403.91373
479.46527	371.04688
481.1437	375.93118
447.27823	400.01456
451.36188	368.95038
462.15234	408.88794
446.28247	369.78836
465.2177	368.0275
796.77344	399.21732
795.0226	379.60483
812.6517	397.11444
787.1969	392.73642
812.1925	380.51007
804.97485	399.54926
802.3658	373.92017
815.4664	384.61542
792.35706	394.39777
810.0851	373.6391
143.039	303.61865
139.75311	268.49933
186.51752	285.28546
147.49612	308.93195
149.24326	263.59845
181.8719	295.1679
159.0241	261.62692
137.96097	293.11298
177.4684	303.08417
132.71573	294.73212
167.68648	263.02313
131.9576	279.27872
178.19821	271.53384
149.40273	315.0395
137.33687	303.0592
181.22565	275.87457
609.5298	406.58914
624.6478	365.9704
634.0727	394.86124
603.6932	392.93405
591.4549	385.05453
622.8018	400.79462
610.065	397.58658
634.80383	378.90897
599.3452	406.53998
603.9227	368.9229
592.5045	393.64777
595.8262	376.2291
611.89954	367.82968
623.05884	408.5849
620.3883	373.12582
635.5768	390.95337
130.56058	186.52316
147.81696	164.89468
178.74902	205.59529
136.22092	169.34659
166.16718	159.38245
155.25185	202.49637
154.00003	158.19858
190.3647	178.40579
137.40555	195.7626
184.94138	182.45639
166.67783	218.17838
144.42566	173.39297
187.45932	193.6818
178.95131	198.02354
177.91376	211.16663
131.28857	193.0871
129.72995	205.20654
543.4323	387.64282
548.2924	405.7617
537.64246	386.28375
548.012	361.10727
532.6635	406.4153
558.6961	379.21606
536.1993	411.85724
526.4313	367.86133
547.26996	372.6347
524.764	407.17303
536.17883	367.13113
559.52985	398.52847
522.6862	384.38492
545.7719	365.74982
524.85785	398.1477
517.5744	388.13913
541.9208	411.98178
467.1079	71.880974
432.01215	109.75716
431.0402	128.92947
501.36548	78.22048
493.68408	101.16819
409.68335	117.68136
472.93076	41.547585
473.1356	49.875725
408.9435	80.49113
445.33173	43.37486
489.3549	114.52141
407.43048	72.608444
441.54266	135.56229
451.7541	138.9327
475.85864	61.247276
457.9732	138.98706
400.5578	87.23735
504.67047	68.085396
419.24683	105.688354
398.86496	79.113266
436.06635	46.573715
423.82684	121.27478
469.57285	47.397697
472.4563	90.27369
714.5474	70.05923
769.659	69.01849
709.91614	73.97921
730.5077	29.725286
724.324	95.77407
706.7417	59.39657
745.8754	35.33894
740.0571	89.258064
713.1631	50.996967
753.25854	75.00515
755.47754	37.402103
707.6855	42.879826
763.5179	84.46899
752.6947	91.68728
770.8927	46.440704
707.6464	78.51246
705.0192	55.473255
763.6212	76.70833
705.962	63.24209
749.4093	27.513721
383.47592	374.77795
343.29187	367.03815
380.43982	389.84546
364.96677	414.38135
363.78287	357.9254
371.5504	417.5665
344.91348	371.25757
397.91162	391.22626
382.2862	413.6355
349.37762	374.8107
393.6915	368.8132
350.90332	409.5067
374.3913	360.06927
391.76022	403.95624
386.45175	365.7032
398.9523	396.96497
374.36957	401.33026
347.4981	408.69177
403.52823	402.98517
344.56647	395.53674
350.5975	363.70697
340.78702	390.7882
340.88596	384.45844
186.57924	389.4334
143.43129	405.17624
137.86603	398.46243
173.3834	386.8643
156.35349	362.53018
179.59413	402.12152
157.78554	384.7121
131.73985	378.8271
182.47552	385.30954
154.27258	355.9289
163.45917	363.14038
159.43271	409.28162
133.09097	389.98154
183.0889	370.9112
152.93596	414.19403
167.0176	357.32584
191.80318	77.818375
172.51749	27.497211
181.87564	41.631573
170.99655	92.26206
144.41287	43.243683
189.8582	56.34737
140.9401	97.53608
140.09152	37.45293
169.15265	103.30388
144.4725	51.16854
183.76404	88.155785
126.820045	85.450745
144.57054	32.22956
185.91008	43.727158
127.0331	78.41627
165.68997	34.437325
132.22751	94.92672
132.14984	52.061535
127.4056	48.12717
148.67722	100.71518
188.83226	64.04379
163.1392	102.59148
