738.9543	367.90768
726.0948	382.39508
756.92725	388.2034
756.7245	394.25156
732.7398	374.61057
758.3062	372.06873
732.47266	400.0915
728.22864	365.31165
758.3526	381.67233
721.2477	394.4595
732.90735	365.06537
742.03326	406.52316
720.332	386.39264
747.5653	367.5069
752.8082	406.7128
739.9735	385.95047
748.5714	396.72754
567.021	381.3483
610.63995	394.7238
594.7597	371.7939
605.6339	403.55325
605.83545	371.71844
589.9106	385.62585
583.5544	370.82233
593.3077	414.46347
560.0014	381.97903
578.9432	400.30054
585.2836	408.38556
603.5903	364.84744
620.11084	400.4206
567.7218	395.87177
614.6792	381.2294
596.7629	403.25027
578.8993	360.07837
614.06964	371.04544
600.1222	411.6209
573.83746	368.7508
613.3324	401.37122
568.95544	389.76398
608.08307	360.80267
851.20276	401.57697
858.2323	386.61795
867.9525	372.5831
848.1382	370.47495
847.2938	387.1316
865.7837	399.55402
855.2086	374.7139
868.65753	396.32996
840.58673	387.20386
855.0485	368.4429
871.756	379.51514
836.05945	382.0453
860.6825	370.96936
855.4588	397.4776
820.6793	62.076344
814.47	44.908234
772.71533	88.49121
802.413	28.825733
784.3792	28.541418
768.41174	40.805664
808.17413	79.28032
789.0739	66.44882
762.4862	27.008173
793.2682	85.4954
778.03174	73.20714
821.8436	42.350044
818.8444	71.30785
755.6113	42.124935
818.5935	47.74776
757.9425	67.16989
798.68494	45.38501
793.0693	92.11524
782.5494	38.26629
808.35565	31.09168
774.78125	91.74861
755.4904	57.418236
818.213	56.402657
758.0476	75.71916
809.1319	37.106884
186.75992	483.56494
153.04561	461.91544
192.92775	469.32965
159.02238	489.6363
174.95078	454.33438
191.16501	482.12506
178.0041	495.52524
167.9251	481.86465
175.24698	491.05508
161.63065	476.36774
172.37776	472.6831
155.49596	453.50058
165.81589	454.0226
151.1094	485.59564
149.13492	463.04535
169.87155	449.85687
172.49173	546.0929
170.46326	525.43475
191.70381	550.8813
151.23798	551.8149
167.02664	532.909
157.97133	560.0758
150.14114	542.5111
168.28767	560.429
170.97601	566.65955
161.78714	526.531
192.42413	538.43304
152.65573	534.7739
186.99512	535.226
180.54599	563.5341
159.36984	530.62646
187.29343	307.90814
146.89581	283.02338
162.97214	269.6667
183.08636	312.28308
185.72794	284.99872
187.76419	318.625
167.23123	313.38696
143.54153	292.77765
177.13686	327.4455
142.01036	313.7545
200.98366	291.56906
165.55827	324.16943
153.98877	276.04446
191.64983	289.25436
162.37894	329.85672
160.19423	282.19748
197.74481	313.12097
144.6005	302.0244
193.67001	281.30988
178.49469	271.73413
152.5953	287.553
513.55054	109.34928
434.48712	99.72707
450.52408	59.07263
498.67316	133.42844
456.9752	47.84498
473.06366	73.66039
441.1127	85.71825
488.59668	35.207043
510.87665	61.056263
436.04605	58.144936
470.7455	38.78598
468.1542	129.69153
443.41278	58.994957
503.16968	103.52141
468.74518	123.99825
481.8024	45.813354
452.636	29.702204
445.39844	120.194534
524.46954	70.16614
483.52628	84.832726
518.0502	64.910904
522.96405	122.958115
432.60394	88.4868
499.4528	36.61881
477.01138	137.57494
433.03897	84.10441
521.13043	77.53504
507.14722	122.59332
491.92764	41.74383
519.1514	107.74573
651.7003	389.88098
674.20306	362.97443
680.7342	391.99136
670.83215	382.15985
654.1637	378.80954
658.30963	370.6694
692.9662	376.68555
684.2846	400.8697
668.8452	387.8677
671.0419	406.8426
680.2106	407.94476
682.27014	367.31488
696.5265	377.54617
651.0826	396.56387
689.4255	382.18423
693.44476	394.72
650.38367	372.1598
689.6292	393.62277
654.827	402.78494
660.99133	365.98816
525.29126	392.3957
483.89142	399.73975
512.7055	357.24084
521.58594	404.54523
497.497	362.9
517.5936	400.69528
477.8942	398.79758
533.056	395.26196
483.45166	405.74005
479.34164	364.51004
485.8478	363.88025
471.33252	399.75592
509.36304	385.67987
531.6816	379.4256
467.88858	379.08044
514.1453	365.48563
488.44098	409.37054
474.73663	379.86627
523.2183	362.94083
510.61115	411.60468
508.65366	359.3475
484.49545	415.2857
479.87457	391.99774
526.96594	379.21967
500.96426	403.22076
493.6167	356.20175
144.10748	53.372017
144.85938	68.07915
173.68533	30.458975
160.04561	105.07206
137.86159	61.39324
172.29172	99.07524
190.78003	93.36943
153.48587	31.957775
204.74881	70.82616
140.46881	86.90992
187.52802	30.654663
129.01874	70.8514
150.1553	41.118618
197.30142	83.47807
147.44682	82.30565
200.37483	46.41961
189.19574	77.02358
142.94926	34.579174
178.81331	40.350967
163.89397	95.56573
184.36679	56.18267
200.61838	87.05726
140.79251	45.928013
178.32228	28.933628
145.01138	96.43843
189.75801	88.01135
209.31516	75.470856
150.36844	89.82944
786.4059	394.2839
805.2493	396.6297
795.3297	366.6381
811.3231	370.92828
816.4103	398.6028
803.4261	367.1131
809.28503	400.12747
787.26416	401.14923
808.1672	367.64978
795.7877	396.82248
795.10876	372.58533
818.9444	387.91266
804.74457	404.8133
789.4029	386.02142
816.0045	377.0117
784.2542	379.03323
410.5144	393.60565
398.47382	413.36615
364.79822	382.93106
422.96997	400.34842
373.03033	371.1151
402.16064	370.38794
370.65073	388.59
380.55692	398.61578
377.93414	366.2579
390.51764	423.62363
422.49225	368.38776
429.86786	387.89102
376.20773	407.9557
410.0257	377.2689
404.05164	400.03574
400.09186	348.37323
430.0219	377.49005
391.3838	383.84464
375.19965	352.48877
404.3175	413.6485
362.81726	372.7565
397.53848	352.80612
412.14615	418.03076
385.4988	356.54547
428.034	409.8505
364.8333	397.12735
407.99957	352.03204
421.46402	414.8078
375.34683	361.54227
415.85052	406.75925
144.95671	383.90656
179.88489	366.05518
191.67307	403.75742
158.26474	367.67853
157.5292	398.62442
155.0813	406.13226
162.86223	367.0311
193.57283	386.45984
150.50693	412.9041
151.50693	377.44757
164.30615	417.47723
147.40555	400.7798
180.64505	373.14038
177.7255	416.75327
159.94814	376.7858
181.54123	417.39142
162.06921	413.06512
189.82474	372.64178
187.7324	410.40707
163.48018	193.01726
199.66795	189.92435
137.53503	197.9322
145.01114	171.94742
149.58788	221.55301
196.01044	194.39041
173.77359	159.12335
135.40321	180.63069
174.53345	153.15248
190.8395	211.11833
148.7123	177.90308
172.51604	177.58696
182.52463	218.08578
152.98734	209.56357
193.99135	163.5299
184.52708	221.6918
141.7752	189.36087
199.24976	201.14388
141.13025	208.9
204.80115	209.85286
197.17783	212.0311
155.29404	165.75166
156.82962	156.31393
165.4831	217.77107
186.02463	154.47874
192.24992	218.87752
