747.8961	390.9604
736.31415	405.69144
736.22534	378.94992
752.21423	404.05338
727.2062	394.18158
756.25134	383.45
743.6315	394.8884
739.8539	388.8625
740.1485	408.94427
730.8957	402.4753
750.05615	378.07144
159.26022	572.139
154.08821	554.3985
160.28635	557.4018
138.121	560.4506
150.34329	538.87555
171.26326	551.6318
149.30542	559.62024
158.59335	549.754
155.45848	561.40814
149.54233	551.0261
703.51697	394.08755
679.3142	406.86102
686.10535	377.5666
692.95276	377.52777
670.4143	392.42255
704.6632	388.25714
671.9284	401.41507
685.5913	393.32974
705.14166	399.66147
683.38354	372.83563
698.85205	382.0229
697.943	405.73465
163.63098	38.24603
178.83597	92.96366
155.04189	96.637566
116.938034	62.262184
132.73949	108.801636
137.35954	40.448074
117.58319	54.620453
122.62996	60.148052
156.29851	39.50975
173.27751	44.48337
143.06204	132.73172
190.94833	76.557465
162.37662	117.486465
126.72793	39.510345
190.34755	96.71905
150.14323	119.20431
146.31464	36.216278
194.7378	58.87674
131.31494	72.57698
129.59888	50.10021
155.19415	115.90912
104.74326	74.577995
190.35379	103.313866
142.34166	117.61775
368.8413	424.3422
397.3615	389.05353
345.82925	413.9986
385.03693	367.4544
392.40216	371.11423
379.63074	361.90814
368.06818	358.94513
359.6723	417.1508
374.4116	421.96564
350.19846	422.53525
342.8991	377.5372
405.19296	412.1491
344.8404	390.06534
350.4699	366.7585
401.1398	401.99945
336.13757	392.17523
356.27032	355.79584
355.2799	413.75244
359.37256	363.6137
402.85193	398.55197
342.92813	403.4835
404.27307	374.98984
374.71234	430.09662
355.1415	361.01367
396.31494	374.80685
442.43646	107.3276
431.23224	147.38988
398.86557	125.55745
400.7095	82.78101
445.6853	44.9183
438.53677	140.47328
428.38177	46.824238
465.5772	139.13614
410.01016	114.899216
455.68594	46.97407
507.81024	82.80345
420.20712	69.23903
477.55438	51.974964
457.34048	143.02734
432.83804	49.916313
495.69067	106.70284
460.99738	132.90294
432.83368	45.340576
462.59677	147.36038
401.01093	76.44046
438.99976	130.50053
442.7914	146.28488
458.8636	41.94261
491.09927	74.527
400.18613	103.76013
489.2696	84.254875
134.61653	484.82623
164.2745	471.95514
174.04047	491.06802
139.3876	496.72833
153.59206	466.8498
170.85495	497.46646
166.57518	465.24918
177.88524	478.89853
153.05594	504.87753
150.97266	461.17255
169.15051	469.59677
133.61992	495.03995
776.8102	56.500175
761.33777	63.782837
742.0834	25.860407
771.35706	77.59377
707.3578	64.01723
737.12335	30.417965
723.25916	40.021446
705.5841	73.63282
762.7965	39.094948
731.30927	100.27907
709.7606	45.40167
769.91907	38.080208
710.60034	73.26061
777.94775	67.27957
746.7699	100.53307
724.50836	79.95328
778.29297	74.52773
769.1107	69.913025
730.6073	93.80975
751.79816	95.339836
496.70517	382.44073
496.2601	397.4968
460.2791	413.26495
454.40347	376.1894
490.9999	397.0237
475.53915	415.77573
488.86215	386.91226
494.43683	402.49127
448.7875	378.84833
462.9647	371.3385
451.24658	406.77292
454.33643	383.37708
485.77084	406.8926
449.70392	389.17136
482.15884	373.05804
470.27753	404.07214
470.92447	391.64093
803.02075	401.07886
786.8879	404.852
805.6345	380.8314
792.58044	408.25507
792.42456	392.41547
797.3537	379.9263
809.7223	388.65945
783.83875	382.76724
805.6141	384.55414
778.91565	391.28033
166.21658	387.60638
176.67252	394.79193
133.84642	404.90277
172.99997	387.8152
135.67537	418.6429
131.81989	396.2464
177.77055	405.84006
142.12308	390.02213
161.10963	379.9381
140.28758	419.78696
158.52275	377.6061
172.89217	412.99103
157.64444	426.80728
125.571	203.73679
166.44473	237.92818
150.06819	235.02898
182.78201	225.10603
146.24986	242.52478
154.12509	180.22905
183.63931	210.95215
175.09384	235.01321
181.60112	218.3226
178.73701	229.90865
129.41096	191.6513
177.44571	191.00848
172.34045	188.93443
136.14407	189.46713
144.93065	214.77168
126.72184	217.33748
154.08081	207.92827
131.83177	319.75928
131.27998	305.81735
180.42984	311.23016
126.3474	321.5364
174.77994	324.29218
175.85233	331.9304
133.43365	297.66452
155.59427	284.78854
158.63814	336.0839
176.31583	297.2542
159.91725	289.66608
154.85489	314.0152
140.80072	292.1316
154.77423	340.7755
138.18044	296.80865
571.12024	398.1924
532.45496	405.04788
539.3931	380.70068
571.4879	386.20688
556.84326	367.61737
570.8312	378.62457
575.8956	400.5759
532.4816	375.4121
565.0355	407.9803
532.1545	400.3619
545.1228	369.97598
541.76886	414.4471
528.05115	387.8888
551.9269	392.73123
541.0653	409.95776
554.4059	374.66974
621.508	408.72177
602.9662	397.50644
636.7877	380.66138
624.48206	413.2125
642.47815	368.55084
643.0803	378.55127
619.7775	385.6651
631.1151	402.03314
637.683	405.55234
615.92786	407.6182
619.50354	376.06564
609.88574	410.0272
612.6285	373.88693
643.9435	395.95535
