819.67773	378.15756
799.15436	391.8897
812.0603	388.1053
814.9159	393.1477
800.76556	381.0901
829.3247	391.31918
820.5062	403.545
806.6261	375.1587
827.01086	395.8364
799.93134	397.00323
815.16785	373.58862
802.85846	403.18854
763.39703	49.51723
771.60706	60.109264
777.42096	77.83697
814.8833	66.73757
795.96765	83.87616
812.339	46.953243
791.67834	28.39924
760.237	74.21325
763.70026	38.40117
823.3751	53.072796
770.13245	67.32539
780.43353	25.708675
823.8502	56.317833
758.4108	50.87958
820.74084	40.664783
773.9261	82.2302
773.11804	27.925013
804.2308	84.484474
761.1054	58.549957
813.0033	38.93502
807.8874	76.74561
602.031	394.96707
627.94666	382.03223
592.3537	398.7276
614.1775	371.6834
630.9352	399.64508
611.3286	411.3604
598.9669	407.7255
629.7499	387.84067
598.1187	373.7304
624.1555	409.3892
589.2175	391.79187
609.1559	368.75006
611.6616	406.57245
592.60944	378.22864
628.92053	375.00864
604.8044	414.5707
610.9797	363.99643
619.8761	408.5821
143.67545	325.33954
173.7308	309.34015
180.33441	337.83163
155.61325	340.2137
162.57079	346.90372
171.60349	298.32516
149.17697	299.8704
195.86569	310.36237
146.06335	308.8183
194.40186	320.55405
149.02231	342.5776
182.34183	327.40222
137.49606	318.79425
144.15837	336.8103
174.56674	291.51648
179.09445	343.53973
141.49773	312.47684
187.04399	336.93506
147.39265	496.6563
181.11058	479.56094
183.37062	500.5877
152.66853	502.44012
164.77768	507.47266
160.7938	512.07495
155.93951	475.3462
152.65817	490.04385
144.99045	491.04752
174.98753	473.392
179.01442	505.91998
168.14194	490.64923
185.22566	479.98926
422.87198	374.89917
384.1729	363.78745
398.8902	376.00427
382.67355	399.6623
369.6556	358.4787
415.18018	408.44208
393.33658	361.6979
420.38116	399.859
383.41364	422.90356
383.02716	343.76105
395.93964	439.169
362.21698	418.0063
367.28455	407.5774
375.52325	413.80707
392.58182	392.99097
431.11017	378.8316
362.0457	398.1673
428.90234	372.84888
427.8001	399.14957
406.13318	360.41867
371.80298	367.87274
391.8215	428.73447
386.41302	355.64432
401.71075	420.6212
358.67804	377.38956
429.69513	384.0178
367.29068	411.36343
363.08316	377.1115
433.2032	402.0366
178.07463	569.44275
185.97586	558.96875
161.69374	572.7317
152.34323	545.89246
177.2918	543.5911
155.51389	572.91516
161.20026	542.6146
181.78204	544.5543
148.96042	561.099
172.58829	539.4401
182.87729	568.2116
167.86984	538.2163
766.00037	405.30402
762.7425	368.79666
740.319	380.53745
775.2737	389.00198
741.8653	388.66864
763.3307	373.15756
775.59924	396.52985
751.51215	374.06772
768.4137	397.1639
737.8277	394.07925
769.1957	380.95654
739.61584	404.92572
754.10834	406.7272
774.61285	382.67178
741.556	399.46683
138.63737	50.76539
186.0158	44.120125
160.32451	31.338825
187.20381	37.72384
152.02151	113.61605
127.66087	63.216705
184.80919	111.629715
173.26633	97.14332
144.6504	40.47376
169.55627	110.09408
127.78915	91.61745
129.8736	84.00839
136.26338	99.049
162.24649	39.397095
185.5098	61.786915
197.64713	103.37339
179.80771	30.72501
179.68945	118.58817
138.05672	42.373795
208.2406	75.86716
163.38383	114.85311
176.86606	37.440098
202.93456	109.776306
152.82379	45.2903
192.29442	104.2502
174.06342	115.85957
172.72134	43.924385
203.05836	97.63411
170.41312	119.08208
156.53317	182.32457
172.90428	245.7019
141.4601	230.69218
187.22421	189.44849
143.14822	221.41109
132.89474	224.75864
194.71399	196.412
139.2784	193.87132
204.14383	206.16048
163.06012	247.04053
193.63602	186.70746
168.26193	178.82968
176.0615	220.36128
189.19896	200.02309
196.22581	210.12952
151.87457	241.71603
212.32043	216.80904
141.39464	233.80313
181.98058	184.46016
202.83365	210.90303
133.9842	206.13113
150.76205	191.34439
196.3323	219.44263
487.8356	396.61752
517.3981	388.38065
526.18756	421.13925
495.26938	413.5944
530.2165	398.44965
475.58984	391.9179
501.68686	363.7241
519.2455	403.18466
511.46362	359.68365
548.6695	381.1081
481.31372	378.46466
537.1444	369.66888
541.6576	404.0677
493.2394	374.24188
544.2368	366.36316
530.82715	424.444
520.1935	359.03427
525.75745	415.73306
501.84644	421.1579
528.36334	358.52902
511.77167	420.9566
486.6415	368.90277
542.00806	372.848
487.56464	409.66376
493.8632	367.36737
535.4075	421.0835
493.4038	359.84375
536.6455	416.02188
507.49414	119.620346
478.37418	37.859127
520.9519	66.242355
446.97803	131.19441
495.46567	44.76613
528.04944	100.50708
492.692	88.03034
497.15582	110.27456
428.92612	98.3562
483.41226	40.18758
514.211	129.15611
446.73135	83.50054
518.5456	100.54554
514.7545	109.60664
436.66138	57.283607
529.82947	72.26463
437.90396	115.61943
456.63104	129.88861
498.9642	137.90546
509.68146	101.63268
504.3768	54.35722
457.86197	107.73329
442.23038	59.571144
512.9142	134.99509
433.00238	104.58565
445.62778	62.041626
497.64508	132.08542
451.30194	47.971977
509.58145	53.25346
429.17145	89.406845
162.17215	385.71942
191.73665	417.68466
143.97359	414.4564
154.1925	391.01947
168.89153	436.9427
143.91428	425.72528
187.00027	421.9577
146.78403	398.27704
182.44643	392.653
166.57265	412.34906
151.14435	432.5914
161.46439	439.47208
182.39366	433.0835
175.1439	404.21445
172.2681	434.8308
144.48814	406.82672
189.54625	405.47922
679.43506	411.3063
685.9279	390.79242
672.7094	370.6804
692.82983	407.39764
687.555	367.4467
706.89355	394.70612
676.3619	374.89984
698.9878	374.85797
709.0617	398.03247
668.0964	381.3117
703.0223	406.40887
666.2577	393.2784
708.7866	388.09048
688.59576	413.0428
662.7999	381.46625
692.9622	369.2052
667.2763	399.00467
706.2108	384.46796
867.23584	405.9425
850.5763	398.85266
870.4753	380.58356
865.83154	401.10712
854.59247	377.62363
874.7842	381.3731
856.84796	402.51236
866.5751	377.11258
864.0487	391.78824
845.3044	393.1394
859.80145	387.57028
