430.84546	106.610794
432.4253	85.12181
507.19254	59.647102
473.57358	48.569225
465.7334	102.35803
509.4335	129.60576
445.8885	125.3776
446.48615	107.34763
525.1768	97.30138
462.41644	133.75327
485.26117	74.94452
489.4201	80.054214
466.81143	39.01806
530.26917	79.492874
433.96182	94.72017
491.1629	39.31282
519.4658	135.55107
436.1263	105.02484
494.75653	51.813244
518.5021	114.937355
446.69867	48.493103
526.2399	83.62022
507.83453	136.15079
519.96106	78.649345
504.1215	115.10722
432.60562	77.05117
530.5991	93.27775
451.4497	132.5698
445.69513	58.94095
513.0991	131.33493
482.7307	400.609
527.9339	362.8392
537.2977	395.02448
515.02496	389.332
529.8499	399.0918
498.90668	404.02994
493.16852	367.5301
536.829	384.89496
477.4664	385.30978
487.55484	406.2766
520.9667	406.52466
473.91055	381.9491
534.29016	370.92276
472.5315	393.64673
514.3182	353.30585
542.9464	400.12115
484.4477	370.54388
546.3141	389.64105
496.97858	413.11005
516.3085	360.9098
507.9471	417.40845
504.0849	355.64273
522.4949	383.55594
500.40314	420.89423
484.22647	363.1139
533.27155	405.5485
476.98422	402.28912
606.3677	367.55997
632.1576	376.8343
640.41064	391.25323
626.608	387.15735
627.1016	397.55518
585.92267	368.49014
626.0581	406.54514
581.7955	401.3903
638.197	370.04608
634.1492	387.41043
594.0152	374.18207
637.1666	402.9681
594.1245	408.531
618.59894	374.72046
614.37476	414.25537
586.8241	398.64297
619.129	359.8323
600.10516	420.38477
600.42615	368.3513
629.5469	415.3628
589.1871	409.20892
606.61414	359.77078
597.1	410.36285
581.99365	372.0194
165.22052	439.31592
175.76813	440.70392
152.4408	413.71542
179.36545	441.69174
149.78062	422.81894
182.84116	402.35873
187.52115	434.8943
146.59717	429.16718
169.39883	448.77606
145.21512	410.56772
176.45279	402.22018
159.5207	446.53925
153.14053	439.56494
189.4851	413.36856
186.85992	423.19385
148.68549	409.60464
193.75023	304.69122
138.42784	316.15634
166.84518	292.21048
148.31549	353.1835
150.64412	350.4549
197.4189	333.51947
163.33188	349.77927
198.56796	315.13306
183.54373	354.1855
145.60532	316.83685
143.5171	305.69464
138.24622	332.43246
161.5742	301.49435
199.22934	321.992
136.94896	325.86084
186.39438	327.5833
185.6142	343.65094
195.6608	327.88184
173.05203	294.12982
155.66911	356.4385
150.96973	293.2559
191.2374	347.3575
132.12605	313.87152
178.8823	544.6398
165.65576	575.6165
172.7569	539.53503
183.96634	563.2821
159.92299	572.1239
153.34201	547.81555
180.6602	559.47644
150.40848	554.40717
157.87323	542.5236
178.28055	576.6654
159.29845	549.3568
185.91194	566.2655
854.02765	388.1819
871.0532	375.9949
876.4635	398.94165
865.3447	376.66272
872.6924	395.65903
864.7697	400.15854
858.4308	376.3346
881.576	390.04852
858.5381	385.4836
868.53174	387.85843
172.32193	170.54593
165.96347	174.7371
198.59525	217.22684
167.101	237.48494
167.02339	230.67056
155.05522	178.18367
138.41759	186.24437
187.7662	177.40683
162.74088	241.04399
141.93533	221.38591
197.30905	198.21585
184.25046	184.5776
172.43463	166.08855
175.53015	238.06084
162.76274	169.66411
187.7757	230.34184
149.34775	228.89204
180.39401	205.03426
183.29321	240.8603
137.42014	228.23271
181.66165	166.00008
138.57133	207.40613
149.75555	172.06044
205.16899	209.45341
149.32022	235.1032
700.8192	367.5395
709.32385	413.44708
712.66437	366.60794
711.7772	373.2737
677.2143	375.85184
680.47675	402.1093
711.493	392.19168
675.41693	386.45956
720.3688	390.36536
697.0792	388.42358
683.2912	374.2989
720.768	380.0835
675.9591	392.59186
681.03357	368.54718
698.34705	408.73157
686.2276	407.5402
720.492	395.68756
712.07214	402.57263
699.20624	363.96643
714.0724	407.64716
150.81163	498.49365
176.67355	482.98578
185.80629	498.08698
153.97122	486.51044
151.01242	504.90973
148.84912	490.11053
180.11575	478.39853
185.67883	505.27588
159.36902	511.38434
184.60318	484.17667
180.03658	511.7394
154.2253	480.84296
159.33286	477.04956
748.267	386.57877
763.0649	404.43976
771.9806	404.36383
752.2633	381.43903
780.7355	377.2978
780.72675	399.98444
758.5893	372.3039
782.6688	393.54047
767.67865	384.76276
766.23553	372.32562
753.16614	399.45645
753.8211	393.149
782.5942	383.34393
767.17316	390.52374
396.05493	383.70572
425.95288	394.15924
364.73798	365.3325
393.9692	372.92862
382.2297	422.3773
378.049	392.63898
420.27255	373.90616
373.48764	407.5728
423.56512	370.74036
417.60742	405.14218
375.83707	359.48724
434.14853	384.03217
402.75363	412.99643
389.5692	360.45633
426.65485	412.60114
366.1373	383.40253
419.3309	360.17474
383.01016	369.56262
359.51083	369.1659
412.331	415.0622
386.52774	416.62885
399.50003	352.1788
407.971	423.8471
361.18918	391.58502
408.21497	383.04507
366.02332	406.87668
399.63217	357.9218
427.7591	383.35785
376.51086	424.98282
198.99092	69.685745
154.84991	46.428886
179.10002	104.28381
209.55469	72.01304
145.78003	104.0331
175.1268	45.23525
192.04929	34.59768
132.66313	65.55936
214.26765	50.648544
159.14919	112.750595
190.60274	47.64131
183.04205	108.60457
133.1641	89.72298
188.26405	38.70265
182.814	100.367744
145.2601	40.026253
196.30089	54.108418
173.94388	106.95188
142.96085	34.673794
207.59329	81.80736
151.01175	95.78617
171.95866	33.282696
206.45313	90.4781
138.15057	57.124672
204.01952	57.032585
164.31786	105.80135
166.97818	32.851185
148.58412	100.38357
809.83746	384.53152
838.45593	382.14697
822.8417	391.60074
801.18933	382.55524
824.29364	370.35883
805.49884	383.54645
819.4045	389.04446
830.0397	400.44583
821.68054	375.1441
835.7129	388.19302
816.17804	402.47656
808.9166	378.90515
822.8864	405.75903
762.5008	55.0271
782.83923	26.02561
789.68585	90.35187
799.6791	72.016
806.9027	42.080173
761.4606	63.60838
798.0563	27.946268
814.4078	67.80235
761.77673	36.19509
807.259	30.552338
769.3162	76.49514
786.531	37.083996
817.091	64.80827
784.37744	46.20121
799.27234	21.77559
782.94037	78.836006
756.8602	49.085648
805.679	74.99807
777.2706	77.0418
816.5886	35.396824
794.0971	80.2158
