856.18176	394.9054
849.2795	389.5434
857.5968	371.1106
864.8622	387.26392
850.0335	369.95868
854.1219	381.58237
847.46893	394.48746
841.8737	381.1162
865.98816	380.26056
841.50665	388.71808
862.4559	373.62784
618.7147	382.39468
599.1488	365.12833
605.1488	376.83853
604.5803	388.6585
595.0913	381.9896
578.81165	396.28317
585.24554	376.40085
624.2629	383.02838
568.7997	396.46576
565.89014	373.42865
619.0432	401.94562
594.63586	407.523
606.01135	352.18304
608.2132	408.57428
575.2476	367.82138
621.9912	362.66583
571.6626	404.51855
592.2367	361.4863
625.8233	389.41037
566.2876	387.60266
613.8724	366.3336
578.1193	412.48843
562.49725	394.6469
621.3511	371.41324
578.28955	402.65167
580.003	353.4406
613.59705	402.33246
575.6164	387.56976
163.38815	310.63617
192.38321	323.86343
145.31435	289.90863
180.72226	278.60477
193.5697	293.89578
174.14757	334.70465
187.73817	334.65332
145.55835	328.5987
208.84152	320.52505
144.68747	306.7606
193.02316	285.92487
208.72299	310.01978
137.03001	309.9624
177.89693	276.2664
177.23117	338.9416
170.09908	305.92023
198.33054	333.41986
140.52151	316.5855
191.77255	276.05472
182.83989	340.72028
157.3107	335.9056
190.6282	280.21756
155.74464	340.2099
154.80447	274.79422
201.81995	309.7628
137.42471	293.67474
208.14326	294.94052
178.94447	350.8244
163.35228	34.92621
197.84384	80.75487
157.00595	92.485886
151.16374	55.755165
195.12848	87.18011
137.56319	56.91493
188.92548	35.315273
193.90518	70.71306
147.11037	32.221386
198.47174	39.83461
167.08185	97.8785
208.57503	59.701977
175.59908	32.15591
167.11514	77.43593
208.207	71.46359
144.51111	76.12989
157.61813	31.994894
202.82706	58.582863
144.23933	60.001564
162.72095	23.27321
181.49222	93.39262
151.35458	36.45973
204.2833	77.63244
145.21243	83.003426
184.73433	26.92952
175.59523	98.17952
139.32089	47.62643
204.99976	48.081787
196.32791	92.12276
690.0863	361.69147
703.9022	379.66156
658.6681	382.29868
665.40155	363.96732
683.76935	406.68997
669.6909	380.8655
692.3976	398.0561
666.30927	403.3659
659.2719	376.664
672.2213	396.68936
674.03143	363.26587
695.9702	358.49615
667.52325	395.6006
661.9666	363.3739
697.6527	397.14243
656.1528	393.624
693.9406	370.7224
704.6084	384.72665
674.59186	406.9599
700.98065	372.13223
680.0782	402.1346
683.4874	362.0517
525.1173	391.8032
479.05353	376.5547
491.66608	368.91653
505.04028	414.9149
478.34702	370.3309
518.25653	373.90802
467.94965	394.39166
487.01846	358.65405
490.14362	404.976
519.61975	388.51703
506.02573	367.79214
510.40875	401.89713
498.79633	382.57315
529.0902	384.93427
473.93353	385.1999
518.60016	361.35986
512.5057	409.34427
467.7062	378.2611
496.73398	409.3579
480.76685	412.4865
488.7959	352.80942
518.17065	402.40674
477.67	392.85248
511.31445	351.3256
468.4438	382.6106
473.6254	363.05228
527.2897	379.96912
491.97275	412.90005
496.26563	349.853
480.59766	107.37352
489.87573	60.858337
516.2901	92.417015
478.30396	114.314735
463.12183	44.676964
524.11633	92.622154
449.59857	116.992325
439.61383	83.558945
440.19904	76.260956
430.42596	74.26699
489.90225	126.47748
459.93936	113.9666
511.4117	55.78728
524.1313	73.44604
428.545	87.470634
516.0744	62.73014
470.57584	117.79878
437.92764	61.257545
457.23477	120.6473
443.91754	102.44016
496.00812	38.34432
516.8119	117.74003
450.7102	53.893475
492.556	42.643124
468.3711	126.44456
482.15607	37.483566
504.5668	37.986153
445.01337	66.37561
504.78876	54.71751
520.5089	106.11556
761.4774	385.72296
743.6349	386.51465
758.0176	370.5062
751.24664	364.65677
755.1594	401.45435
728.4701	382.8193
769.11707	390.4349
745.87854	399.6743
769.2201	369.11932
770.8119	380.1668
734.4163	394.17358
762.24646	363.78302
751.90857	405.9903
744.7311	366.98813
739.3872	362.32697
740.14124	399.49838
733.3892	375.54654
761.2653	367.7887
735.93225	390.20587
165.15361	209.20895
180.02223	211.73576
175.81717	154.27881
170.32986	215.22302
144.1011	177.22948
155.8527	153.84367
192.65913	210.8469
152.2496	170.08115
205.09818	166.38036
165.61469	219.58281
168.33104	147.72647
171.26027	222.24458
157.76404	223.63297
149.0954	161.4667
157.0574	205.1726
136.20676	181.06328
197.8491	162.48367
155.54759	213.47623
183.55193	175.45955
204.72382	199.33853
155.27267	176.746
201.93567	175.81897
187.77759	219.23296
187.9742	153.52615
209.36441	176.65959
140.7391	201.26608
194.58685	158.00328
192.48947	215.73238
142.19998	167.85912
180.15813	438.8749
153.2848	409.70258
188.30453	393.2444
198.12909	419.90518
147.00002	416.53864
192.87386	393.2754
159.26437	436.90512
162.8768	393.26678
198.30247	411.32236
159.02292	430.31503
146.4223	425.0407
194.37369	427.1122
149.32956	403.05533
196.97893	403.9298
151.89519	419.52124
150.72005	397.13214
191.52823	405.46875
146.50156	428.9455
170.8993	387.01852
180.75809	432.3061
157.51	421.46866
766.6909	86.01516
759.891	61.39802
760.33496	39.77459
788.74255	37.038654
792.7914	80.28107
751.3862	47.0417
804.29724	95.4757
789.6283	28.817646
795.2678	59.632587
756.0057	81.135765
806.3634	30.015701
776.22974	89.74484
764.8748	69.86782
812.67975	60.324707
812.1795	77.3776
797.228	24.820896
817.3804	64.39479
752.7365	69.426865
767.0845	26.865707
812.0313	84.873276
786.49603	23.895157
822.06396	57.275047
763.3535	79.527084
770.7477	35.46683
800.92676	84.210144
760.11926	76.99048
812.92114	43.6211
191.90413	498.27924
176.26112	478.32324
183.58357	472.7669
163.42331	476.85483
170.6149	474.3973
179.13919	513.33875
166.92746	485.5733
172.34877	495.12085
193.22868	504.55136
167.86548	470.16632
185.2868	507.86856
149.17792	499.06958
196.80537	496.91504
170.77858	513.8275
152.15622	490.47833
191.60727	491.77173
163.0028	511.12494
812.6033	366.70282
821.7079	394.5063
819.20215	379.78525
824.0018	375.9579
816.28503	393.12787
801.9082	398.94485
792.99365	378.2631
793.8778	386.15283
823.4539	368.068
806.2214	399.3545
798.1386	372.95395
809.01855	386.8239
795.38806	391.96
801.2545	366.80484
826.84326	382.96222
161.84517	576.35333
159.81644	566.4134
155.94693	562.54346
163.0923	544.968
160.53578	552.87463
154.84793	554.25525
181.2284	544.52136
184.38416	575.4452
170.52756	542.2233
189.49368	553.3472
177.57434	576.88403
191.31642	564.5847
190.64967	567.7563
166.04556	573.64056
406.76263	386.41373
423.9107	384.76794
376.89813	366.29956
418.4274	365.70496
391.91705	406.12433
371.9699	362.50275
418.24152	398.91672
404.82327	406.16727
421.36157	380.6555
416.25742	412.16245
396.58795	394.0553
414.9673	405.20862
381.17163	414.2185
405.50452	358.55145
380.96814	405.1514
365.45544	371.66315
401.28214	413.20288
364.41486	387.56863
395.5312	352.4246
423.74844	394.8282
370.22443	384.544
403.53012	352.19623
377.7655	400.88913
383.15543	358.9848
405.27908	365.39294
371.39023	393.65814
416.91107	354.5101
430.11157	377.75784
371.30457	367.48865
431.98218	371.8769
