168.555	414.44415
183.8409	405.25705
177.83884	394.9647
186.64017	426.6867
155.02274	430.88226
190.68442	423.63593
182.39832	430.37213
150.85098	406.62714
157.73454	428.27777
174.3467	435.64844
169.52924	409.0615
165.30223	429.99048
158.61436	394.34912
188.37753	400.4852
147.45763	416.40942
470.4414	108.80753
518.95374	82.3875
450.16193	109.9468
478.59653	44.52996
440.4362	105.097305
434.44833	84.20559
439.88647	78.7713
461.79703	81.110794
520.2733	65.794
502.86188	125.24803
445.9288	41.596554
479.44644	50.617363
518.3602	121.67574
487.0858	41.649155
520.194	108.70978
469.37143	130.7889
456.59732	45.453842
431.50348	101.85484
444.61572	54.73639
521.8855	77.22499
453.9012	121.19855
495.17944	43.384804
513.63965	116.920654
437.8607	60.45176
524.2158	91.39321
493.31805	139.94644
449.88257	60.50808
494.29132	124.23427
483.1831	131.38382
421.8374	380.1594
419.85522	410.53876
366.21188	375.88116
412.7526	402.0147
379.93652	409.54114
400.61722	416.52277
385.79156	404.32248
370.4486	392.26135
398.20087	360.45642
374.31494	412.9348
383.9326	352.7746
418.05533	365.47015
411.99493	376.3089
403.21503	353.89398
412.79767	409.92178
363.4725	390.08893
428.54477	371.07306
393.33414	413.78476
377.03348	361.86407
422.69702	386.3906
363.50443	394.94595
424.34146	362.3574
417.67328	416.0003
372.01834	365.05484
431.07782	378.74344
369.56378	403.55905
392.19064	359.3932
428.86615	386.91125
367.6364	383.35175
768.7044	33.766727
765.4188	74.44018
774.14307	40.79797
794.754	25.729172
761.5861	53.487877
822.51843	53.31031
798.2574	79.80763
762.7843	77.87867
813.8344	62.523033
786.27295	81.9658
799.6787	19.88168
810.51056	75.66664
760.6635	35.09344
793.1529	35.82218
818.5038	49.285057
814.0285	37.125813
819.1376	45.58266
762.3212	59.641308
777.8901	26.627426
803.8163	77.527916
757.8023	65.06936
786.05927	26.129953
849.35266	398.90668
837.5182	389.82846
869.60626	384.79617
852.19904	372.28006
855.3675	368.20047
860.6439	377.45044
843.88416	376.2234
871.1201	392.5696
842.70184	399.43604
866.4906	374.78067
862.80115	401.60886
842.1922	393.1769
864.0252	396.05908
208.28946	342.7668
137.73923	326.28394
172.52142	298.69843
149.19264	331.40985
195.53508	315.6888
165.04636	351.82318
145.96597	317.42685
171.87314	332.36993
128.74693	343.7947
156.24716	305.33997
183.39328	349.75513
163.89668	297.31622
178.05827	300.34033
193.00018	334.53418
180.13206	296.39056
197.68893	328.90686
155.69803	351.17334
144.4465	341.30228
201.85922	339.27072
162.47066	344.75305
201.08247	323.55508
701.4312	382.2424
683.6209	372.4359
691.68036	398.87787
662.3785	403.00885
663.3131	394.4224
699.2824	392.68167
679.448	407.63788
700.27014	397.99625
660.06696	380.24515
689.9779	370.60126
691.8104	406.13654
666.08636	377.05518
676.92	364.4396
671.915	395.3405
664.57214	369.071
690.3915	364.68423
680.0858	386.56662
700.2178	377.99823
507.5892	382.86758
489.36728	362.69153
521.4138	358.80188
490.3645	404.0357
509.41693	351.49548
524.7268	365.1293
483.09674	384.80566
533.00256	391.13474
516.60034	416.3129
478.6739	371.79614
535.1999	378.04465
475.5543	393.1596
495.30624	364.5493
533.5429	395.26437
480.6789	405.8902
482.22852	365.53827
515.6859	374.19565
519.8471	367.2831
538.61975	374.0787
498.11383	412.23407
478.28336	389.81305
533.62897	407.6891
469.76865	385.6042
539.71606	396.43906
482.05396	401.93814
505.49615	356.34296
525.59875	405.34766
191.82477	191.68436
181.47714	174.6034
181.91447	235.85742
143.31435	226.04745
154.70607	232.95334
137.53682	234.48584
171.13867	172.04105
163.87875	237.72285
196.87944	224.04135
182.27692	244.31381
147.60403	235.48445
134.7272	201.87396
197.70615	230.98071
133.94801	220.24149
192.44067	241.31677
204.42255	215.54489
144.26062	182.759
198.11319	188.58994
185.34549	224.35092
154.28232	172.10518
204.06421	193.00763
149.35402	183.54417
189.74147	178.1239
178.03128	244.81552
141.08975	199.83876
203.0939	204.26721
157.74118	174.26309
816.3368	377.4281
788.7001	397.93622
787.24506	389.18237
819.0574	387.3641
812.4703	402.27863
791.8233	372.21613
815.76117	398.09122
796.3866	399.88043
809.49365	369.1043
815.05066	389.3176
787.57166	381.28082
805.9269	373.6939
785.44763	392.72412
802.32416	368.6831
755.879	395.17084
745.686	387.18597
749.7838	367.2243
736.82446	401.29486
732.1806	393.9883
760.0841	392.49435
746.7394	378.8367
761.3413	380.97025
757.2874	401.08325
730.35345	373.29706
733.46106	379.9104
728.2929	396.67596
758.06506	373.9662
766.29504	389.49704
726.52216	386.77832
186.58797	548.5621
163.09706	573.5161
162.66351	540.4378
184.48962	570.4625
166.31114	556.3515
173.5264	540.0733
191.64178	557.2545
158.44974	573.787
185.53242	555.1411
170.69797	560.44495
151.03857	554.05994
174.41383	576.9132
151.69263	566.6388
180.98271	542.5407
598.97437	406.5279
611.2167	394.57486
583.8519	376.7614
597.5891	388.08282
612.2693	382.0772
624.0751	385.75714
575.331	371.75873
618.224	373.72122
610.7694	412.8951
588.8815	357.7155
623.97845	370.4268
577.4874	395.93256
594.91693	364.29376
597.89343	412.9444
575.2496	388.527
615.25085	406.637
591.23376	399.58356
589.7845	373.2708
630.4921	382.5135
605.1344	366.56235
609.5294	360.1587
602.73376	416.92627
143.12015	54.519142
149.7136	45.267082
156.19138	104.04811
125.34902	56.05771
203.61195	97.08909
134.26736	79.45984
208.78781	47.53014
194.43204	94.56793
158.14891	38.68674
155.21262	83.14574
159.41121	106.574745
191.06837	41.60872
130.14244	68.21302
135.90344	58.880535
204.02266	88.62444
170.81534	107.61102
150.38698	37.715622
173.07426	102.28674
149.12776	102.578575
209.78433	58.589375
180.41338	114.45628
166.06436	32.496834
199.69925	55.32248
186.75247	35.240143
175.71927	37.340004
174.32974	112.92025
144.0232	40.30758
206.54663	62.543438
185.42249	103.156044
168.5349	473.8798
171.68677	505.72968
158.23311	505.32983
168.76799	463.9699
164.73524	506.17114
149.43356	479.89883
191.63	490.04532
149.44339	490.45792
156.55122	472.0519
191.76242	496.73334
155.0316	498.1833
188.33499	477.09512
180.11526	505.1507
174.4482	468.2605
187.36041	485.59775
