603.15784	413.7042
575.41223	414.85663
569.66785	390.84357
616.6935	360.57782
598.22015	417.6452
620.7384	360.5329
568.01544	394.2471
578.1428	364.48813
593.5511	349.40573
626.9841	388.19974
620.6505	369.34296
607.1937	412.86313
617.063	405.32095
572.13824	380.8167
568.8382	377.76654
606.12463	359.3493
631.61926	377.42212
616.93066	368.87274
627.8748	399.9735
578.6287	409.83823
571.5635	399.909
612.002	362.44495
356.947	384.99445
428.68134	374.37906
393.20688	417.8681
364.16412	398.42755
388.11288	423.13202
387.65515	358.05768
356.38544	378.98007
427.21182	371.52563
356.57956	368.97443
406.39316	351.64658
346.799	402.53473
356.04303	410.62335
433.17554	372.32745
375.35358	417.66284
355.28308	376.10135
431.3466	390.7012
431.14722	377.94266
407.41446	432.33472
403.0372	350.92236
392.4795	343.70526
410.82388	420.18378
397.0545	422.38242
374.69244	356.78998
395.12064	420.13818
362.0298	366.63205
377.45706	355.54782
404.49167	415.17047
191.3851	570.75885
150.85321	563.95435
170.64862	558.3995
188.8462	561.82166
174.50545	575.18256
195.31723	554.1857
186.43657	550.3068
157.24194	544.2423
153.39627	550.078
195.74629	557.7731
149.53131	560.115
499.75772	38.180443
506.02515	39.27402
530.2535	59.726727
533.65344	81.17278
434.8946	110.82623
520.9198	115.25803
456.44815	150.64754
476.74307	137.12851
473.84888	28.260172
443.53107	146.59262
437.83594	48.05739
501.4918	35.50726
437.57367	122.36133
476.2955	27.035666
428.34628	94.09412
497.21338	26.969833
439.84662	119.08588
450.9084	134.42107
531.61584	53.567596
493.66656	149.71162
440.06207	42.900425
488.01727	140.76387
427.1421	103.9106
522.1039	102.43677
502.3955	133.99
523.2877	110.32158
504.41333	44.718395
545.5398	95.62424
160.5651	376.90546
209.3439	421.24057
150.41257	429.86957
179.30145	382.04504
138.75055	401.88315
176.31534	436.26987
195.06987	418.7116
190.08307	437.37408
201.55519	400.68143
201.4177	410.06152
181.20607	385.04068
141.42392	398.1922
154.17001	388.21213
143.26895	406.79816
193.39725	425.41983
182.62968	436.1735
167.03703	378.55765
529.55365	405.63968
516.6414	353.81732
485.69696	411.6828
513.67126	364.29413
514.6506	348.96054
531.65	412.4687
520.52893	425.1579
467.9417	364.62683
474.58594	373.30527
501.7744	386.7265
486.4318	430.81973
532.0396	390.77106
472.57095	367.00162
542.1321	402.4735
490.6316	427.0436
539.72125	409.67877
489.50244	341.40863
464.8543	375.7451
521.70483	420.17358
536.8931	368.12628
503.01807	353.83563
506.8222	417.87534
507.67975	349.46646
492.3024	336.3702
470.7115	373.82785
474.69223	360.81647
748.1577	406.07465
730.0414	390.01135
757.7345	366.69742
772.35297	390.39258
733.4784	379.45526
775.75885	382.81662
770.9497	376.4383
751.63043	409.89868
745.0708	372.84442
744.4158	357.9868
730.4124	397.5951
777.75024	404.30228
731.7667	372.9621
739.1959	404.1855
764.5519	405.14075
765.3414	366.29327
768.3303	372.29898
129.94998	196.17894
178.39456	161.50201
203.2358	171.37558
145.81975	222.79123
209.56027	193.3119
133.3461	194.21378
171.91003	229.7981
204.70415	230.54472
128.59276	187.73026
212.34207	186.11269
135.61435	184.57016
186.40215	158.11325
167.41971	196.28368
183.1555	211.7946
197.66222	169.58134
200.85982	194.82034
153.83194	159.49663
167.11954	235.48657
139.1757	175.61954
172.67104	154.45358
132.09018	217.48889
167.74605	232.61536
204.65866	218.09831
183.01266	230.82748
848.3179	391.59503
875.23096	385.20157
850.2246	384.08707
868.6426	373.24188
850.48016	389.70575
854.68994	403.38156
872.15704	397.76843
879.62366	381.45847
871.0718	376.65118
866.1909	399.69904
142.83647	476.19672
201.71413	491.2548
196.07005	495.80182
136.04025	479.93475
146.83855	473.10596
188.74118	514.43915
177.67264	464.7884
145.64928	503.8562
149.33037	490.63702
198.99828	500.5804
145.29276	481.38364
171.92953	467.50488
150.57933	461.07333
142.09128	490.02286
166.12671	519.43176
174.83954	510.7312
694.1095	369.7735
666.6654	409.68002
678.09204	412.78873
705.73303	378.51334
689.3517	409.5003
674.0192	361.68292
704.7888	388.68008
676.51624	407.78864
653.543	381.33304
680.1301	386.3338
692.7936	362.9307
679.15076	358.1681
674.151	413.85126
662.9101	365.03204
664.6942	367.5158
701.31836	414.27612
701.0653	369.5185
700.5502	408.89658
662.078	405.55716
822.4043	368.5029
817.99866	405.82648
804.2892	399.51617
814.297	386.6786
815.8264	367.0771
808.7776	364.9023
806.5136	405.9748
799.2168	398.91327
829.7645	376.91412
796.3766	394.94324
826.8293	368.78558
833.4424	378.24792
795.1513	404.20682
829.4977	372.63406
204.69888	101.29965
160.94435	28.90395
210.71416	75.43082
128.14114	97.311935
137.54214	90.35881
170.26222	111.220436
143.08458	100.28792
222.16931	81.84915
159.38405	116.5979
196.4244	10.757867
187.83556	30.114914
204.821	50.258846
200.8282	20.446539
181.69418	103.202866
149.29619	30.099463
185.51718	25.24413
137.05493	47.4326
146.29868	98.60193
196.77122	98.41702
140.98679	44.96731
158.23827	22.693747
153.36406	109.95625
181.63365	29.57847
162.0977	114.9952
148.83823	113.25649
155.99985	28.580606
210.17026	65.35597
149.02245	337.8111
187.51448	276.0661
188.8942	287.41803
174.76712	269.62894
206.41179	333.41785
140.48512	330.0268
202.72769	311.0874
179.67642	322.54095
145.49725	285.9478
185.46378	342.00095
194.39131	337.70795
207.85315	330.20593
164.04521	346.61862
143.30618	319.30307
177.95685	276.20563
192.73279	348.69
161.61955	272.851
139.27759	336.48206
156.32988	339.60974
153.38164	292.17923
201.69514	325.0399
165.72647	275.56076
814.1837	38.285404
816.8629	85.97666
830.82947	62.99003
760.58545	20.34456
759.33075	82.02262
816.37585	28.116308
815.6353	90.7021
767.72626	85.586655
789.5651	91.56935
825.7547	85.79749
753.10706	44.079544
829.6294	54.04599
753.8344	37.20855
793.48737	28.918192
822.8965	71.46016
767.68665	24.552483
744.5303	61.374073
753.12805	51.1043
787.86926	43.408264
804.4386	94.5093
753.8927	98.05727
826.8242	51.772816
752.61633	63.77417
