713.67834	38.587975
733.0024	64.18441
752.4564	54.58907
747.7389	86.811584
707.4192	47.004932
722.516	36.264854
720.97455	85.19499
694.40625	36.26293
742.049	65.565834
716.6727	86.95799
759.16016	33.381508
752.7296	94.43281
705.70825	41.082924
736.3552	39.868935
727.31915	92.995926
731.1258	24.28258
765.82336	78.79415
701.4528	76.95204
772.14435	42.054825
718.84125	51.97652
738.75964	31.499578
766.45526	70.03593
696.27136	72.89987
735.41705	15.96319
760.1484	80.12511
718.2778	31.18153
764.4248	46.68367
737.62946	92.69527
411.88712	75.22397
481.8291	102.04217
487.7853	69.15798
461.455	47.067513
410.73242	117.29851
426.12085	98.97501
462.9931	124.41547
414.21588	109.13599
423.3343	56.09832
480.46002	48.493736
408.13586	95.56222
487.57724	104.63342
450.50253	126.984436
401.00412	69.46801
486.97113	111.01152
437.50665	124.665115
470.7032	50.85788
460.25693	114.826805
414.52466	62.996044
467.34772	38.13753
476.36548	114.089806
429.0101	42.853035
492.67026	90.48949
406.879	66.82536
450.8309	43.895607
406.42526	106.00712
456.633	38.218296
489.50653	83.12953
416.08652	100.664375
462.8714	34.342705
628.1061	389.8897
617.3749	392.5694
639.07355	368.37494
606.2092	377.48883
620.98914	363.10312
617.3101	398.2732
633.507	374.07782
638.82166	392.06833
632.2595	403.8255
606.93304	369.49704
652.38513	386.28894
612.61633	402.074
638.85876	361.80768
650.86456	393.44537
605.5929	387.18402
645.3149	365.19662
609.837	392.02362
612.82556	384.7545
647.8627	370.58368
614.5752	366.54504
628.01917	360.30408
639.6498	401.56064
695.1096	380.55777
691.68274	377.38412
690.6275	396.9398
688.492	363.04044
703.9824	396.52036
676.18677	388.19846
711.41437	371.01163
704.2051	366.01175
683.94916	370.24005
717.6693	380.7986
685.9095	386.64954
711.5417	396.70438
690.31476	401.3548
675.0335	368.26813
714.7552	374.33768
699.04535	405.1026
696.17957	360.47678
717.7362	388.5031
684.18396	399.78082
698.5488	363.7811
355.65427	400.84564
356.9503	366.35443
350.86383	390.74304
371.64	404.17316
372.1259	391.73428
398.75113	377.36618
348.93478	366.82474
381.8941	354.85294
355.2559	360.52853
389.15686	350.65457
378.94534	375.1999
358.61993	407.0165
361.3096	376.609
385.5244	411.0783
352.0638	356.7335
383.72662	374.4602
355.3049	412.42474
366.032	353.27557
381.78854	404.84338
348.53412	383.69965
396.79355	353.66147
394.35217	400.14117
355.62164	354.53076
402.53336	389.2883
393.1611	411.7439
402.04367	374.68887
397.00644	386.63562
342.92798	381.2833
395.2509	364.31952
374.98312	411.97784
766.5807	372.547
764.5448	392.18018
761.36584	373.04474
751.5285	370.3899
739.7816	391.66174
734.7738	385.3393
768.1439	377.22302
744.7816	397.40265
759.00037	365.73355
755.42694	398.97455
758.9247	392.23367
746.6894	367.28214
770.3468	384.93948
735.8253	377.94968
768.9029	391.45294
742.23083	375.45273
191.03287	298.0244
144.71573	306.0837
136.77657	282.04932
179.41621	262.02682
162.51558	320.20523
134.38158	276.38385
136.24583	307.9996
156.54137	311.78033
160.05368	260.60272
183.50652	275.54623
144.98746	266.96048
192.72733	285.03278
137.58643	305.12994
174.85158	267.6691
191.8516	305.8608
170.54892	281.57135
186.85693	271.8833
177.51733	314.69006
141.45657	300.89172
178.19397	297.88885
131.69907	296.91806
154.4891	257.47235
171.4034	291.35294
151.359	259.9462
195.96321	185.8859
194.27112	174.93231
173.0334	151.05725
163.8506	206.45805
160.19504	159.20413
190.85193	168.8382
152.26996	211.42595
148.94644	148.14171
180.10309	202.41989
133.67091	189.13785
143.4266	166.36957
187.49496	177.64906
131.979	174.1771
181.88676	158.70619
135.91658	208.67404
154.53223	206.363
179.99846	212.36987
140.89403	198.28224
183.35396	154.65945
186.7714	186.38785
124.582436	168.18967
191.82574	158.54591
163.69109	211.77194
141.306	155.70274
164.10458	215.01303
130.639	194.10324
155.39598	150.17197
166.48227	551.60815
151.09653	523.80206
152.49875	556.5083
157.32974	542.3476
178.26895	531.2909
163.68889	542.47046
143.35654	541.53284
162.44864	536.4038
143.9454	551.79016
166.986	522.6646
178.32332	543.2072
166.44968	562.27655
177.65724	553.62024
183.3866	551.0559
146.41867	529.3759
185.29967	541.35913
442.99023	394.08365
468.7465	395.93637
443.2859	378.40048
442.5031	367.4418
457.02173	360.466
450.38412	397.3044
472.01862	361.01328
478.75488	399.4686
433.7575	382.65854
470.5728	355.82913
468.20206	406.43958
459.58466	379.42166
487.87802	389.50732
454.42676	408.16357
459.60806	353.91202
493.3322	368.48822
444.3072	404.69525
487.3908	367.1711
478.75024	407.02695
446.48444	355.71176
483.15512	369.52567
449.73373	402.44125
476.33554	354.73364
489.94516	376.44785
438.80914	382.76862
474.0267	367.44803
491.4123	395.17444
448.11322	364.2686
180.69241	406.09686
148.82538	365.78378
178.75826	378.22296
144.87148	401.54364
142.72177	367.06595
162.26605	362.38098
143.8124	408.39172
160.49928	357.04944
165.84511	407.79944
158.61697	403.05035
170.97763	357.56354
184.83755	390.4812
153.38434	357.06357
183.1986	372.10944
149.2778	398.90668
131.79904	388.3048
162.41585	383.8006
138.57224	380.29828
182.29597	366.6664
160.4515	407.2996
189.81264	379.16937
177.55339	91.157555
149.8295	33.20297
185.20108	37.90113
157.9443	70.649826
175.73953	39.43457
200.99747	70.171745
191.9814	83.96433
194.32338	45.382698
191.54565	65.5646
134.1482	47.097828
151.77243	42.95963
132.16624	70.765976
159.88889	28.333267
195.7581	75.3232
159.94211	104.57847
138.71445	82.262375
187.63904	78.545975
129.57574	64.95418
172.8052	30.375866
149.31131	94.197235
156.72871	65.674995
191.78157	80.13883
125.96594	82.11612
163.80603	28.968765
153.08368	81.5912
148.37848	20.436443
162.46153	95.35887
159.534	91.48537
193.47165	38.26563
177.30588	486.27188
143.90686	476.7876
154.47134	445.37787
156.62418	452.43903
151.72768	488.2438
162.29575	469.18124
181.77556	478.34204
160.53908	451.03546
170.86139	488.69214
150.71796	443.3943
182.92046	456.8793
140.69786	481.2237
139.69098	469.42056
170.33182	444.115
144.92905	455.09457
184.80838	462.45435
184.68828	466.77905
167.09029	441.64166
164.31755	493.6356
792.3966	392.87704
798.2472	371.55658
801.8226	389.2152
794.7415	367.41397
818.9169	374.55862
793.37317	397.14716
790.145	382.0503
806.47815	394.4315
783.9644	383.6822
806.4943	372.00903
812.16766	396.91266
813.3966	371.52502
818.67096	384.6587
801.0482	397.72382
805.2798	364.85553
561.45874	407.63727
539.21985	371.02628
552.84534	383.2509
538.9391	408.3477
559.2909	362.81125
579.68005	381.00885
522.1992	393.09903
575.5651	365.76797
552.47754	405.036
529.63574	369.96982
546.35474	397.75183
527.74304	364.96487
542.83997	361.02295
576.1278	372.82697
541.6858	404.13654
569.7307	371.4638
570.5905	401.9435
562.7322	388.40982
575.4882	396.41235
529.16003	388.3802
551.3027	352.70294
553.4245	411.0311
528.9833	377.16058
558.6623	355.62128
535.2465	392.70224
540.53723	351.83643
572.9799	384.65088
