490.3002	50.85765
436.002	98.119576
529.9366	67.25652
480.41617	142.69807
433.01367	87.86606
517.4574	112.4673
491.15048	138.77606
466.0769	52.85694
496.0704	129.93262
501.07047	84.99814
513.65295	52.145622
470.2477	128.41655
510.01392	124.92589
522.9546	83.65301
442.70737	61.61485
452.87506	57.762535
509.88324	58.630535
441.06528	109.31836
465.29803	42.66031
471.35382	140.2538
438.61734	120.3505
528.6251	107.60217
429.96265	103.53131
503.8837	57.920166
515.672	117.549194
433.36835	74.70697
500.35822	45.469604
448.35785	118.45293
497.6683	45.210197
521.0773	98.216805
802.47064	391.24045
830.25214	397.02945
806.8892	399.04062
814.1162	375.96664
827.30945	380.73492
820.1491	404.94638
799.91754	385.2575
825.94934	391.3876
806.4164	380.8847
822.2988	377.06372
817.65796	400.4358
762.7603	45.18052
762.9658	72.30247
762.10144	60.24582
776.9574	30.011715
808.1373	88.78946
784.912	31.17157
798.4766	29.956238
791.24036	85.65435
769.36	33.968178
817.278	42.468983
788.93195	24.339891
816.86334	56.940685
806.1032	80.22304
758.2145	65.60673
818.344	62.600555
777.1671	84.78801
811.7447	38.326626
795.5294	85.634926
789.3685	56.059254
823.5721	63.641777
778.9076	81.1808
807.05493	29.910007
163.95828	546.8765
151.71266	557.4448
174.9462	544.3158
174.78629	576.53973
155.21573	549.05884
182.4758	566.29626
163.58427	575.22266
170.91727	542.82153
174.08356	570.8538
166.5123	560.5724
180.21999	546.8629
163.38057	99.943016
178.54657	78.656425
184.11739	37.33746
138.27573	92.3529
183.39311	110.024254
171.44186	99.95583
144.30467	38.471012
196.13503	43.191948
143.222	90.414375
170.5317	34.928352
201.65295	66.594826
191.19714	40.227116
151.22993	30.240026
174.22095	28.620987
133.10843	63.36024
200.3865	87.64739
148.51035	95.52411
191.18202	49.773697
178.68857	97.90524
133.40404	75.251114
207.21346	59.358437
158.91356	101.59544
135.10101	51.075275
201.27232	53.247425
160.39426	30.986862
179.07486	33.481735
618.89716	393.9336
573.2557	374.96765
627.00806	388.19736
603.51666	380.5031
583.65955	367.43573
618.9779	411.92133
576.05695	393.06918
611.6827	373.28085
614.2402	405.50665
579.9651	374.06393
607.9092	410.61353
581.94684	412.56427
612.726	390.54987
580.4418	405.05515
570.4188	380.42847
590.5705	365.33865
593.75885	393.9451
600.03485	362.4792
619.8214	375.9162
569.03955	395.53436
615.6554	368.804
598.0758	417.99643
386.6185	363.15762
413.50903	410.54254
364.78732	400.22723
366.7055	365.99835
373.89227	360.4472
362.47437	373.04364
410.47784	384.10767
392.08194	415.4773
368.19547	382.00012
413.09015	400.9748
361.3624	388.40408
364.5248	358.806
397.00287	422.03265
377.56122	368.80783
422.26202	370.1967
406.8009	416.3645
392.0041	352.73636
416.802	419.47495
366.3084	417.42398
413.11713	360.99594
379.33466	409.17874
361.15497	366.73993
416.4506	376.3636
388.46042	427.15073
399.23294	359.20462
404.36746	398.01648
377.1324	420.94327
518.62244	369.55704
522.95386	399.73657
468.19083	382.92624
496.9978	421.02496
480.38934	395.3508
529.3876	384.52463
473.27206	401.75894
474.24356	363.6692
500.0333	413.28778
483.6578	416.9
491.24292	391.42975
517.1835	411.45834
464.0078	402.55392
525.7494	370.32813
525.097	389.67148
481.14053	364.77423
519.9187	375.61935
499.8209	404.37314
492.37827	359.89465
480.9081	372.811
485.3706	410.68344
535.6288	388.60336
483.9248	421.1397
486.9367	362.10666
523.1052	413.13702
513.9269	415.2897
694.80054	367.21158
689.7285	415.5594
663.71326	392.19623
685.3987	394.7434
659.1359	395.79114
700.8414	391.37708
676.64954	411.76236
695.3049	376.04108
692.15594	361.7878
680.83215	404.8574
703.077	380.9025
694.8062	413.0755
655.5171	384.59494
681.77527	366.0121
708.5646	406.5801
663.2435	376.81793
710.64636	383.92572
673.35724	408.52908
669.34955	372.79352
705.51697	400.97003
656.3153	380.70248
148.94592	482.1552
155.91354	511.81348
154.12482	474.60114
190.6464	498.51312
151.14641	510.00357
170.11528	472.03375
174.74493	512.4785
147.95273	488.9462
181.68907	476.92056
186.82317	493.71762
165.72913	470.60175
178.70554	512.728
151.64774	500.73154
145.14587	502.3376
167.21115	513.4285
144.05232	418.27197
173.40306	389.49622
148.56758	432.69916
153.26347	400.0076
185.46286	417.37402
175.01157	400.4517
169.56882	393.90735
162.09491	438.21768
148.11862	421.22137
190.51779	425.41348
161.79984	393.06464
189.7828	405.99307
178.1169	434.53888
141.85289	400.66718
190.85861	414.50455
158.1404	431.8167
759.54504	367.96225
769.84045	377.8542
744.0059	393.10602
774.5824	372.95325
753.33954	409.3019
742.2051	387.05573
763.9202	403.02557
748.08765	397.3272
777.899	389.77277
777.06366	397.5673
748.9273	381.4263
771.7788	406.2394
736.98047	394.44055
748.16943	372.0071
782.4473	386.36652
749.59534	404.94537
147.0724	319.1149
174.71185	347.89737
167.10257	286.154
144.06876	341.6603
168.06029	348.89456
142.57253	306.1885
136.94798	316.34598
148.04312	334.039
182.3232	289.12946
190.55154	340.72137
164.01566	291.122
177.93134	304.2753
152.44193	289.777
176.79573	285.03235
200.81798	331.87985
158.30411	287.0062
177.23735	342.92346
159.10942	348.64716
134.03047	292.4096
196.22638	329.28925
149.18912	339.28326
197.26207	304.70013
847.254	389.42047
856.4259	375.63235
870.2777	378.98938
850.3674	399.80194
861.8099	387.96906
868.92615	401.92865
858.6961	392.76398
863.03973	375.5392
871.9792	394.52393
847.6906	383.98587
874.71765	387.39392
161.35373	159.2387
196.49525	183.75809
202.24132	188.82637
136.14992	196.52388
194.5197	209.943
159.0273	233.70378
129.71933	193.17908
186.98135	223.18254
133.51906	206.5245
183.80948	162.73819
203.04858	199.96909
149.97388	173.53651
161.96884	165.28981
145.16177	221.7208
141.46202	175.00066
168.57855	228.50186
161.53885	201.56177
146.5101	162.70204
188.22708	229.01387
203.9702	218.80362
180.2491	223.86975
180.4642	235.59311
202.13243	181.75465
174.46086	166.22557
154.90634	166.96599
