162.24516	420.36066
174.04291	415.18594
177.57866	396.96277
177.27686	426.16855
157.85211	398.2757
170.84885	385.93625
154.93483	410.96875
161.29689	388.0341
146.89975	423.45963
158.0287	418.42773
165.24081	395.06387
165.89459	426.12802
146.24336	393.17368
182.87625	403.90942
153.97975	424.29742
166.09752	383.30865
187.81409	405.74136
145.10043	405.1968
138.30148	44.584408
180.02083	32.82421
186.20107	43.02052
156.64864	64.581375
147.96915	21.256062
150.90346	32.079678
176.07495	78.94653
172.24265	25.555004
148.14731	65.60655
187.00839	75.60609
146.09299	44.653316
184.95645	54.064903
163.03719	77.30805
173.5106	74.321014
155.17624	78.64766
133.14613	40.62692
195.1269	48.464504
144.68103	79.24132
160.22206	18.955177
193.54141	61.159008
151.19	46.235645
193.05017	37.46597
132.84329	54.392
155.32167	24.929796
186.51672	67.79861
144.59703	70.837296
184.74503	28.513885
847.1382	376.1437
822.5635	373.9816
837.37366	367.8097
829.2612	387.70956
826.7062	372.2849
846.2142	384.19504
837.1263	383.0296
847.03143	370.83328
836.104	391.4631
828.1914	367.33087
841.15265	391.87015
823.63684	389.37943
842.4845	364.18304
181.28894	525.4564
149.57156	525.1647
170.69908	506.9686
178.02484	533.345
169.05258	512.2219
170.07588	536.9418
157.03865	537.99396
175.68256	516.9125
162.93185	540.6227
148.58963	517.35626
164.19574	523.3009
149.74055	531.39636
161.12785	508.8305
181.30362	517.2202
694.20514	371.91983
710.49304	363.56497
702.3604	395.43283
714.9888	389.4696
724.60156	371.06244
699.8242	388.40656
698.57996	368.0735
721.45984	384.87567
690.07983	379.43634
719.2608	374.95102
693.4547	387.18854
707.77655	360.82697
716.9442	395.80322
695.8241	382.05435
718.3031	362.40387
709.3653	397.2868
703.07434	359.21625
726.6012	380.67078
755.8497	58.82251
722.6554	25.762554
715.4537	67.087296
723.3247	39.19262
750.27136	29.1246
733.6081	83.84929
754.3146	50.71018
733.0626	75.561905
702.3416	57.648235
736.8707	17.87216
713.64886	46.624
739.5187	24.806692
758.28235	39.3841
710.16705	72.83269
710.2315	24.671284
744.80286	71.98903
708.8734	41.1845
749.5976	37.402252
748.60956	76.80585
702.3937	44.847412
715.064	39.901844
704.99945	33.625263
766.08386	49.56388
757.2925	67.64427
724.26416	81.312416
760.5581	60.11759
756.7829	74.42474
786.92957	369.35468
806.6199	367.8163
790.07294	391.102
800.0446	377.90402
809.46265	378.8318
785.46027	375.3419
810.0699	387.58707
782.08295	380.29852
796.5294	368.57822
803.22235	389.18707
794.08386	381.1138
800.3668	363.23846
799.60236	392.69427
792.79626	364.06616
441.03363	395.7447
433.6734	361.32858
443.62534	355.49002
439.00308	403.24335
459.7189	398.02145
461.35736	364.77927
448.04633	378.23724
452.95786	361.00366
472.93903	388.26324
437.5183	378.55075
466.204	356.7849
448.72528	405.2525
460.34064	387.60556
458.54327	378.56052
426.52667	391.67145
437.69653	356.2468
466.35907	389.03387
418.83115	376.10016
468.3288	364.9608
428.1669	372.99963
431.7038	380.3627
468.77863	380.33932
422.34406	387.10406
450.0145	349.51047
463.95905	400.36554
427.1643	364.79312
475.79135	381.17313
589.55115	381.898
597.7584	379.03705
586.0142	377.475
580.73016	362.50848
609.5293	372.214
576.4374	390.62418
579.4253	386.49628
587.8275	371.08496
571.31287	386.14844
610.2117	362.52637
603.1886	392.70584
572.8136	377.0976
618.7804	378.8032
593.13916	398.40005
603.5372	353.88058
611.2094	389.99655
578.38336	368.26398
590.3487	357.91708
594.66833	404.13812
600.5892	363.48706
614.12714	369.5836
583.4142	399.14236
585.26044	354.17404
616.2021	394.5414
148.3848	474.58066
182.50592	467.864
176.36002	468.4536
146.50034	464.1461
175.03185	456.88666
171.84528	481.64258
159.6495	449.30005
161.62535	482.02652
148.4785	467.62152
183.89381	472.88452
155.6954	478.67935
157.23256	455.95547
150.38026	482.7829
165.19707	467.85757
180.80417	456.94214
162.45132	184.69833
136.25249	141.92981
186.82559	155.80855
173.73695	153.12015
173.40353	133.89429
166.7355	178.24057
152.3119	152.72328
188.6315	138.8072
137.14049	150.89372
141.00566	137.54742
190.98254	135.22415
145.12613	162.07707
179.19109	125.989525
180.28847	174.48419
142.76384	128.35597
182.85709	143.89748
148.37883	164.8515
148.99837	133.73935
196.51839	158.91486
137.2933	162.60333
193.95163	150.91867
154.58383	178.21542
164.55745	121.062546
185.48022	169.31073
142.279	174.45947
151.97887	123.01459
477.3798	69.228226
407.69006	52.81955
449.06094	72.003075
453.89658	115.33412
423.9948	53.650017
491.4568	86.32476
416.54962	52.3872
449.01425	43.801975
436.3409	116.51809
432.2254	31.909275
452.7889	132.13428
439.99854	100.36477
464.39072	41.732414
439.00912	93.94607
408.5747	70.20819
495.8712	77.150856
464.07657	116.950294
408.477	50.01676
471.89117	54.665794
417.1557	93.00081
494.46655	67.88512
462.54816	120.94208
434.96313	85.82738
489.68286	66.54667
412.2831	109.61952
429.97827	41.051327
487.22623	98.97766
417.7958	71.17903
485.7735	56.4172
453.83096	123.160446
747.43884	363.24402
768.8622	392.0222
744.59686	388.54736
756.7049	369.69672
763.4127	391.64023
754.8488	378.31467
770.9251	379.07336
750.80945	390.82468
741.3177	376.04153
766.10925	382.6975
739.7702	380.6314
768.24554	371.09296
757.4093	392.27936
746.2027	370.33942
760.5978	364.93924
357.5214	397.72562
391.87125	380.90256
389.00894	397.28326
364.14185	371.72845
386.7724	359.40747
360.27728	362.13568
364.21677	351.51465
383.71283	394.30106
346.07434	396.57718
351.48886	382.50934
365.85083	405.70694
342.1368	386.24652
385.38556	384.1949
376.1296	372.61487
374.14554	355.60712
361.533	390.36087
349.90826	372.2893
392.7024	371.34973
359.43866	402.64236
347.30923	369.59796
396.8859	383.9604
349.40088	391.46094
384.68427	367.39816
375.20245	398.31436
379.66843	366.58325
394.14996	361.60428
381.18607	405.11594
344.9468	365.85748
195.20093	250.49313
183.82495	266.21765
176.89323	233.39478
162.77774	266.35422
152.9489	228.12488
186.7911	259.15622
136.054	257.273
150.09799	223.39676
194.13927	260.2113
138.01083	245.05786
154.76729	215.87314
142.35648	262.78122
164.34227	220.36922
186.87843	245.73337
155.1619	268.82605
159.57872	225.33688
177.16928	271.82562
141.89513	234.25516
181.3969	229.39096
148.32405	273.74133
179.96571	250.36348
159.91382	273.3378
164.53693	242.7349
180.14723	224.02194
160.98239	279.13535
653.0676	373.7843
673.18823	388.66705
641.6585	389.82272
651.3972	364.3272
658.11584	396.73196
641.1334	381.31458
670.44324	368.563
652.9357	393.45352
650.06415	359.47778
664.214	393.7005
639.5292	369.37384
659.62317	358.82513
655.4518	388.02087
641.4723	365.66827
676.61145	380.57245
645.6311	395.08102
661.96155	364.2807
669.9008	382.58865
666.8422	378.44852
177.93575	319.45007
149.32196	343.3714
142.67514	328.56116
160.1022	351.94717
145.20807	337.2053
168.92337	312.81
168.13577	356.33185
143.94531	348.16302
176.04776	310.93918
163.66237	335.4843
160.77402	312.70374
181.03595	352.59766
164.50958	320.33902
190.89635	329.37732
186.79654	332.54044
153.82707	314.78815
179.05458	342.44617
150.05632	354.12903
177.10086	334.163
185.05984	326.75568
531.1404	353.60855
543.46643	362.15497
525.6654	392.5213
513.3285	384.52808
510.0327	368.33286
512.46594	394.67007
536.97687	356.8034
523.7435	404.1315
520.6493	356.60065
536.41394	363.87753
497.8333	383.78708
525.6615	359.13666
545.214	384.77197
504.76978	387.59174
537.6571	379.5903
530.6758	398.54944
494.63232	360.94748
546.2688	373.14532
514.44135	373.02536
517.0489	353.36826
548.8829	397.8612
495.7631	368.46515
541.8739	394.76657
514.0696	400.859
507.56158	361.09436
528.4303	386.13385
