171.26259	502.4891
143.77539	494.44727
168.60933	498.2247
176.96803	505.64053
146.72412	479.3022
179.3694	482.49115
152.29568	504.36017
159.60135	474.9503
178.8323	490.61945
148.8588	492.61435
166.46019	471.21942
178.80756	495.72256
149.16733	486.71027
387.7691	387.70224
374.94855	389.41827
363.44098	359.59277
347.83536	398.77005
385.30737	378.73495
387.23056	356.33307
350.6156	389.7676
378.95065	358.57648
384.80966	397.26566
341.56036	393.1622
352.0254	384.8408
398.54788	384.44916
346.73383	368.55313
386.9657	401.5605
374.29877	405.80417
339.00787	381.43195
391.30563	380.30704
346.6374	386.7915
371.3105	363.15427
373.72318	410.75952
357.76706	360.31308
397.61194	369.91263
358.06516	403.62018
382.51782	354.1783
391.64935	407.06833
346.41956	374.1756
391.36923	360.59787
736.59406	137.31439
722.5211	118.5833
746.5314	112.288895
723.621	125.56992
738.50226	113.771385
746.81647	132.18486
729.4307	111.55729
744.4388	121.43246
725.6371	136.69745
749.3848	122.914246
802.0377	388.95404
791.7091	371.09607
801.75885	380.99814
789.50665	384.38104
783.3917	373.654
795.8005	368.40668
785.44836	392.76056
792.7267	376.68103
797.0848	392.3341
780.80725	378.45477
162.98428	364.14886
177.05142	384.74863
144.0004	336.30148
183.45506	360.8354
148.95378	349.57574
186.86258	348.66864
168.00697	373.9546
181.6929	337.3298
173.61957	337.47748
141.08627	356.79593
138.92393	353.24503
176.6566	375.7197
144.02844	344.26532
162.7766	333.38632
154.6715	365.40643
135.42404	349.74896
180.10564	344.02438
148.25319	380.15448
424.42636	52.011696
476.22842	115.91428
424.2942	39.31623
442.31958	120.61747
461.3065	118.11171
475.13272	44.827854
461.20795	50.04164
411.4691	109.18689
485.21344	59.21288
457.30844	125.3148
402.98557	76.57445
490.1888	86.94131
408.79703	89.8448
450.35748	42.840733
486.21283	106.13936
400.79022	70.08752
456.40118	38.81102
400.64508	88.891495
437.92963	104.93961
493.54263	77.4171
419.1009	62.537712
429.3286	45.802315
423.73346	123.86354
428.82748	99.06877
484.57617	74.33457
434.05582	40.077858
407.84702	65.61476
464.81924	125.27047
743.51135	374.6557
757.98627	373.29276
757.68176	391.3696
737.9562	379.37192
763.4083	394.13397
738.569	384.05878
762.0387	369.4954
748.48376	377.54013
747.7196	394.57782
766.33673	371.47964
755.96356	397.56204
749.0084	367.71152
767.08075	385.63626
715.6355	30.28299
722.82434	42.118744
730.237	78.819885
740.52734	20.875576
759.14355	31.97934
716.9479	74.05998
729.6414	23.704447
754.39795	77.22987
690.23376	53.089302
750.5427	67.113266
741.74304	82.55179
726.4027	28.855427
737.5864	43.25386
708.3231	50.558193
742.6899	31.330221
772.1288	47.680767
706.1099	42.099052
763.62634	49.806145
723.80927	77.05003
723.74976	72.419586
766.1134	57.751698
704.9812	59.540314
758.388	46.21387
670.8182	391.81357
652.2861	399.0865
648.156	378.25635
665.49603	394.3655
656.7034	382.85614
675.25134	382.13553
651.0464	362.50116
669.148	380.16473
639.08484	383.1299
670.1601	374.7712
674.6873	373.119
638.90393	377.3968
643.4013	365.6427
657.30426	400.5612
638.945	372.94992
660.63983	360.90488
642.20764	390.09277
174.70769	260.37772
151.87894	294.00977
166.0316	244.42671
174.03088	247.21573
182.50467	277.93756
148.55038	250.35898
153.92136	254.63953
140.653	278.0965
176.3389	274.8134
174.3162	284.03058
137.29578	282.2798
159.18365	283.1738
157.34183	289.44974
137.81694	256.49677
191.01375	280.59985
138.96692	264.98248
183.6701	250.86093
144.00284	288.8099
161.99403	251.85896
189.06015	271.35214
537.56433	369.9926
527.095	362.03583
533.5459	398.57953
505.5065	379.67673
519.95935	365.34552
520.1024	400.07816
543.4354	395.8471
510.01718	392.8281
517.2928	404.14752
534.6671	359.32864
534.7276	405.54218
508.15463	386.92307
542.18555	382.60083
510.84344	366.97574
514.6127	360.70074
547.98224	397.02267
529.5571	382.17993
550.2818	375.06482
524.35126	391.7586
514.26166	371.64557
545.08185	369.82715
440.29532	388.94525
477.27094	381.9228
445.4356	365.13718
436.7535	379.43655
468.56607	364.25986
458.32526	404.05338
429.41968	372.70755
450.7731	380.0528
454.6481	359.2365
475.0814	393.1802
464.4558	409.52045
434.15836	364.3742
473.66806	382.94778
450.20306	402.97293
455.83002	367.00815
472.22992	399.1974
425.5062	377.41898
461.6599	360.288
435.88983	402.0444
440.4566	361.71756
466.9825	391.5065
446.82623	399.71606
473.4847	361.75064
162.66682	544.6202
145.49829	541.71655
179.29051	547.5753
150.81076	557.14716
152.36046	551.19104
168.63887	556.8351
157.99704	536.3789
161.60638	528.0338
171.58598	549.686
154.75716	532.41003
173.87907	543.4191
581.13275	401.00824
602.2992	365.69452
616.67554	378.90167
589.30145	365.72815
604.53015	362.18918
593.41705	397.01782
577.3191	377.33636
606.2172	400.6784
584.92664	395.25275
604.08734	371.7364
603.1579	392.50656
578.0416	370.9196
610.38245	377.61804
575.6246	383.61618
578.8604	367.18616
614.9679	366.73392
582.69324	389.362
613.45447	392.04398
599.84717	400.3685
141.74306	421.27167
153.83345	406.17206
176.19351	443.52588
179.24573	414.6756
176.50446	436.07892
143.71255	432.8151
173.78351	420.3478
172.32785	423.02432
178.21529	419.256
183.85107	441.56586
161.17447	430.34805
153.08223	415.25592
148.5668	444.15518
144.27606	425.37466
181.63321	428.77637
695.44604	393.34634
713.3585	366.91153
718.3241	388.8238
695.9518	370.69867
724.8072	387.18506
719.8099	373.28934
697.3913	380.94824
709.12006	382.5537
699.58154	386.29312
724.0844	379.0907
721.8207	392.94
701.9514	370.69745
702.28705	364.783
703.3546	395.27533
147.86923	27.165579
191.09373	85.98372
166.04422	47.99472
158.79874	27.015636
143.3511	39.06961
132.00339	60.21557
196.66931	63.803474
148.15363	80.29329
172.44757	40.18963
188.17313	48.38784
176.90457	62.52891
199.22545	58.551678
135.50967	64.04924
135.3594	48.545097
190.07521	72.633484
147.75357	95.193825
187.1661	31.92529
152.88687	90.82966
135.95132	77.74953
196.25137	74.17967
169.05688	92.850784
193.65207	49.714043
185.59637	86.90235
132.77768	35.672737
176.68301	30.200201
129.0733	72.40738
129.10228	55.82508
183.22318	191.79189
153.57378	183.44664
189.47641	166.48462
170.07123	197.83931
147.15498	178.06744
177.00446	154.11714
128.89944	173.91043
167.19702	165.17136
189.56352	185.59245
135.03769	186.46024
142.4448	147.54695
151.12068	200.75635
187.4336	173.03816
165.83029	142.61517
157.8966	198.25539
169.33794	147.16109
192.28494	175.66779
137.2713	161.38968
187.33528	150.81332
162.24643	204.94975
144.16533	151.88313
190.97897	158.68579
132.69365	165.61937
