565.4406	361.1209
558.55414	402.21353
574.67834	364.00116
584.6929	391.2547
561.18225	369.89172
585.26746	374.9073
569.7358	398.54852
543.8246	369.7601
580.61	379.70383
573.1773	378.4955
578.0036	375.71793
577.8916	398.41837
546.24365	390.61435
589.04675	364.19855
560.1432	390.51898
568.819	354.072
591.5919	389.84503
538.12335	379.70477
581.7887	360.1785
546.83545	401.16547
551.94055	362.9563
571.963	407.64508
540.9335	392.84515
881.28485	372.11237
872.0748	387.8354
866.46173	383.2004
880.1551	384.15005
874.1823	378.7302
877.0828	368.35736
889.7502	378.46002
867.4388	389.6374
884.18933	376.19046
877.4103	392.86014
513.4828	97.19184
520.526	60.930336
508.7373	64.83329
515.0547	55.214577
462.0717	117.46324
484.50284	123.4557
446.9275	94.01744
497.35123	68.27567
447.88873	66.91036
457.3681	43.513184
431.9103	98.031975
474.75897	32.097
452.15234	114.97296
477.95288	45.26345
494.45465	56.05417
470.91318	134.08862
475.72552	51.960003
491.97476	130.32802
474.38947	123.7038
521.67126	80.34825
510.77777	112.94078
426.85913	78.843094
522.91437	101.76805
445.1075	78.38432
464.64737	43.957577
493.587	121.74977
435.93658	61.562927
467.87592	39.790184
435.7036	111.37511
454.2767	81.408646
188.74062	153.25305
180.05188	145.03378
155.94458	167.66383
177.59718	191.72897
165.28647	127.012245
204.36852	179.97643
184.48524	184.70818
151.5538	137.62312
200.22552	167.28911
148.25395	171.98843
193.02493	142.55241
158.13962	189.75064
157.93558	147.59615
202.54407	153.90198
146.25735	150.32439
171.34872	134.43938
161.17757	178.63089
156.57744	160.88522
208.19173	143.6832
148.99112	181.70633
186.48958	133.78531
191.70914	167.21107
158.83333	184.34224
189.39116	177.78459
749.42426	398.00156
754.9719	382.17273
767.5916	384.72903
751.78375	391.43546
767.2452	373.50687
739.37103	391.3235
749.6963	366.04968
753.4672	364.15814
740.9456	386.07074
764.66205	367.63605
769.4634	379.7153
743.932	367.03555
746.663	375.19116
759.12537	396.3737
738.1432	377.4063
708.9812	367.1939
708.71533	392.74347
687.5181	373.69907
712.5042	396.79807
684.7286	377.93536
698.41437	363.59128
711.7669	387.7805
680.45197	383.58685
714.8244	379.4688
689.5807	384.25964
704.009	360.38287
700.70654	400.3555
699.454	387.26355
715.46655	375.1879
684.4657	390.83322
704.7827	372.76248
722.3256	380.72546
620.3752	376.6057
658.0432	370.8646
621.1903	384.32544
623.882	364.1806
643.4181	361.80002
631.76825	399.30933
640.4335	376.19952
648.9775	396.8324
614.7108	373.0919
649.8139	361.77267
656.3953	396.81732
636.27844	356.3764
652.48016	387.11124
613.5543	383.2091
660.4334	383.06305
628.433	403.15277
641.2169	383.82
667.13904	386.47763
640.8675	396.4085
627.06213	393.13712
660.1973	387.96823
463.18106	385.41568
496.53168	365.8436
491.83063	392.97305
485.948	402.1299
500.35092	388.8885
468.97168	386.39944
465.90967	378.70633
488.0728	410.8378
467.2416	362.60995
509.59784	365.54974
486.0978	387.1553
479.8499	398.59326
502.06396	366.9628
469.0064	400.73993
491.70914	358.07492
480.1017	409.2188
470.64404	356.41364
490.37125	349.40143
456.19012	389.90247
483.8976	351.8625
507.1245	381.03802
464.71606	397.80713
509.46124	395.55957
502.9288	404.6426
477.38348	365.26495
513.21436	382.64496
813.95844	391.55148
799.2689	377.24863
801.7257	385.39603
794.5274	366.27768
800.3175	366.1418
797.591	395.26813
795.6952	383.51544
815.20325	382.75558
787.64465	376.9087
806.1182	380.1318
806.34753	392.70947
812.85803	366.25797
812.542	369.05045
785.4935	386.37302
174.59807	521.71844
188.4898	549.24054
170.8197	554.44324
192.14294	536.8223
176.25385	550.3888
159.41321	524.7746
185.7198	543.3555
160.90984	545.6122
159.79144	532.39343
183.51071	552.85187
168.37631	522.24133
191.47458	542.13116
177.83437	556.85364
186.52023	523.6202
181.42865	421.18417
152.41031	414.39508
185.64627	404.81415
185.86044	427.12152
155.73486	406.80676
161.9331	396.3548
157.32433	419.34024
191.26215	399.4097
189.64503	432.08887
156.3587	398.263
172.36032	413.1994
159.63705	430.66742
184.024	395.18182
195.90088	410.892
171.41835	432.7321
193.29944	405.51236
179.02045	402.18118
174.32643	317.5318
189.11636	354.30145
153.89537	342.84668
176.16434	333.85455
196.96307	344.48553
171.01112	350.69815
182.77458	319.0902
159.67534	354.09888
176.33746	363.0579
165.68683	362.16605
151.13785	347.3595
185.51984	331.50604
184.7485	355.65652
155.34184	330.15192
191.34909	334.852
197.38992	355.2016
160.16412	320.51556
194.76324	329.91464
184.9663	33.00281
186.57083	27.011694
182.49759	84.83352
180.9097	26.92605
191.14322	80.99304
145.22083	57.94467
179.30179	78.56855
169.69211	86.49478
140.5045	66.89232
151.87512	30.147629
187.70378	77.081024
144.0657	32.950043
201.8895	72.12984
151.0749	43.889034
171.8005	72.975365
183.63022	90.477295
156.61125	38.70341
193.45023	36.75334
148.11311	37.564987
156.19333	24.157864
200.40587	36.4751
163.92958	78.13562
175.7283	22.505526
159.09474	83.046265
163.74593	28.958523
205.30904	61.60369
150.88501	77.49073
851.2767	384.91965
845.4579	388.35696
834.3421	379.06818
850.3242	371.55026
829.5145	389.77792
834.7694	370.01526
857.6998	382.16718
842.5964	377.847
841.4113	369.48605
842.6996	394.06476
829.4916	376.95477
194.88382	242.33801
142.04987	256.3151
165.42471	228.23718
183.20584	257.63983
153.23613	249.24448
188.37106	235.80466
157.99931	277.6868
197.53244	258.98538
183.84763	279.8661
163.33638	257.8746
157.78911	231.59412
168.34152	288.3672
177.04686	229.64848
204.38843	264.64618
152.99942	258.6509
183.74832	229.0446
191.93779	270.31073
153.64285	235.00845
188.96259	251.66013
187.00748	284.84088
146.44687	250.33943
148.85841	242.77205
168.167	283.66174
803.6417	90.16408
787.04816	89.04901
757.30023	41.53054
812.9742	64.38183
752.33484	59.507805
790.85706	77.60212
770.63696	33.209114
751.37286	88.83284
774.02576	27.260101
799.0272	68.77376
749.1561	31.903473
806.36066	79.46245
766.6687	64.47784
781.5899	34.226166
817.97864	42.04436
763.86145	50.173653
800.1749	34.098694
808.5682	68.30487
758.3031	34.32623
791.4198	88.699905
770.95746	78.6958
807.4793	33.428505
761.86145	80.149826
762.6398	69.65226
813.5757	40.182674
769.84534	92.33213
770.52386	23.78784
389.09006	356.4483
377.94397	397.71515
412.4505	390.377
382.43134	402.56818
382.61777	360.7801
415.30634	374.41116
404.16376	399.96808
402.82187	359.4173
412.43073	404.15607
369.3266	373.2245
400.14374	350.48163
371.23245	395.7901
371.3572	366.8915
421.87103	391.10507
363.26797	384.71576
381.45618	382.05884
408.7328	406.10846
372.50674	392.4129
425.118	387.32086
387.76993	411.10138
393.95172	353.32938
420.32022	402.53992
392.45886	347.546
422.0481	375.99005
394.30078	372.29764
369.15436	388.24316
416.1474	366.9992
395.00726	382.38043
415.16782	359.83548
172.14978	481.41885
169.77968	476.23233
181.78688	490.7442
163.18803	491.9852
189.14006	467.1425
176.92535	475.2249
156.71104	485.39032
167.55798	461.4953
182.92455	496.81885
156.85066	467.28522
192.61685	480.6713
174.73248	496.4625
180.31053	461.81842
189.69583	485.01236
163.04022	466.472
