179.5178	152.81723
157.49124	165.16818
147.63931	194.80229
155.83421	198.06442
164.74074	196.72514
177.28824	145.55656
192.33044	181.33902
151.62032	158.57622
189.43137	171.60425
133.83952	172.7684
162.46535	146.15622
166.52647	182.17683
130.28651	164.23856
191.07758	166.05371
139.26804	187.15018
161.6947	141.4149
142.6917	198.7849
153.27596	136.69913
181.56851	165.93839
132.64493	187.54533
143.19194	150.03911
204.9241	177.82076
179.29578	193.5989
155.20605	295.38385
201.68623	262.23236
143.01761	244.44287
169.39934	248.7977
165.0975	273.28168
139.48598	265.3073
176.99866	252.92862
155.25357	281.77856
172.3995	268.74265
177.57793	280.0807
139.44756	261.12665
183.2958	277.5989
138.43314	285.41248
150.76903	247.61795
173.2566	291.08353
135.11725	257.3767
186.4041	259.15887
143.866	288.738
174.05797	240.82092
180.24092	246.19511
188.31036	39.098106
172.612	46.153297
147.79373	88.8381
176.01393	53.931526
190.5052	51.31191
157.01126	92.19152
167.9028	33.848362
147.97845	67.23984
128.43567	53.890606
185.37914	79.8776
174.47563	84.92029
185.38576	30.804539
192.5694	73.815506
124.79354	70.19654
197.14458	41.913918
192.67526	56.13902
133.87447	68.58006
138.75851	52.371307
166.96634	101.7932
133.44054	43.034153
183.84032	94.44376
128.98898	59.77602
156.9217	21.124796
181.73994	88.82669
129.35191	41.398216
185.73407	45.322346
137.02379	83.32628
535.7964	362.17776
557.86176	382.07047
522.2824	375.86993
524.764	395.6818
542.10815	393.69366
527.6256	360.9275
535.20886	369.30847
512.30884	395.84317
553.44714	368.15778
534.4798	401.2885
516.7788	389.35757
555.4589	392.90207
549.02295	402.51544
521.0401	363.2383
558.81067	373.71783
547.42175	362.29745
545.09045	381.02097
527.4279	406.90295
513.3334	379.35873
565.19934	380.43988
527.5998	401.42783
535.3571	357.34967
550.3028	408.2318
344.77792	389.24405
383.2704	409.99634
379.46396	367.36182
377.00406	362.2588
384.59857	390.03827
365.85974	411.1189
349.74176	386.5127
376.081	406.45822
364.72284	357.901
381.55573	376.77838
362.70203	409.09448
354.64047	394.80554
386.851	401.86163
376.59738	394.53293
387.01923	362.82404
402.36774	395.1954
346.0292	365.69803
394.32693	396.08682
352.31366	401.50995
373.74326	356.89832
349.01807	405.96365
357.42722	361.63107
395.58987	379.61636
344.35416	401.08588
381.49295	355.05176
350.68988	417.3913
342.97955	372.55896
352.5368	356.66046
740.0691	379.14005
756.4698	376.3234
753.2318	384.1186
745.1012	387.76355
749.77527	371.42014
757.6039	395.5033
743.704	395.48895
763.09064	389.3042
751.7228	392.9781
745.44586	375.08972
760.4918	372.88147
781.0161	376.69528
787.71643	385.0206
789.0583	395.2976
779.49963	386.44473
787.70593	375.5031
780.7192	395.50705
792.1528	371.6944
796.6139	386.19183
774.7468	387.49173
796.6278	379.8994
662.78674	398.21246
652.36176	391.2564
677.6053	378.22623
659.9888	393.883
666.3269	366.56934
679.02545	387.71832
668.8583	395.19507
674.7651	370.92487
653.6094	395.79202
659.8157	371.64685
665.75507	373.36664
658.88965	366.03128
681.7791	392.95877
672.88855	399.47284
819.396	381.8063
830.42676	391.75812
810.5583	392.2134
819.3498	371.3322
821.1146	394.65643
811.7555	387.29645
825.32043	373.46683
825.6888	388.68732
809.3114	381.18283
830.4652	383.7219
144.2389	535.67255
149.12419	530.4126
172.78159	540.61096
149.15628	539.3101
158.39182	550.6586
150.41728	547.92236
156.38148	523.09344
175.87935	545.2995
162.17056	535.1742
173.76242	527.6065
167.06717	549.9596
712.71674	369.24075
709.8029	381.42975
696.6039	390.48782
719.0612	368.05768
721.7377	393.0025
702.37164	387.59055
719.16705	372.457
724.82666	384.0961
701.9685	372.96072
710.95807	387.01224
710.03986	394.88852
721.92505	378.7704
717.82715	397.9583
449.6961	40.679695
464.96405	60.626934
412.28876	97.42818
424.90155	68.77135
492.91718	108.38993
438.91827	111.47432
490.29434	101.342354
472.2662	124.02751
423.30414	111.30149
425.8177	124.22721
406.16827	98.41606
483.91147	61.06534
416.9267	61.471703
402.14197	91.94446
442.92633	32.881138
468.02368	120.20415
431.0652	45.858276
490.82285	67.04433
416.88794	52.706688
477.81104	51.181664
417.49762	117.94358
407.0223	79.470375
460.29828	53.725445
444.6255	140.21262
463.47534	44.131077
495.1756	90.46288
409.79938	114.908615
481.12216	113.13926
453.8946	126.580894
405.38922	73.51352
168.3962	375.94327
140.09508	360.48352
162.91675	326.98727
149.42067	367.76593
155.52507	331.03217
182.63425	352.88303
165.22131	368.8157
143.17665	337.80508
182.45636	364.58737
155.41156	337.54535
178.18716	334.21948
143.86995	343.69708
138.35184	351.27927
184.47433	340.80234
152.61488	376.21625
176.94917	342.09537
179.0795	359.54984
141.59085	367.75546
179.0919	415.20782
151.67487	440.9265
142.77504	415.41617
175.87297	431.8958
157.57452	443.43936
152.29286	412.44867
162.04507	431.5385
143.82541	420.6955
172.26083	405.08
142.68561	428.4855
165.5759	408.13046
175.35504	439.261
173.19626	414.03647
160.93538	423.21967
728.82745	54.05179
742.5335	66.832184
736.11316	31.891861
767.0257	74.71473
715.8357	40.386105
759.93854	96.565445
744.7772	86.823456
770.9606	43.711258
759.15015	91.72089
749.76416	18.744337
737.2258	46.789562
691.099	68.031136
752.82983	37.08934
727.9813	77.50331
698.8279	54.854454
763.157	72.63965
698.5141	66.29049
715.973	49.51571
741.1424	94.776924
705.1728	56.64029
769.9861	65.62759
760.69763	39.521416
709.53107	38.091267
730.29596	86.835815
728.95526	96.662704
749.4945	32.4551
758.5231	86.06205
144.84052	483.58252
160.06346	500.1209
154.33392	496.57007
156.59718	473.07135
167.66208	500.18173
142.01578	488.2618
176.2765	476.22763
173.14952	492.50836
145.4438	477.00958
177.52608	480.69214
147.40762	492.10834
156.88968	465.2027
178.14684	490.6595
477.01953	389.29163
476.7954	381.79224
457.96494	360.29395
465.26334	360.0109
482.92276	397.2215
432.46817	389.58847
438.01984	360.76547
475.41782	397.16028
441.025	396.13058
455.73486	365.35037
441.25986	405.40085
449.77457	363.74948
476.74316	370.89337
437.5013	402.9992
483.60956	374.8243
446.03848	402.09695
445.6369	372.78076
458.13492	395.2204
436.00714	377.36972
472.68573	368.07773
471.14215	407.2268
436.47614	370.58102
482.19897	386.04913
454.13843	408.9443
437.44498	366.0229
623.54913	398.17096
607.87317	383.43945
627.50476	371.28424
624.40845	378.00662
628.4315	386.79153
629.96643	392.43933
594.3131	372.02667
592.8655	367.59393
617.21924	404.96252
591.68536	381.3536
631.9273	372.78717
595.24084	390.91208
613.8215	367.7104
614.3898	395.0247
587.6708	386.08112
605.84564	364.4213
610.6947	403.57764
597.7709	402.37894
620.47003	368.92572
605.5621	405.6208
