639.40295	375.13898
657.50757	381.20856
660.6148	364.83398
666.08435	396.90216
636.296	356.836
670.41907	377.3455
651.3126	395.75433
634.34924	392.4394
663.78735	383.86276
625.60364	388.23428
633.4521	368.759
644.63666	396.41257
652.18353	362.01428
672.5108	389.93057
654.37756	404.11987
658.02454	358.49643
667.4896	390.03354
625.47955	377.23004
670.1485	368.76892
635.47614	398.54453
646.733	359.61505
204.90266	60.06704
165.42311	70.77581
191.95741	50.196663
180.0282	87.109695
138.89273	53.353462
198.91913	44.799202
153.55759	77.497055
159.5725	21.567854
188.3421	73.085304
185.5592	46.716858
171.20438	28.752232
167.82571	93.05962
170.11266	42.88203
205.15292	79.00198
140.98581	63.19985
167.27504	22.218569
203.75764	70.43422
136.53604	63.086792
179.98575	73.20795
196.98969	81.06264
144.82227	49.23016
205.31763	31.516937
147.85544	59.93886
186.66226	25.137997
188.87177	79.53795
158.77962	32.10188
203.71657	41.855206
158.18463	85.51767
802.4872	74.43023
778.2629	90.61465
762.93604	39.010895
814.9435	71.0004
789.19885	47.71145
781.361	83.69099
813.3008	55.394615
754.18713	53.232014
810.7152	42.45162
754.2003	61.11143
753.1271	44.760536
791.7224	35.86216
782.09827	41.044422
771.7697	57.321594
810.25287	78.6456
760.2934	85.51668
811.417	32.598488
793.6488	79.39709
749.8345	64.35398
808.2065	69.214
755.15	80.52529
805.3764	33.873512
817.82794	53.989143
746.1422	45.71827
795.00415	24.574884
766.6439	85.10964
765.55884	29.461325
829.86475	62.429832
160.85382	289.39725
197.06796	248.24313
173.33444	265.0686
198.21768	261.86337
186.59082	248.64218
199.907	269.61432
150.34192	252.61894
174.97134	287.28296
157.40068	281.04266
170.85284	240.14505
179.73178	291.15695
151.59947	256.9017
195.48892	251.22794
146.63953	278.47107
190.17935	241.57397
163.77827	280.44836
162.04904	261.27267
181.73929	257.4035
189.75366	284.41266
145.15884	265.78943
196.1294	280.7527
159.30821	240.99797
197.76013	242.93106
182.37054	156.0521
163.57631	145.0281
191.48898	176.57034
159.26219	153.27621
153.02983	149.02158
190.774	187.83035
160.57774	182.2732
195.79839	151.78226
169.32478	192.09077
164.2444	136.36725
201.739	177.43376
147.26674	173.22366
185.15283	139.16084
144.53474	179.57059
146.00732	159.68732
202.86122	159.45258
180.89178	188.06012
178.44937	153.39595
207.18494	170.08401
154.01314	184.73596
175.1693	133.66446
191.20848	193.80013
153.73062	141.67606
198.53593	145.06815
158.97104	190.77466
159.59625	336.89767
190.12936	371.9583
181.81604	329.52426
161.7743	356.8243
183.50627	374.937
188.52522	348.0731
179.28032	366.9846
152.99405	364.89792
180.60318	338.6552
160.20424	368.48712
148.75244	357.20932
163.8042	371.1602
154.23329	354.43356
174.19273	326.53375
198.93874	344.89496
148.40366	363.93146
190.37823	329.98392
168.47165	375.95407
166.95341	324.23044
187.05049	335.20404
769.5968	396.15747
775.3092	377.99103
774.958	383.23395
764.7126	379.52545
782.32965	366.78473
758.34564	390.64944
770.9834	364.80243
779.1244	392.19586
757.9882	376.20645
777.19495	370.11838
785.71136	391.80774
760.6706	367.68768
791.2159	381.62323
755.5902	380.63522
768.70667	390.0296
490.25238	381.89502
501.5545	401.2141
470.44482	364.96542
485.71957	392.8607
503.40234	370.19458
488.82928	366.50928
474.779	385.52948
467.331	371.69342
462.8056	386.24863
461.431	378.79153
509.1728	383.06757
477.21735	396.17276
482.36206	353.26196
484.55893	407.90994
456.4108	382.38416
507.35098	360.9217
492.75824	403.77475
474.84067	357.51282
486.47476	379.92435
474.8832	407.1784
500.42505	357.45358
508.33807	399.38162
466.82486	356.23608
514.7995	367.70773
509.30182	414.4742
461.882	373.5602
514.1765	381.48993
699.6308	386.53232
737.2528	377.05084
698.19104	391.23807
702.08734	368.1315
722.16345	362.85254
723.2149	389.6099
719.00354	380.56152
730.931	376.2748
712.97986	391.27362
712.78735	366.74133
700.69946	375.98053
694.7386	368.88016
732.76184	393.1142
694.0213	377.57455
712.207	357.22345
721.83746	397.83807
689.8893	396.32452
736.2719	387.7386
712.8396	402.1282
732.52625	368.75323
826.6893	373.5865
809.7567	393.3302
818.4857	369.94247
805.12683	381.72183
802.46954	388.75934
819.4338	382.93127
814.0372	384.72626
813.5416	370.65613
822.7443	392.07193
808.2018	370.22888
821.91766	374.39594
176.9559	495.81625
189.68004	474.30133
161.40332	482.41827
175.9136	500.61737
183.47552	478.9645
180.19162	490.92416
160.05795	474.37213
188.44592	479.10678
184.57205	495.80502
168.44894	468.93887
188.44958	488.80322
161.3804	491.4251
195.72902	429.8025
165.45712	445.33823
156.93039	413.0525
174.23903	428.45465
173.52214	443.02133
190.21307	411.5309
179.45337	414.3557
159.43471	424.6967
191.70804	419.26123
179.53316	447.17075
167.86508	411.2215
182.50381	441.19125
159.27817	439.00116
170.85072	424.05576
189.65054	423.13574
173.22096	405.57782
190.17404	524.4422
160.71715	538.91705
172.4723	516.7237
182.54343	520.3866
162.71603	517.1536
174.93729	542.54205
184.74869	542.3157
164.75969	523.5221
161.10289	533.17206
170.84314	536.7657
187.32748	535.0067
530.6618	86.22884
478.4651	113.68034
475.0377	41.658558
446.14575	110.90834
443.55786	59.591927
502.79572	113.88258
491.35483	70.18795
491.99408	93.323715
442.89917	119.381065
488.58258	32.720947
515.47766	65.65702
455.18292	51.615883
522.194	85.84003
486.66815	116.697495
458.2387	40.86222
523.6283	74.15013
464.11298	124.43424
455.53906	108.98539
516.5329	93.3476
460.15152	121.67644
464.30142	39.30911
443.17245	101.253876
434.93466	81.556625
512.52527	109.8704
449.07965	98.93434
470.94586	34.96865
509.1748	50.819077
439.5921	47.121704
463.24908	47.301445
499.09393	121.755295
551.85767	390.2912
594.1405	378.38016
551.5817	375.78424
586.18774	358.23392
585.72156	402.63388
577.5959	397.85858
569.05743	381.6004
573.5073	409.34924
558.27	373.1865
589.4169	397.20215
565.2153	357.77795
599.2868	371.31476
562.5272	399.77237
549.4389	364.63437
589.4874	363.18195
551.8186	399.68817
578.4663	363.31085
589.6877	384.29852
550.813	369.42706
569.47205	402.87048
563.8416	388.12344
553.7774	361.85226
597.89197	387.9052
565.52924	409.11456
577.5221	354.8388
161.9827	579.0897
164.17154	565.4778
179.71317	559.61835
165.23833	584.89636
172.83249	561.5234
187.45265	576.9281
164.9649	574.56213
183.42802	567.41296
183.41139	580.67224
159.77518	573.1405
378.07135	367.94315
381.7354	408.75476
400.5025	360.784
414.12714	402.8073
402.61176	349.87024
413.2934	363.20792
384.34598	403.47418
366.7382	383.2906
389.1339	397.90906
377.3355	390.7303
416.76163	389.25214
397.02844	406.98703
386.15424	356.10956
416.10855	396.7003
380.83224	380.9633
416.146	349.8142
424.15372	392.4587
367.7918	392.47656
418.482	361.47113
400.0924	382.2831
376.236	373.44516
424.73233	381.29132
392.73633	409.27713
391.11636	353.2671
420.4046	401.41083
365.66986	374.9314
418.66568	371.296
375.22827	401.0738
405.78723	355.6818
857.48956	393.4175
847.8244	393.9653
860.9829	371.49374
860.7837	381.70917
848.08563	368.74286
852.9337	380.9747
837.85126	385.94678
840.9833	382.32123
849.97217	389.84625
844.7383	374.3642
853.4456	371.99988
