159.38261	146.61035
178.27849	172.76608
171.16435	145.21918
134.14175	174.1127
170.21405	152.09654
162.18118	188.80643
155.66983	182.1763
135.12766	147.7713
172.08253	185.5274
151.40117	142.90704
137.84607	162.57983
183.766	179.13687
143.77176	140.23703
186.53204	163.95271
146.36887	190.17557
157.6058	137.38675
186.57611	170.18808
134.68169	158.28647
181.31013	146.41054
145.56038	182.51016
749.1012	375.37286
759.15344	398.7166
759.635	392.1874
761.0135	371.56946
755.8063	384.08908
739.90173	378.7285
764.38336	374.2104
740.10425	390.89557
769.57526	379.5163
768.57227	392.4869
744.1725	388.89096
743.44354	374.5772
754.97107	401.2808
179.29674	413.7758
144.9178	398.47845
158.14886	431.30508
154.70226	387.18414
141.20317	422.9069
141.38606	413.91788
166.49947	386.86304
170.08932	424.7591
166.6757	392.48596
180.93733	420.12198
147.07602	419.0428
158.75864	393.27252
153.91818	423.86505
141.10208	394.5495
181.51639	405.40115
164.86192	428.32098
160.92215	308.53677
178.6235	318.6596
168.90138	317.46194
178.27768	328.04108
183.84117	342.9407
159.2331	313.75333
146.99434	347.4215
149.55159	354.9757
175.80179	315.31696
156.93637	353.25095
142.16695	326.29974
162.6181	335.59872
165.74904	348.82837
157.1843	333.12933
183.10587	325.83923
141.34042	349.497
139.56717	317.78098
542.6659	402.90775
510.6623	373.07965
534.2182	395.38336
534.9648	402.63345
546.43195	377.44275
545.58606	396.356
528.25916	382.66077
539.55896	390.21866
513.93616	406.22464
525.77124	359.5828
549.2709	382.79565
507.67236	386.02396
526.6365	367.68753
520.9923	402.596
511.54547	399.07568
544.2914	367.64832
514.4224	395.0484
521.7851	366.591
548.4485	389.35336
519.9123	382.52435
644.4671	376.8485
638.65814	393.65225
668.89105	388.77344
669.4032	382.089
633.49744	384.92633
667.9384	378.3908
662.2689	396.95212
639.85345	377.1927
665.1112	367.30765
647.5928	397.44415
634.56195	379.78656
641.8229	385.88962
650.1569	406.67645
662.6747	371.20892
666.55566	401.14227
643.216	367.9332
669.16046	395.45422
753.4264	77.37933
749.297	67.30232
745.676	71.95485
720.9622	68.563034
748.57263	28.171719
711.64	66.24364
716.9331	34.851154
761.30096	68.38664
709.5165	38.831535
728.0647	29.611298
738.73346	49.78389
713.8265	28.369999
752.4229	73.613235
764.83527	75.17847
730.41876	34.952217
767.416	43.883896
709.5524	54.158436
751.25574	21.842531
752.36096	81.9177
724.98553	23.037365
756.42444	39.638344
719.24786	76.40598
741.7196	30.873898
805.4791	389.1838
790.7108	384.5388
796.4778	382.799
790.64154	395.8332
791.75037	375.07584
805.2869	381.32492
783.6105	389.4489
800.94714	374.76266
796.1085	390.04794
782.8169	381.45215
717.9455	396.7077
695.6143	391.36658
709.4139	366.3883
713.5006	388.41998
691.28796	378.36298
704.736	369.2465
726.90845	387.84833
696.51154	373.27145
719.5493	386.00018
696.2172	398.30743
715.1783	372.09772
725.89453	379.9938
704.9833	392.51663
722.7112	376.69504
703.03754	403.33807
162.17642	24.697956
156.84097	55.488716
142.48404	64.745224
154.64067	48.340103
144.90683	35.714256
138.21895	37.698647
185.51799	69.45353
145.06969	81.73002
134.72314	34.646343
194.89151	45.256805
166.1246	92.54145
188.65915	76.78624
183.2896	85.19677
129.15596	61.515606
193.50665	59.17321
167.04184	82.12537
169.2282	28.539663
153.13045	88.58845
130.57616	41.22605
171.54166	32.447155
139.39911	86.53447
171.75127	24.734173
165.07693	98.85695
121.521194	50.609234
191.96143	49.27216
129.58685	77.33627
435.18475	135.57831
448.85956	39.224133
492.61328	109.46785
476.1103	52.80113
486.21802	85.07207
402.98254	76.732605
489.84467	68.214165
426.61285	105.02401
417.56152	92.65455
479.91495	113.88381
473.87628	112.50387
451.7249	53.9571
415.31046	108.259705
413.80655	59.220848
426.34	51.696014
402.21823	92.66227
445.77484	38.199623
468.38452	127.641464
445.26904	123.40181
492.4916	70.46829
408.3965	102.055885
399.93323	64.217606
455.294	129.65588
412.9292	117.32214
483.28296	54.884197
448.52887	130.61542
426.4249	45.150154
495.01685	85.25828
486.90845	106.80913
410.3333	84.460846
179.52466	471.60522
136.64609	480.0451
171.7668	463.3122
150.32962	483.29483
142.61702	469.15903
165.35683	463.83795
162.45848	494.2291
181.19234	488.0562
166.30685	500.4024
157.18642	460.03882
151.90372	479.1192
156.72884	500.02563
149.32138	466.73813
176.39307	492.0765
162.0718	479.40097
393.38943	403.31723
381.31366	358.42627
374.97076	357.78314
391.92798	361.56177
380.79944	410.9227
349.04993	365.8177
387.34662	393.12054
345.29175	388.28656
389.83673	372.31848
344.852	400.95917
377.08667	373.50604
374.83847	367.2819
353.5257	374.36203
364.4884	359.4743
390.93182	411.80298
344.52582	374.05023
381.79755	351.38882
353.43976	396.9433
349.35345	357.94196
400.74097	384.71088
355.31604	418.53775
400.93567	370.19748
362.98148	412.20297
338.7288	380.2131
403.3747	396.275
356.31674	410.5376
378.18622	405.27502
370.2966	413.91144
356.39432	404.82025
364.36176	354.7324
446.2767	401.17963
449.09293	371.5124
481.55	387.3428
443.28046	396.45682
458.32227	381.34885
469.26782	403.9322
440.53067	374.4571
463.53394	364.6541
457.05597	394.59415
476.54962	382.15826
473.2809	394.17783
437.4749	381.476
470.51764	362.5641
459.80084	405.58575
437.16327	368.38843
481.2592	377.73782
435.66547	398.58447
446.1394	368.09857
476.23657	398.98932
452.1397	382.5362
462.60776	384.05447
160.48685	526.48444
146.49063	536.43134
149.8961	548.3189
156.60178	555.9917
160.56071	539.5614
169.85477	552.8224
153.1977	525.5015
176.4845	536.3371
166.88971	556.18365
173.81895	529.7731
172.31094	544.6313
141.06802	537.954
836.08264	376.41672
839.9127	390.64374
819.32434	375.71262
829.74005	375.1668
819.5716	393.33395
826.3597	384.7057
841.45685	380.3025
816.79553	386.48386
837.346	386.9096
826.58887	395.61722
605.4964	376.518
604.09357	389.75287
570.0077	378.19574
581.5459	370.53766
592.2122	405.97247
576.6124	383.03375
610.40924	381.87024
597.9276	388.04837
592.84143	365.16095
612.373	394.341
582.8165	375.47763
610.9209	372.7952
576.9998	391.07928
577.72876	369.76706
616.0223	378.586
581.173	402.82574
585.899	397.62994
602.22375	398.28952
167.71312	233.9054
179.29303	239.81033
153.60693	276.09885
183.13359	237.86153
177.70313	248.73166
159.18355	235.29007
160.62253	228.73196
186.51152	245.14995
149.075	228.62888
161.353	277.92407
138.71384	265.70895
170.66833	229.93086
172.91476	266.9475
139.26122	237.87968
184.52307	264.0196
181.48256	260.24088
133.37564	251.40295
158.22478	253.57153
146.05412	271.27826
