405.67358	357.52817
375.99017	378.9544
383.80048	355.7001
407.83878	378.316
377.7351	369.3624
410.11652	352.62216
395.53214	381.305
373.6122	366.38144
429.05557	382.7752
411.19394	367.0401
391.4214	356.84906
385.50665	403.31555
368.04807	379.98666
407.10788	388.9392
380.32147	399.9804
404.05896	349.32
419.1036	377.1447
372.36627	389.20416
422.84683	368.21732
410.00946	403.33313
387.79736	375.39154
415.8731	398.64044
400.45444	404.47632
418.055	362.92484
403.4792	402.0136
376.1334	354.42703
408.1356	361.7784
391.85178	409.1345
397.65082	350.9336
757.5557	367.52887
757.26495	378.12915
755.10504	360.2765
744.58466	390.59323
732.1686	372.57013
754.0909	391.9483
737.2197	384.63217
745.3718	377.3612
761.4937	382.7601
737.3012	392.4358
764.29285	371.11932
729.5871	384.10767
743.9086	364.5026
766.92957	380.4971
728.2942	376.82104
738.1139	363.20248
758.84485	395.43787
468.74176	383.87494
477.38828	370.4951
499.4712	390.1184
478.56763	360.25937
497.71515	378.4964
466.596	390.9564
483.081	358.74484
472.33838	397.77545
479.12836	352.6209
493.0957	353.19278
484.66656	394.30756
469.5066	353.53232
485.95132	400.9593
467.70444	358.39392
504.1215	366.57886
480.63248	404.47897
456.4217	374.82825
505.0642	389.78952
454.08813	383.95212
486.49088	351.74857
498.30215	399.21683
455.37238	364.19092
506.38324	375.8432
454.19745	398.2106
496.26114	373.061
489.76947	398.7249
458.92056	389.9744
705.77966	368.85614
692.0723	384.47296
677.8297	368.0335
699.40344	392.94272
680.59143	388.5056
689.80237	362.95953
711.67474	385.41696
683.4776	368.41125
711.89966	366.72458
694.4923	395.7403
696.07745	362.91714
703.6556	384.60727
678.8889	377.3897
713.66956	381.15848
712.38684	394.82037
702.0729	360.06934
708.7209	375.38995
686.62286	393.70294
170.32858	541.1794
176.08418	566.88525
157.5903	552.513
193.75076	540.32227
175.44897	558.5441
167.9567	533.43884
180.7385	564.1437
164.18324	560.25073
185.26526	536.08264
195.29459	551.03796
166.95804	550.12006
190.01134	545.5717
189.54576	558.2917
174.93423	532.8961
193.33305	349.9821
191.25899	335.22183
191.2887	363.34286
161.25342	365.26468
156.38641	344.80823
173.47711	324.59628
187.36	369.88565
169.58035	320.27017
185.16216	363.42908
184.06506	322.55252
197.35399	332.18085
152.95895	353.61472
163.13905	336.53207
202.22173	357.18164
148.17276	346.40158
187.39476	322.19086
190.77924	372.45657
161.05602	354.89325
198.71225	339.06085
153.70612	363.24768
181.31676	329.98483
168.44504	371.78925
151.29594	342.82562
195.82468	169.85503
167.3532	185.20462
174.15604	125.728905
198.72403	176.1283
180.86264	172.99875
190.04596	131.0308
181.14926	156.01138
144.09103	166.86362
199.11581	140.42813
156.92824	143.11966
149.55835	145.21294
194.17422	186.83157
184.21034	146.14851
155.943	138.8344
178.32257	188.37775
149.79846	165.27812
202.2107	151.43454
156.21494	180.17056
165.44362	129.46487
206.50859	176.62355
173.81035	133.85072
192.38387	138.9131
143.27963	174.55226
149.59904	153.47998
212.8049	165.53877
149.49173	171.62419
205.67154	168.58482
636.9551	395.2145
622.7353	397.4335
643.7731	396.64993
628.4796	354.441
651.90625	363.51407
652.15393	382.81992
610.7179	366.08325
623.4911	359.35364
646.26917	386.5356
624.9481	386.7083
639.39026	401.36252
609.6473	387.43524
640.9488	351.8841
651.9372	391.8511
613.37555	371.6611
651.82837	371.0536
627.30896	399.38992
619.6044	365.62585
631.88196	370.65433
614.40027	382.18274
645.0453	361.60052
612.7001	395.98383
639.3993	357.77438
657.15906	373.6295
150.40128	36.789066
167.25137	60.274677
174.66342	74.03975
151.61359	70.66341
210.8376	45.901863
185.14876	78.2791
182.88652	26.236923
179.78365	85.65996
172.0545	88.31378
166.09187	78.24229
209.37163	64.78935
192.40062	20.506655
209.8948	52.959026
150.01736	57.536003
181.5995	39.92513
203.05298	70.74278
168.84828	22.842072
173.09904	34.19058
164.64877	83.98706
156.96896	27.386677
194.372	38.9698
146.30516	60.8953
197.28284	32.961353
200.38165	80.35448
156.48915	37.31829
190.65958	26.62796
157.43681	78.85124
143.38774	31.56669
202.83601	55.46339
434.99512	99.59273
498.13217	57.88681
498.12387	115.38042
468.79428	101.91783
515.32605	71.46107
480.82138	119.79047
446.07455	62.75846
516.31744	52.54961
440.8078	84.22008
516.29456	94.103714
450.7723	112.515396
499.8156	37.982124
455.11343	98.058365
484.53094	44.100063
511.18536	52.8261
509.4876	97.785904
453.5854	44.464027
523.3148	88.498566
501.30634	118.22988
470.8733	39.39785
515.0276	81.71897
459.32553	62.216522
525.3287	68.39417
449.7837	91.76046
446.1704	95.72047
512.29456	62.93117
447.29376	105.68577
480.22955	40.101883
514.5162	102.285034
435.8663	71.49178
578.1147	360.69855
553.1466	403.2705
544.5895	357.11487
581.5754	379.09528
539.4201	369.02908
548.7572	362.55865
563.13556	401.02756
559.49554	385.86328
574.82263	367.77057
549.06165	392.77768
566.43713	357.64285
577.73126	386.46576
541.62756	361.26962
552.3271	357.51312
572.6834	377.76337
544.82684	368.556
576.8322	393.81937
540.20593	400.6072
559.7064	352.35458
550.6175	398.1408
540.4735	388.7201
580.252	369.7782
534.2393	382.2334
533.92535	367.4355
570.54486	399.6767
156.84334	497.13565
186.29253	476.53705
178.90588	498.73892
173.922	474.56705
165.69058	510.27612
187.37924	503.6308
164.34482	472.67642
182.07715	488.71832
164.43137	499.76743
193.20274	484.08633
163.88605	504.71265
157.93605	483.28363
179.35243	511.85052
185.10632	507.708
193.89458	477.62775
198.55713	498.67694
156.236	489.538
183.9843	242.37927
161.90294	260.30353
201.25099	261.4092
202.30783	272.5126
155.96921	273.836
196.36995	254.08017
166.41489	240.1646
181.71089	222.627
178.91653	264.12033
198.42499	269.474
147.44017	258.82477
167.16588	280.082
162.45407	237.06656
194.88518	241.61743
180.06265	287.608
170.75404	234.80347
206.45361	266.53583
149.37044	275.72232
188.4284	231.83658
166.12408	283.95938
150.21927	268.05414
192.80234	230.13008
165.9834	216.32967
179.71474	229.59824
199.76704	281.60342
171.58685	401.1307
191.7682	411.11792
159.65932	436.74326
162.03622	409.03064
193.03522	437.48145
157.43044	414.2011
156.41678	423.62778
184.507	441.7251
171.6168	447.57306
186.0135	422.85077
173.53653	441.02304
171.98196	406.48822
195.0303	430.83258
165.20085	413.74982
184.6931	406.3714
182.06438	446.99463
162.50601	431.9398
196.90384	421.04108
774.6444	36.174175
797.26996	25.205074
783.0005	70.64198
770.6269	68.807205
792.6841	32.11659
771.1976	83.26644
776.3874	25.691095
801.32404	79.296
747.4341	47.10474
786.86584	27.869877
797.97815	67.93187
753.0206	44.1616
802.5247	70.84154
756.4535	76.70053
795.0556	43.394478
781.5824	53.617027
752.3248	36.62616
804.46796	31.290451
785.42175	79.0886
759.09515	73.46739
807.4677	60.333794
752.8367	61.85041
779.66016	17.95541
813.3275	53.173176
768.8893	36.61449
812.33905	47.62037
766.06665	77.261604
759.9316	35.38802
884.1462	373.2132
864.8001	387.05225
869.3325	369.42084
871.5233	389.48505
868.4762	364.54733
879.56946	371.19516
868.1086	380.62534
876.29803	382.11096
884.23865	384.11978
863.7466	377.01672
808.4918	361.9613
784.0868	375.97864
796.27985	361.15497
800.35406	376.14203
780.2712	382.62125
779.9144	374.4432
813.9708	386.3373
790.4439	389.1917
796.6395	389.29803
795.82245	395.14093
808.1874	367.85452
804.0332	393.32254
788.5655	368.3377
809.3457	379.2709
810.99744	390.8077
788.3944	381.35492
815.6332	369.21393
841.67566	384.31854
843.8001	369.0274
850.11755	386.25964
839.0916	377.5907
854.7726	375.92978
830.2529	380.8398
834.8456	368.73413
851.7101	380.47025
830.29443	374.3864
844.86395	375.52866
830.73846	386.46796
