752.35895	384.38806
738.64685	384.9195
747.96405	364.8737
738.1146	393.5524
730.4027	380.9695
746.709	379.5829
748.0011	397.421
735.44934	370.67685
763.2638	385.79865
732.5965	389.00104
757.2221	373.22775
758.9436	392.0575
743.24445	369.92636
760.99384	376.9036
431.9161	395.68463
432.99152	350.13632
468.48315	391.4371
432.59784	379.96646
444.2605	365.2741
452.1233	392.19598
462.13495	367.7901
476.52484	381.95923
456.06268	380.30182
431.54117	375.16498
448.056	379.93765
456.01114	356.39395
476.39395	390.4035
442.59195	402.43466
471.97833	365.1644
471.47113	360.34784
428.63687	388.90082
454.45956	366.16708
452.70972	406.60724
427.33563	372.96033
463.95013	395.7451
456.29053	410.75397
450.2465	359.67856
474.12613	395.0329
650.90594	380.65866
660.2317	380.06787
644.38196	397.91776
637.9868	393.79733
651.7477	372.44464
631.7171	391.58514
642.6789	366.20593
650.64923	402.49847
623.44366	377.65674
662.24	373.1595
629.20667	379.84015
628.84064	376.7066
660.769	389.39188
641.83575	380.70444
657.87244	372.1667
634.744	399.13303
630.11456	368.47174
157.62686	144.54892
148.33466	181.1275
147.77815	155.48985
178.7472	179.45372
137.47067	158.65495
152.32567	142.86761
163.8277	185.46626
175.05948	140.61598
184.64934	150.5965
144.75844	181.61069
184.79114	143.86533
138.3728	168.60437
141.4601	146.11142
183.1518	168.30136
190.54779	160.56964
157.89363	136.09727
169.30264	186.7324
135.43561	164.69408
180.24191	158.0171
161.85341	190.37599
171.64276	146.0567
423.89105	50.042885
458.77325	120.34076
419.8086	60.128986
466.1727	123.55074
490.05917	73.29717
484.23373	61.080517
443.92554	36.838203
449.2724	48.431435
463.75592	60.0707
416.7293	78.51672
495.00446	92.56527
477.4588	97.58235
428.8819	42.795338
489.32022	87.13777
412.23203	91.80809
469.90015	45.469418
494.82852	101.34599
406.73767	67.80288
470.52118	34.444996
448.5063	128.40448
432.87485	36.490025
439.0411	133.45908
407.05865	97.602646
480.76212	49.879948
452.20306	126.711586
413.6844	84.88673
483.0026	100.75993
442.06192	122.05084
407.47162	59.99759
415.85736	124.2552
344.8846	376.69977
353.4273	372.5413
368.87762	406.5248
372.78848	383.3415
387.3135	399.40875
367.97427	367.73016
379.87067	392.14642
389.97552	391.70807
356.4936	361.71643
376.48874	367.5293
349.659	394.95047
366.78278	358.18195
379.39447	410.24115
342.6974	384.8916
397.72028	372.81534
360.7389	407.49866
337.82242	375.2618
391.28326	379.86368
373.2793	393.6305
379.69208	358.91187
398.6761	386.74423
345.84882	393.17892
388.40787	356.33646
350.38953	403.15735
341.95056	365.2662
400.18277	380.34552
345.3305	402.51678
373.76373	353.12988
518.69543	396.1574
530.78613	400.85132
518.0011	366.6179
502.22574	378.82953
509.62427	373.82266
527.90247	394.53812
509.27817	388.78412
524.79846	382.76855
506.0424	397.4117
500.43622	370.0517
544.1486	376.07526
507.2167	376.8689
533.09174	366.72766
542.3669	395.547
528.2247	363.64316
540.33484	369.3295
536.8655	395.25977
509.50153	366.2586
545.6383	387.31293
521.796	402.9458
524.4049	357.9221
157.34535	424.7024
140.07813	399.48465
176.88478	414.64777
143.22592	402.9771
148.4845	388.4713
185.00732	404.6644
156.82571	414.47983
182.99239	399.44003
175.9938	388.90305
163.97507	386.7241
181.01918	409.86923
169.53766	425.4891
153.72356	385.13315
172.9755	420.99225
161.4824	403.35144
162.51999	380.81918
140.84474	407.77304
837.0856	375.70392
834.71094	394.68097
820.8031	393.7497
830.42053	371.977
822.8805	387.67047
816.992	381.24722
839.5413	382.4893
830.0581	393.63837
825.6955	369.00397
835.7754	387.26642
817.0086	373.4817
163.754	456.39053
171.59067	468.8124
150.03427	462.09067
166.48213	489.9754
148.09854	465.64923
175.49422	459.8644
183.52509	477.03232
144.95206	461.16837
182.15358	463.63812
143.61984	481.25854
141.72556	456.02936
163.10905	493.83862
152.5567	484.58994
160.40617	483.8705
155.73175	491.71515
683.2854	375.3764
714.4027	380.4061
689.8815	389.6393
704.53235	365.49667
705.40814	378.45566
683.36255	379.83246
698.3597	392.27798
696.4854	398.79404
701.87146	370.84305
710.6581	400.38004
682.9958	394.6798
712.98474	370.56964
716.0678	391.77127
680.1176	368.22305
712.11884	389.30423
681.36224	385.9671
692.2076	365.33246
167.99258	548.1139
161.06253	533.2227
170.94617	519.78345
156.47131	548.0011
153.35605	531.0183
178.38498	525.5794
146.35281	539.7149
166.98209	515.7218
167.2831	534.6479
147.73933	523.82965
177.05817	518.01746
153.0157	541.4066
162.43326	527.1785
193.73007	69.10445
145.18614	62.75288
169.70944	20.345602
184.26129	81.53255
132.52895	52.492302
145.92682	71.334526
129.28757	61.034454
188.87697	55.91099
172.55197	91.677155
130.15129	49.406292
164.31647	26.93164
149.73495	86.185165
183.82323	58.451702
174.829	78.58804
141.39978	83.17055
135.6304	29.890127
195.09717	40.16447
157.28355	33.166252
190.36879	61.930115
159.53212	97.55592
149.11563	28.945862
187.90375	87.73387
124.14602	38.492928
190.0651	45.497738
158.5546	84.63887
173.6787	40.638256
181.85757	32.507286
119.23759	49.07141
594.6157	366.41412
582.1986	381.97668
567.7365	378.26035
591.0272	397.30853
581.6082	402.27042
597.5206	373.62454
584.18536	393.3159
579.3009	364.5562
585.447	385.17264
602.5653	394.0794
570.8452	374.4505
605.2315	382.82675
568.58655	385.9366
590.04346	363.28647
608.59595	385.29803
574.3672	395.94833
601.2446	369.839
595.6706	401.0535
585.2651	360.05774
801.89325	388.2736
777.6305	390.01025
805.4213	383.34262
798.19995	393.69363
773.6609	383.2533
798.9359	380.16718
794.1122	395.58783
790.23926	379.6476
788.4933	386.247
777.8918	373.4333
791.28894	368.74902
780.3158	378.18726
784.70056	368.7909
159.6433	230.95113
153.80226	225.02258
144.57715	235.17224
170.66902	274.36096
138.88333	259.68353
168.61594	224.22781
148.2484	264.78616
139.39302	239.41086
185.41245	246.50403
146.10196	271.44363
182.3263	237.31076
152.21184	271.62512
157.7475	225.06949
187.86816	257.0993
143.75572	258.86636
178.62042	233.52762
182.59366	258.8571
138.53275	246.90425
160.65039	272.88528
170.67319	269.00815
177.67813	329.3293
178.82901	313.7145
145.92291	326.57675
153.51842	317.86685
157.53409	347.3515
146.56705	337.43207
187.55122	333.6937
168.28607	355.66583
136.41867	335.0283
155.38928	334.8321
160.80524	320.0776
181.47855	320.19342
164.46878	350.76627
148.3923	304.28607
167.2741	310.7431
142.33229	340.76877
163.72702	307.5822
183.47562	339.8581
719.93555	78.51205
764.5443	44.623177
725.92535	83.27077
733.07294	23.501612
711.8504	66.60268
728.3889	69.066826
751.593	28.270084
754.6933	70.1141
707.41125	50.925453
760.51984	60.14554
712.0707	38.626575
715.9557	33.108498
766.5331	70.2034
762.2556	77.71199
741.7759	24.090733
744.2345	82.88451
727.5741	35.42997
767.4168	62.98411
707.7731	72.029335
725.1341	27.493399
749.683	76.80879
699.38666	62.63729
766.7135	54.392315
718.79816	86.406
719.6947	27.34946
735.1031	33.39712
