618.4571	383.69794
630.1141	406.7975
625.26245	379.04926
634.28424	388.6258
628.8194	395.2991
631.9394	383.90134
619.4137	404.96667
623.02686	371.21808
641.94714	390.32477
620.87427	389.7584
632.74457	376.3238
633.93054	400.42657
613.6555	379.2089
647.5456	387.02972
619.7267	397.33337
639.98553	376.02686
638.5321	398.1705
615.2669	392.79117
165.57031	537.9345
159.32674	544.21497
153.67484	550.5236
170.84651	550.96216
145.92912	550.5802
158.09238	532.6921
157.26654	557.06995
149.1534	543.03723
165.8259	547.0355
150.55771	556.76575
150.44481	534.607
161.35362	555.05945
462.74286	388.48044
478.5041	378.0017
479.91876	400.32428
472.6586	381.28326
485.39276	380.36963
464.45078	403.14346
463.57672	376.6545
475.07062	387.20786
456.67148	390.17975
481.50714	372.1363
454.67206	409.0937
458.85025	364.04657
489.5695	394.7195
452.64996	401.36996
469.75018	373.04327
481.96674	409.87256
449.45758	382.2252
483.93622	390.59308
473.45963	411.8084
460.08627	370.31073
475.4095	394.62442
453.36847	395.94568
491.94464	386.3139
471.22772	398.5422
455.7645	376.9516
178.60735	63.206593
128.74014	68.3627
163.1148	73.615204
149.35417	71.80644
152.7691	66.6761
167.53394	48.7962
142.30913	86.14836
144.64792	52.047974
182.4784	74.44237
129.2441	78.733826
165.38734	68.39058
178.63583	84.427284
143.8345	61.19383
173.02219	59.59668
156.08057	95.40819
142.37625	42.636326
151.83102	77.1855
156.65968	56.22121
174.38438	53.30247
144.6248	95.90777
154.29463	42.039246
170.53671	74.98313
135.43674	88.6865
158.57457	48.54016
160.5142	85.26789
144.58492	67.25288
188.07231	70.80165
154.24693	211.82051
165.19923	191.33842
183.76505	208.03989
133.1374	194.32774
160.67429	198.16913
152.26564	221.86153
141.12924	183.4203
159.85667	208.16805
138.13869	215.81548
178.86359	199.69247
160.74661	218.80789
133.79225	204.84807
169.18338	186.1831
148.59935	202.27583
147.2417	175.25493
166.61017	205.80522
144.13106	196.2734
161.39006	177.71536
173.4419	216.7719
153.2129	192.6597
170.73248	195.77943
144.73196	219.55696
153.08536	183.27174
181.22284	191.24055
554.1395	392.0943
563.5987	384.7005
560.5611	388.24506
561.2431	365.87518
564.7777	403.70642
548.03284	399.2912
559.5364	370.8821
562.7714	395.32773
538.5552	386.5896
570.8927	379.8484
553.7081	401.6134
552.1631	382.4869
572.02637	396.2049
542.40173	393.69672
559.9421	378.8642
558.37964	405.1262
545.82416	380.50668
572.53534	387.55005
539.5978	400.28104
544.4957	373.59207
802.3334	393.5768
794.6895	386.32956
806.16876	382.3386
794.311	394.15375
792.2457	378.52234
809.867	391.073
786.38684	390.58954
800.8206	379.94864
802.08856	398.4632
787.4567	383.5366
802.1168	387.8345
792.51965	401.6722
157.87518	468.79047
171.08392	484.68976
145.3569	481.53485
164.40775	472.21265
158.23393	488.6634
142.71852	472.2435
161.47038	485.2071
147.74165	487.28394
159.38625	477.17975
164.30473	491.98615
154.68088	479.38287
170.56064	470.95905
151.47781	494.45474
151.05835	469.13226
436.81552	87.54253
422.47812	92.40263
463.47305	94.032684
481.5938	82.23321
432.06964	92.99169
462.84283	66.85681
423.35782	120.9453
443.20255	71.59895
456.39633	69.234184
414.67886	99.88144
451.36026	60.234303
438.86465	93.84211
447.68707	80.91373
474.92572	91.182556
442.39648	115.403114
458.99033	104.81836
467.0148	86.85926
423.19403	65.35512
475.7159	73.600426
434.24823	122.27036
451.261	73.594864
456.27692	110.99558
417.62433	81.90639
474.61954	67.72163
460.6122	117.475426
432.8658	74.538414
475.219	103.049355
454.56967	82.88467
435.75122	64.683136
463.90787	106.3918
155.0423	398.11966
158.51799	405.50024
150.91898	413.44595
143.66391	400.96857
178.28326	399.8784
142.69907	415.3441
165.23322	391.87164
171.58743	413.15234
140.81693	390.8606
170.54213	396.87073
152.27083	404.52985
147.37369	391.54193
164.68495	407.1064
143.34932	406.59564
171.6151	386.4273
159.34859	413.08017
155.37816	383.84332
360.66132	392.57236
353.23477	401.43115
365.55533	374.32266
376.63098	388.07425
363.05466	386.11456
396.1728	383.2377
375.85748	403.16327
358.67657	370.18112
386.87427	408.06866
376.28815	395.37238
381.17984	380.93753
364.36005	406.45978
352.24393	380.94156
384.05676	386.25378
361.0853	400.04092
373.74875	364.1118
368.18875	380.72437
343.7862	399.69485
377.85004	370.22876
359.96042	412.04312
351.6363	371.06897
394.49142	390.86212
348.6844	392.36823
374.26996	376.12347
371.9278	412.0857
345.01187	384.581
386.87653	393.03082
354.4272	406.73297
743.296	384.08383
753.21545	393.78104
747.99866	391.2846
751.829	385.33466
749.1486	401.79068
746.26184	376.20514
761.12256	389.16806
737.7003	396.02548
752.34344	377.75284
759.0624	396.23444
736.3012	386.1331
760.3896	382.737
743.7781	395.6826
697.28595	386.55243
705.4934	385.07535
679.7622	391.0091
699.2577	373.65308
698.3814	403.3828
686.3395	386.9873
711.0182	389.18304
690.50867	400.64148
691.6239	376.81775
699.4193	393.45615
679.36414	383.5859
695.5836	379.19778
691.19226	393.98752
686.8198	377.97586
704.89417	397.38354
684.7394	399.57028
739.8439	38.660866
756.1204	85.758286
729.61346	89.56441
755.4626	69.77406
719.3468	71.37018
733.05835	59.760853
729.4337	79.58715
714.54175	64.69553
738.1552	56.704754
752.6399	75.0344
723.45953	57.033234
763.69324	56.624763
712.17737	76.0664
742.93445	45.59165
774.11597	62.758015
725.8198	69.14142
760.6909	50.18578
750.09283	89.261566
730.88184	51.647408
760.81696	74.85211
739.34503	70.31339
755.9072	44.670967
735.89233	89.214554
716.7178	56.95382
748.16125	62.18865
743.2794	83.46858
155.94612	291.27536
168.05228	308.2661
140.69469	304.56573
156.7949	312.87192
165.18987	317.76596
142.38487	299.14993
173.73178	316.67682
140.81194	321.32736
162.56067	307.6944
166.63977	323.25568
151.42735	308.717
167.91595	295.1372
148.63596	323.9714
150.78098	295.24658
177.46959	307.50885
142.54974	313.24524
160.79007	299.34113
161.85901	327.8235
155.20186	302.9523
