758.067	386.7356
749.94135	392.88287
753.1708	378.97418
762.2997	397.0851
746.9628	381.66086
767.6322	385.365
752.1617	398.84653
747.8356	375.1042
766.65247	392.76688
742.1308	393.90927
758.2755	377.85138
756.09576	395.40393
741.8766	386.81042
153.926	472.67017
142.23381	474.83295
157.76631	480.5332
174.57236	490.9754
152.42397	491.36908
167.70914	464.9996
157.4132	487.55682
147.21524	466.0153
165.1069	477.95087
138.73778	480.59927
160.06216	463.0224
165.37973	497.18442
146.93497	489.2806
171.86179	477.98364
163.88693	491.42975
732.95844	29.241053
758.63654	57.26169
730.1014	65.5677
729.49426	58.258717
757.7765	39.313408
735.84875	46.110622
737.3629	53.263958
736.24896	67.6727
746.8416	33.5615
747.4577	68.66659
722.09143	72.041176
762.9049	54.182293
728.9523	73.63649
725.4867	37.87648
746.51575	60.134388
742.08295	58.560143
747.3821	46.64644
740.3634	74.610405
726.2626	48.04295
457.63348	392.0783
447.5705	385.08945
461.17856	381.16034
466.39975	399.68356
452.06244	392.68158
456.18863	374.67548
456.27042	406.2269
443.67572	370.82358
470.50528	390.5895
451.13437	400.01062
459.94516	368.0738
455.54028	398.07733
442.01074	386.0978
471.24396	382.16104
445.44305	407.20685
447.8078	375.27396
472.56918	394.6948
440.3681	392.03394
465.067	377.14923
688.64197	398.15225
692.8205	385.90033
703.6925	382.52188
687.76526	388.92465
683.001	378.58844
695.58514	393.8909
674.0253	385.70306
691.61005	379.86865
686.5696	404.32928
688.05786	372.96988
701.40466	390.42557
678.2036	395.1455
699.23785	375.1505
702.4876	398.10138
680.9946	384.70856
707.7584	394.8776
155.37212	190.49059
162.0379	169.9045
172.6287	171.76024
151.10077	172.36598
159.86575	152.30206
146.69461	180.18083
134.5408	175.98065
165.01425	163.78716
148.31015	188.91212
155.35922	162.95082
165.07956	187.07216
143.55365	167.03677
180.25504	178.49547
158.33633	195.84508
155.32681	156.94986
171.22458	188.85283
142.52328	195.58746
172.23822	163.23611
160.65495	180.3639
532.1245	392.27142
548.7525	394.38245
536.68005	398.3566
541.68823	372.63007
544.4079	384.966
517.88586	384.7404
533.9037	382.32816
533.10315	411.29184
528.521	376.7561
559.256	383.0814
517.6074	392.95465
548.9833	372.15448
541.43036	403.86786
524.6552	382.80972
549.53394	382.98508
540.7118	391.27203
535.3473	373.70392
553.9969	396.8341
527.3646	397.1646
808.96277	378.47247
806.7863	392.24005
798.26843	384.63983
814.73846	389.71616
795.3437	395.73755
798.8259	377.34238
810.55035	396.0135
793.9298	388.97934
807.41187	384.8591
802.0673	392.5961
421.80908	86.162674
459.03052	87.256485
439.40973	122.933495
463.10602	71.68793
476.5334	99.47414
434.77856	87.76293
430.24823	81.42533
434.14395	102.94222
462.37778	63.95989
439.98138	90.82851
449.45248	99.62469
470.67465	76.66636
451.46777	74.53788
429.14365	69.515434
473.47357	88.35092
422.1922	109.59139
444.7649	64.820694
464.64517	106.48863
424.7184	64.94609
475.7587	68.95217
447.0293	123.6496
440.4792	73.46149
477.555	114.584206
420.74384	95.89033
444.85342	79.66156
458.74213	111.688644
345.764	387.42633
386.98587	397.78128
365.1291	406.37985
367.06573	377.39508
381.6266	407.90744
349.2993	377.15784
385.46707	374.15143
365.48212	382.19327
361.38824	370.93158
366.24933	392.21423
351.34955	403.11554
378.25946	379.8016
357.82785	390.64005
343.15973	405.1447
371.5164	383.87982
359.05203	397.62546
359.68597	362.89148
376.3551	399.08475
351.54083	390.01492
374.909	369.06714
371.54773	402.14716
357.8607	378.3313
382.96796	389.1486
148.08244	85.575905
155.22433	66.97503
167.87491	77.17671
140.62546	48.935753
179.70808	49.62611
147.70157	68.78441
152.77597	47.369453
170.32677	46.106903
130.09756	53.345184
163.44803	52.207806
160.15775	55.26825
149.91763	59.74582
161.03659	68.51165
146.06375	73.33665
167.86568	42.565113
173.0163	65.58576
172.44022	58.566906
144.20517	58.019135
159.9169	78.9493
146.03754	48.351345
181.76427	59.023182
139.75471	279.6865
160.95338	268.60187
166.07327	284.7873
145.5209	288.4267
166.25555	270.67047
159.60037	288.10922
155.35611	282.55084
164.25064	303.79385
145.07431	264.7254
152.86044	261.9819
160.23616	295.8775
152.83214	275.8288
170.85379	295.28436
147.1628	302.42285
144.8732	274.27554
172.8168	285.41733
173.0102	279.62766
173.16144	273.4951
162.91266	566.12244
152.08665	547.15875
173.96962	555.6507
151.16478	562.01
164.63698	547.4031
166.60474	575.6188
147.61244	553.6036
163.55392	557.65393
155.4476	573.88885
160.41661	551.4952
156.25983	557.6498
143.89293	560.5245
622.3899	368.07373
617.45416	380.4069
606.4111	376.6276
626.9011	389.78094
604.39496	395.96698
614.6588	373.17444
622.112	396.7669
600.19476	390.92838
635.613	386.24872
618.62335	405.31232
625.4623	385.76974
630.9113	397.17343
616.1263	397.18234
610.56616	384.64032
627.70044	402.59097
601.5441	382.79172
627.1077	378.14285
611.40533	391.9214
154.12813	378.89948
165.11563	387.1045
157.02869	391.1741
172.0599	375.00626
153.98132	402.1465
140.60468	383.6922
168.36566	396.81488
150.73332	396.43732
152.4996	365.54254
175.5261	396.51254
139.31982	369.1666
177.11264	387.38794
149.66048	385.76468
164.1062	375.29507
159.1895	382.34564
138.5063	390.43018
171.05234	389.228
161.03824	402.3406
