180.06317	562.35706
163.7787	562.7946
172.09364	556.8949
171.02878	566.7311
159.0493	555.2124
180.08443	555.47424
166.26633	572.0709
165.8931	555.48254
177.3947	570.5226
158.19063	565.14087
169.99414	548.7141
461.72998	73.31521
482.1097	80.19446
467.31168	97.73869
475.56796	102.974365
463.8355	57.959545
491.5874	76.472435
461.88995	84.224014
470.91364	86.12932
487.2373	109.84886
472.3487	66.759
498.28906	100.64526
463.4147	110.18441
495.4983	63.329163
483.7409	94.92534
454.16815	105.0566
513.27783	84.7583
475.62427	118.38811
483.14178	74.05677
506.46646	93.50601
458.29355	115.892456
494.9315	54.130543
472.37192	127.17473
457.8736	64.470985
511.10117	95.49062
461.34262	89.86242
476.65924	60.614574
496.20483	121.95842
452.69125	92.53192
499.22076	80.354836
586.88306	388.99677
574.1122	377.04425
588.2037	395.9928
585.52136	400.98688
593.4259	372.7043
595.25226	401.82947
583.6824	378.90332
590.81757	381.4784
571.3852	402.5855
575.30554	368.00116
598.49615	395.6817
564.57465	386.8975
598.2125	375.8426
581.71356	403.41248
566.1331	376.97614
600.4001	390.15543
569.6464	394.23407
587.7618	366.6978
603.9156	398.72464
577.87823	390.71082
601.7106	382.14255
167.699	508.6933
167.19853	475.57666
170.35788	496.91293
160.74643	495.5581
169.79823	480.81494
174.20216	513.19543
156.13919	479.27386
181.6175	491.19354
158.0847	504.69858
173.20276	487.84927
183.91855	500.9616
152.29776	494.12012
180.37296	481.46478
171.61386	503.3189
164.1442	487.2788
177.17804	497.77148
143.27231	298.57565
170.4643	278.5962
168.6961	315.98245
153.43861	302.49588
179.22604	302.50128
164.69275	322.20737
176.55367	293.1905
170.51468	311.72733
166.38583	301.36108
172.80118	288.42523
185.12292	316.42316
167.45093	290.2997
187.23752	292.71927
155.52737	313.53702
163.91705	276.83237
180.68246	312.02057
158.45978	290.23053
186.26825	283.15417
164.11598	308.78687
152.11954	285.53174
190.79407	306.39844
662.5636	395.71332
679.2351	369.6058
677.1053	406.1844
652.75806	379.85318
685.2915	382.42532
679.0648	397.9788
677.1725	375.38138
668.318	391.00604
656.5968	386.82343
674.8217	384.4448
668.9054	405.1729
664.9879	386.42844
681.7025	394.0122
650.2045	393.40924
670.8875	371.10446
672.821	391.763
664.8101	368.80203
686.52655	370.43198
657.4178	404.23648
660.18176	380.5141
689.91504	393.7386
803.18713	381.90298
816.3412	377.8515
814.03015	399.56223
810.747	385.01608
816.7174	386.13834
807.58203	392.18674
815.55426	370.19928
822.5153	394.31198
800.95715	390.3494
822.91296	382.18805
815.65656	392.31073
808.60187	376.04858
828.0299	389.1597
802.99036	398.2077
755.0687	368.14102
759.9691	401.9009
735.71094	394.89517
752.0099	387.84238
743.2676	394.5888
745.32263	372.04462
760.2429	389.35052
746.43384	389.20132
740.4679	385.41772
752.4123	402.53293
742.87616	376.68607
759.6481	382.33984
732.0773	387.27353
752.55225	379.0799
765.76526	395.00153
736.244	379.16864
760.85406	376.2894
738.661	399.90668
157.65665	395.60934
157.43373	401.0733
167.21422	411.308
166.08849	400.2739
172.8282	415.47876
156.37285	388.75745
186.45215	393.03647
162.71262	416.33374
173.13416	383.6186
180.04422	415.8543
151.90146	409.1741
179.50133	396.24786
175.99513	422.28955
159.53226	384.0658
184.93103	412.67075
159.10477	421.38007
187.98001	386.9074
176.0757	400.14517
147.50174	400.98077
185.69896	402.05463
784.0648	77.20649
781.38837	43.264618
801.6173	72.48537
778.7328	55.335724
802.4778	45.175777
782.878	64.899124
786.5439	57.535656
802.65076	51.36915
780.5382	70.79907
795.52594	32.48711
808.6786	64.017715
789.6326	48.8203
791.0883	42.919216
794.69324	73.88233
773.9977	33.954964
800.371	58.44744
764.87726	59.483654
782.12463	37.410698
795.4826	62.827087
769.31305	40.72062
809.75586	56.209187
771.7672	54.25022
377.02316	372.61935
401.56116	393.27316
388.8462	374.79388
401.01468	364.0253
381.42816	390.82675
383.93832	383.11472
408.71527	387.60004
372.6822	399.9099
384.84412	362.28442
405.67303	409.1239
377.03754	395.63733
398.2432	381.41876
380.5798	408.013
369.7618	380.50516
410.89932	394.15753
368.9997	387.59866
404.50998	377.39227
389.23483	402.2222
378.12448	366.52426
417.64642	382.50937
390.1093	395.00778
395.58618	371.9062
397.60544	404.41602
377.51776	380.67773
411.78784	381.2335
393.5138	413.3562
854.0177	380.70453
867.8825	388.0141
855.32434	391.8695
866.05725	382.02765
858.5041	398.91864
851.4907	387.24542
870.42236	378.254
862.6356	391.2713
860.2129	380.14944
871.41144	392.5766
146.39806	69.13706
176.90695	55.395214
164.64902	78.87069
165.44894	43.53918
198.62674	55.36886
157.28049	78.00151
165.54337	35.080116
175.80563	66.11182
163.95	65.37877
184.83833	53.253796
185.35135	64.518875
166.07278	52.62517
191.17375	69.4082
156.04979	65.86724
180.70122	63.10244
173.72311	93.3019
149.17996	53.026634
165.59984	73.95727
179.7525	77.343445
167.83638	59.184975
188.07317	77.38258
141.10605	63.708405
178.2093	46.458805
160.44121	86.7825
149.81938	40.656178
500.03345	382.10968
486.82355	398.6399
489.02426	384.3936
495.04388	402.23914
475.42706	383.93842
508.82196	381.95563
493.65787	389.47134
487.38077	363.42728
513.5641	395.41516
474.08096	399.36218
489.50937	369.64703
488.02594	408.2285
476.8316	372.352
519.18445	390.08853
479.42548	395.6699
500.63568	365.00336
503.53198	391.87888
481.97275	391.58447
509.73175	371.7632
483.37305	407.23413
483.01913	378.22134
510.49918	387.8976
468.3602	387.62488
501.5158	372.62317
505.4173	405.69617
164.81787	175.26144
163.21938	195.28026
156.79233	202.54176
170.86026	193.50897
190.77353	197.88106
160.30437	182.84698
191.60011	174.81467
153.55714	188.81088
166.7075	183.21687
183.88475	183.84216
145.58345	191.368
160.89757	164.01704
186.62479	192.55765
153.13348	174.81412
182.8428	169.53064
173.42665	200.55734
157.5767	171.47044
178.31192	193.47638
146.56583	184.15396
172.72835	173.37897
181.93633	211.75664
149.47691	169.14981
192.53516	186.35468
177.57773	208.0878
