473.76382	69.64324
452.13324	78.08997
447.12216	57.762867
458.52496	84.5861
429.26114	90.08408
470.05362	100.76325
452.51544	112.19883
434.52045	101.77185
457.00555	66.722664
429.47443	103.00486
462.03687	60.37304
454.719	117.52399
419.78482	90.08039
465.9288	77.403114
447.88934	95.79469
436.08994	65.234856
468.6141	105.379005
439.05475	73.330215
438.4499	84.35422
440.6396	117.34629
430.8033	84.723526
486.36832	111.119995
412.74844	100.28938
470.62558	60.49994
460.3436	109.23552
421.69897	70.30293
476.91098	82.47794
429.73502	109.09483
457.00928	46.622547
475.54095	93.25758
637.06384	385.79913
640.53186	377.6641
627.844	393.12317
628.7009	384.17325
642.6549	389.00638
625.6904	402.70767
625.3275	370.34344
636.2804	394.74982
623.0933	387.90866
647.2867	386.9544
633.6175	399.22772
630.80743	377.61346
649.1968	393.32825
619.53503	393.31094
635.3627	371.9212
635.3761	405.6258
618.96716	382.08942
647.68823	378.83844
147.42671	485.95624
162.09596	487.29184
170.09587	488.12134
142.19868	488.7352
164.79701	471.62222
162.48051	495.92465
150.1789	475.708
172.40173	478.41302
152.332	490.88605
157.846	469.1953
168.33388	497.1888
147.74942	469.41953
164.92532	479.24478
155.64233	496.75885
156.62704	479.42218
794.86707	389.88654
788.10974	390.95905
794.3449	376.5916
796.6687	397.07428
785.1588	379.94827
803.94147	385.66965
788.0986	397.1844
792.0094	383.75482
803.0526	392.26266
782.5801	387.67804
799.6483	380.98608
364.99274	385.8175
372.79718	384.01385
367.01785	393.8891
356.4531	399.35962
368.0102	367.0418
380.95612	395.68155
368.12405	373.19635
393.2184	374.88806
365.64322	401.32898
376.04706	371.4662
386.00714	386.38693
352.52676	381.27298
380.8867	379.7171
378.8119	414.66806
361.27362	378.54987
385.58795	399.4338
354.42032	391.92227
358.10797	367.31937
393.3605	406.02106
346.2812	385.02448
386.45648	371.7845
362.22015	405.44952
375.33066	364.67383
396.9074	400.42206
351.5279	404.38528
382.10925	364.77747
372.0141	405.99664
344.38437	378.26608
397.38516	382.3139
369.7934	412.7625
157.42203	200.41348
180.82509	223.92471
139.63165	204.26126
162.32948	186.92407
148.05615	222.75313
142.78891	189.07281
158.51195	221.7998
153.93738	209.88042
168.38867	180.81589
173.98984	214.39221
169.6094	211.22469
156.58556	205.86032
155.96976	235.19568
151.27542	201.03636
180.0711	212.38342
141.07285	215.28706
172.08237	204.01505
155.9733	226.71245
145.72273	198.051
180.21948	199.90652
145.76878	229.55734
152.44101	192.32413
166.90137	226.30392
133.12634	211.18567
178.15323	190.73497
156.3619	322.86478
152.24297	308.93552
174.67372	321.32916
162.43155	318.38583
163.03249	313.0016
165.87257	338.65726
144.90677	315.11957
171.00142	313.85516
150.29822	326.03864
169.1956	305.22162
177.01846	329.5315
136.70872	314.05307
172.84537	308.27734
148.46199	341.47186
140.4881	307.15894
157.84677	330.85187
146.67593	333.41306
158.16669	297.76068
167.26021	326.95917
143.6077	325.23126
570.1681	379.82352
556.94336	388.83246
546.47144	376.93805
567.92834	389.34134
545.82196	385.298
559.4645	379.2531
564.90027	400.1983
554.59784	383.22595
579.4839	384.05643
556.7444	401.20654
557.6506	372.631
572.305	403.0512
566.678	384.84875
568.3519	368.3297
558.1945	406.42682
553.4806	371.15805
579.73596	393.45593
547.18286	400.07745
575.15704	377.89447
566.5255	393.75458
545.3082	393.63177
749.6904	387.92032
744.994	392.24567
749.2931	381.7286
755.828	390.9355
739.19476	389.5184
760.9499	380.3614
751.3215	397.5605
741.70557	377.6405
760.35254	386.86163
741.14636	396.84668
750.8397	375.15747
757.34546	397.12048
737.2279	384.6004
166.6622	546.6624
153.76057	557.6282
152.99388	540.4237
169.42276	556.64075
146.0265	561.5825
166.06577	540.2759
163.75641	566.4368
147.92044	548.20935
166.39366	551.68445
152.74957	563.5065
158.64404	545.1546
160.13007	554.8397
155.61858	549.63367
171.16205	396.20004
154.30228	422.58295
146.49033	400.6413
173.81795	403.4461
147.08139	417.1435
164.7131	391.72614
164.0701	419.91977
155.11221	399.1042
163.14041	411.34814
155.11116	413.01154
148.28922	393.6049
170.33664	411.64932
143.22876	410.14194
163.99506	402.06528
163.79434	425.43463
149.97086	407.03976
701.8093	381.4843
684.75684	397.2105
693.6303	385.0735
708.9055	398.61188
690.13806	392.01776
704.3209	375.93536
704.7423	391.8088
688.8405	372.6663
697.77094	388.5259
681.62714	390.0978
695.6693	374.99152
702.1695	399.1551
686.2386	385.44754
711.3307	385.79898
692.9741	399.67215
689.6835	379.59378
477.91397	382.86908
460.9297	390.52017
485.02798	364.75955
476.52948	392.1966
473.0503	387.26242
498.0229	381.30905
461.58105	406.8449
485.18082	373.85812
483.8108	402.09784
456.60138	381.91916
486.76456	382.97394
466.4165	401.13977
468.04004	376.2105
497.28412	392.46494
457.0441	399.7736
474.64044	372.97342
474.25845	402.0692
461.00177	373.2187
490.2343	398.67447
476.88687	409.5499
466.04926	365.8972
480.4437	412.50928
455.3234	391.88596
492.71246	373.16483
490.01953	386.6186
458.95297	367.37756
749.04504	77.94983
734.17957	69.121704
749.558	55.96662
738.5265	52.152733
730.1318	63.571022
741.8439	78.84089
735.7872	75.49546
744.98724	48.091976
750.57776	84.402084
714.17255	62.21261
757.7534	46.590614
735.0448	82.95472
711.2802	54.89613
761.48676	59.71043
726.606	70.82921
750.09686	49.305798
759.6303	79.85613
719.04675	77.48564
750.5077	71.66253
741.1649	64.41669
727.56604	53.284668
756.2145	71.88437
724.52264	93.44127
731.8484	41.331062
738.84515	96.137184
718.539	54.05587
757.0548	57.501076
155.17253	84.57753
164.46011	48.689808
185.31741	70.945335
139.78061	97.193115
157.25264	52.31314
169.75508	86.54076
151.77446	52.283905
160.86693	83.388405
134.60489	68.721344
181.93661	67.6698
142.37532	86.764725
151.40489	78.58408
160.6434	63.855907
144.7581	79.05285
156.56993	63.673523
187.58017	87.4032
131.5437	99.221695
187.28976	54.769783
175.25734	107.927635
141.51653	61.255463
169.87558	63.71931
134.08307	76.795525
141.05374	38.914894
158.9433	93.38496
149.06444	69.72223
176.09543	44.15206
158.9124	99.059395
134.94157	63.107464
171.874	79.32798
147.13853	101.56137
