173.0969	382.0164
145.39668	396.4015
160.56813	383.06033
166.72104	396.57233
146.35355	404.15048
158.9661	396.34348
152.08882	394.2581
156.18282	386.957
176.95325	404.51154
145.46768	387.2579
168.86688	379.6824
169.18193	405.59317
154.98987	379.7087
175.09482	387.63718
162.91663	411.0866
164.3384	378.1239
376.18048	384.45502
368.14676	397.0094
381.7988	369.983
357.5533	399.87366
361.91284	381.56827
386.24835	388.27094
354.92825	392.50702
371.47427	374.5939
376.33054	403.43896
350.8382	375.3786
395.36438	376.32635
343.7955	389.7305
360.3062	374.559
385.4048	393.32333
360.67245	387.2342
376.92578	366.91864
364.32455	400.24594
355.91867	372.08105
378.3023	377.05246
367.49567	387.18878
371.85437	364.9024
384.19058	401.60278
349.65497	383.85275
385.26016	374.9935
537.89856	398.11838
548.57214	378.27478
556.90686	384.68295
538.9957	390.65683
547.0065	371.25842
554.44904	390.65326
531.1702	380.09015
556.69495	374.3382
548.82806	399.8659
545.10046	386.69525
562.7524	384.639
532.4326	387.15076
556.63306	367.40253
550.8168	394.56955
539.2038	378.19016
566.9418	379.34305
531.19165	397.79153
540.7386	369.67355
557.31085	403.15405
535.5571	370.22452
167.69693	545.8595
159.0781	556.2123
154.54358	542.9451
165.69516	555.2811
147.10202	556.2576
164.00531	539.47736
163.95528	562.96454
152.1308	552.58185
172.73393	552.5859
151.70515	563.638
159.74814	548.985
172.43402	560.85974
721.4035	54.81095
740.5628	67.70812
743.7943	56.597095
746.59906	52.713165
742.7455	79.48586
731.50696	60.50929
744.3292	45.25751
717.21594	67.85236
722.62573	45.829353
730.44934	40.44261
735.6238	70.05018
726.898	58.973473
755.1621	64.31751
718.0463	80.9529
757.41125	50.004063
737.0642	79.170975
729.4619	45.81866
762.83795	58.11143
726.20703	71.54271
740.05597	34.292393
755.8009	69.86994
716.5861	48.799015
168.6084	185.23672
154.28342	191.38834
177.78244	170.75215
183.19463	193.37016
141.35072	186.76689
161.37617	163.20346
170.05392	204.60461
160.2585	181.48749
176.46422	177.04968
145.20605	192.82796
154.68484	186.20497
163.23692	193.39352
149.4751	180.01462
164.58093	179.78604
161.96097	200.84885
148.68741	162.13364
176.68744	183.92642
142.46321	201.48003
154.88364	169.71365
176.9761	199.15764
145.188	173.7797
468.1729	385.24234
464.05673	403.732
465.28598	378.36935
479.5569	402.28323
441.2071	381.1052
460.215	357.36636
459.7357	385.37982
449.237	379.09302
482.64542	382.49823
454.88727	385.56183
455.19165	374.71133
449.28192	391.307
447.11484	395.753
472.1897	379.17813
467.13882	391.9764
461.13397	364.90894
475.9748	393.2665
456.6063	398.79053
467.95322	369.71875
467.97324	398.2619
451.2206	368.23816
477.17993	372.4237
755.97565	391.48145
749.19604	370.83667
766.30096	386.79785
737.9482	383.93747
759.5837	372.85526
752.37476	398.02332
750.3981	382.243
758.1628	384.725
741.0971	390.90283
752.0511	375.66415
763.1437	393.3103
742.6947	378.13968
761.1597	379.3683
747.3829	390.60797
158.32129	288.77335
165.32454	311.77008
136.11989	301.20703
162.17838	278.8161
151.51077	301.13266
151.0006	284.2182
168.38327	285.3376
160.09015	315.4948
169.385	270.80276
175.31815	312.28702
155.80843	295.90314
167.38351	299.82263
161.60262	304.1598
137.45355	287.59927
179.17862	307.5379
152.46954	309.617
174.39845	275.20123
163.19528	293.81348
144.01761	294.7916
173.04933	283.2689
798.2142	395.36636
799.4358	374.88052
803.27136	385.5418
794.8874	382.19257
809.1087	379.01733
806.21106	392.3508
790.59576	378.24237
811.45465	385.71924
795.10394	390.15903
803.59265	377.90158
462.41635	105.11766
425.36456	79.654274
465.63232	68.884155
432.14975	70.072784
428.3875	62.227997
455.99136	86.57602
414.27094	79.392365
452.54312	54.49236
446.5235	113.07805
414.68878	69.72486
479.0158	87.82958
450.6639	75.12006
470.02988	106.1366
455.50366	98.31362
444.23444	101.40436
460.76212	64.09326
460.55792	92.342224
435.07993	92.63624
480.3133	92.55186
452.35107	105.15602
441.79266	64.99721
446.48642	90.49993
429.4296	93.793625
475.33374	74.89933
430.2732	108.14392
686.558	373.47293
701.46985	395.07465
684.9673	387.47824
695.51855	381.07358
695.8236	390.65756
689.14575	383.2647
699.22577	375.23117
691.68317	388.7611
693.25195	370.02533
694.1204	400.315
678.09875	379.84076
705.8687	377.77905
688.3041	396.7372
682.85974	367.1
705.5841	385.10706
680.2215	392.87805
623.7738	367.29727
626.86017	382.0437
623.39026	376.95294
636.03015	379.80972
613.84607	396.7989
616.89026	375.0381
640.34314	391.8825
608.4624	391.1507
632.0792	371.66122
626.4894	396.91174
609.6641	379.63382
628.7325	390.8736
618.2661	387.59976
612.6264	369.25998
633.1447	400.38974
616.12866	380.7198
642.436	382.68225
620.5685	400.125
168.74023	46.127037
180.76584	70.00032
159.1645	65.77552
175.73254	41.891975
160.64413	92.04964
138.8147	49.34465
176.64304	46.91362
171.67424	84.60932
158.6018	76.625496
188.18669	70.79519
134.73991	58.376263
177.47662	56.776253
154.35757	88.96914
157.73012	56.343586
162.68588	57.447334
148.88919	67.83546
145.14757	60.394794
170.50073	74.00849
147.46019	42.86259
167.37555	70.36156
140.8885	84.49504
160.58508	47.474236
168.06413	62.4547
140.81079	74.428505
160.0947	465.7317
163.80624	495.20328
152.80858	473.26855
178.62894	472.79443
140.7325	490.04926
171.17775	465.90494
172.89407	483.9004
160.80417	473.04263
168.20741	474.34717
156.15974	485.32306
146.14412	464.7819
161.62411	478.46445
146.27359	477.31332
173.4675	472.56363
166.98767	487.38745
148.98247	489.3211
