162.52289	393.47397
155.40793	411.1928
160.92554	370.64084
171.80199	386.31177
149.70035	393.40118
155.83913	382.29022
156.0145	394.1324
145.66429	378.70554
166.1232	396.91837
147.303	388.0556
172.08583	375.2487
162.18619	408.7199
147.04361	384.68408
177.65886	395.1567
153.40207	403.18152
154.21646	372.149
166.51767	401.96808
141.28816	396.8664
161.73984	385.20062
471.68585	399.56137
456.12158	382.4221
470.6902	377.67816
465.23724	391.22253
466.63287	374.01764
471.8876	406.17953
453.52383	377.93353
472.95062	393.61057
452.48837	393.94736
469.8427	385.77625
481.6231	391.78534
446.7479	397.7677
476.68832	376.36664
464.3361	409.14288
453.3182	370.10226
484.87982	383.6585
454.0416	402.20123
470.90714	370.21317
482.28214	399.32443
445.60468	387.1198
482.58438	377.31964
460.3086	396.1394
459.83258	375.04443
699.8167	392.82318
691.31067	385.57715
697.6391	384.00555
688.24884	396.92267
684.2279	383.72784
702.7859	384.37274
684.26013	393.75995
687.4011	378.4658
709.1129	388.32242
679.03406	390.71658
705.30615	375.47464
696.39685	400.42282
680.5824	379.5561
708.02545	381.82898
687.554	402.77734
691.49054	370.65717
705.30725	397.6929
156.0787	70.33382
151.96936	41.479008
164.38193	72.87996
160.96198	55.054333
170.65082	65.460304
136.61592	76.4792
163.12083	41.661465
169.43759	80.29068
141.1013	60.316883
179.17294	63.77123
151.29807	76.339134
183.48634	55.157738
174.18118	86.04417
127.33323	64.50394
160.3737	64.109085
164.73123	84.71998
148.05551	60.36544
185.9832	82.22215
133.16843	87.96546
177.93051	43.825573
152.78185	80.92535
132.01822	45.473896
183.48656	61.663208
159.20625	89.47015
149.38564	52.387627
179.64438	70.388824
138.14615	63.74018
467.0965	52.499714
461.3598	61.23954
436.4942	79.041245
469.63483	96.07578
456.0813	128.66501
441.80878	57.595573
453.7504	107.63865
475.2473	103.72847
465.97647	83.82234
439.07388	113.061806
426.26578	84.580284
462.66318	121.32765
431.34613	100.725365
450.72934	52.599457
453.9835	92.36433
443.69635	91.84856
477.72614	81.37085
418.4168	101.22444
436.82275	67.09294
479.74283	97.10887
418.79306	83.14787
466.42194	67.76387
439.7132	125.54199
422.34277	69.73118
456.25546	99.72141
419.81293	93.964745
454.16928	73.25019
443.98965	115.32129
433.38998	87.19472
474.62418	89.24948
184.76573	197.2941
165.29349	208.5688
178.74997	188.2376
151.99023	187.13538
178.23184	170.77164
149.11873	204.71622
137.5963	176.94565
167.58318	186.53873
137.95197	190.13712
170.63965	171.66911
165.7887	196.48183
145.15268	194.92554
158.70064	174.854
157.19472	208.1215
160.80428	200.22926
173.21674	184.61371
130.53055	194.17368
151.10825	178.05743
171.055	202.23459
146.09158	181.55724
168.99332	178.3694
140.62225	206.34885
156.58084	166.30759
167.78943	553.20825
155.57774	551.07556
164.97722	539.60657
156.25941	555.9229
158.87222	535.8887
170.27715	545.6139
147.05144	556.85425
155.00589	544.55786
162.36954	559.2981
146.14955	546.19446
161.47781	547.3541
156.72263	562.6011
148.68735	464.7444
163.46466	486.98373
148.79965	487.2854
170.7759	466.6839
162.17323	497.86285
141.67165	475.3788
164.51883	481.4103
153.45918	488.4793
155.84958	467.21222
172.57793	481.18365
158.84372	477.46832
164.02657	470.5731
159.35533	493.14355
151.13559	474.32813
169.55405	476.3067
142.70541	486.4759
162.71338	464.03238
379.73978	377.16946
361.38156	383.18698
383.70575	394.35297
367.31912	405.78156
366.89417	361.69464
377.1873	402.32397
360.85492	389.3986
370.4559	377.9489
376.0979	395.76334
361.80774	373.0369
385.87775	406.46417
356.17673	392.6156
372.45047	386.9356
381.4317	409.45038
346.9023	385.38068
380.12463	363.973
363.20847	414.5663
368.46832	370.58615
389.447	382.05453
348.32504	398.98178
374.6507	368.04095
373.03625	406.86734
353.45093	379.31827
391.42514	376.3062
359.79465	397.0563
355.22488	367.57925
389.33572	387.12793
351.6998	393.38208
386.17386	369.58087
806.31165	390.75873
800.7267	378.2073
815.7402	384.45224
796.1758	392.15332
808.5946	383.49243
807.1095	398.8488
792.1862	386.0578
807.757	377.00842
801.0323	396.96863
801.09827	385.1611
812.557	390.51996
722.3875	81.62094
747.3495	37.481037
757.0971	70.23723
745.55945	62.665405
767.72736	64.389175
729.0671	62.547615
759.03876	42.760017
746.11816	75.94014
741.6368	41.467625
736.096	49.6657
740.58136	66.91608
725.0107	41.365223
751.40076	54.884438
715.8541	70.974976
732.41956	39.859398
739.78156	81.546486
735.5318	54.839134
740.69836	56.753918
732.26874	89.39154
725.006	67.08913
767.98254	71.823044
721.74713	62.128517
767.4455	59.603127
729.0972	77.08497
716.53204	57.609333
564.55475	388.09198
548.8809	392.92056
549.3673	381.69202
552.40076	404.09418
528.29254	380.11798
558.4418	378.13687
543.3148	406.23358
542.2466	376.92706
552.19165	387.5928
528.96295	388.53726
540.3732	367.6865
563.44885	404.04376
536.59735	386.3446
569.2222	383.43805
535.5796	398.25824
555.09735	367.88763
558.803	392.5734
543.18695	388.9035
557.0631	372.59933
548.1911	400.80975
536.17303	378.15204
557.8653	401.94708
740.99243	393.27304
755.4709	381.44028
760.30774	393.09973
752.81244	395.12195
753.9242	389.69116
747.5457	396.1956
750.41864	384.34235
763.8236	386.4603
742.71985	380.79694
760.7914	376.14203
760.9686	400.67935
746.33124	375.04242
771.33545	381.27695
745.51025	401.34894
754.64575	371.1786
767.0193	393.81268
139.41722	293.8928
164.40591	293.12006
166.68677	306.832
151.59348	294.07626
169.09264	294.34094
151.67621	305.87006
168.4211	282.9368
161.05595	300.6679
148.04843	285.43134
176.71033	289.8499
147.53377	310.0224
158.79584	291.56598
180.44287	305.84125
154.26936	297.87524
160.76352	279.0553
163.20953	319.0035
143.02704	280.19138
171.64357	301.79263
144.96611	293.64618
150.37144	275.98358
633.0488	402.81317
614.2408	384.5522
638.1299	382.71747
621.82874	392.06824
626.91394	367.68304
630.9764	383.7147
620.57764	386.73056
639.1204	372.03027
632.22644	393.97833
607.9785	379.9861
644.75415	386.71378
618.93884	405.92154
621.21674	381.2374
642.8546	398.24255
608.7633	389.48483
628.71893	375.7597
620.5443	398.29962
616.2782	375.18475
637.87555	393.56027
611.66705	397.4818
