174.95403	253.3489
156.65646	261.1147
167.27304	249.38081
160.93637	253.2786
163.56143	244.94824
176.62231	246.86841
164.00464	267.4779
156.58478	242.06404
169.38023	259.92096
150.70828	264.2147
175.99232	241.31607
171.59583	265.99854
154.61665	249.27734
183.70877	249.90552
158.24973	268.28455
163.07213	237.79977
180.06725	266.9287
150.75748	255.84277
181.81198	237.39505
166.15758	273.48563
152.29526	240.21777
181.75795	260.01102
150.71487	273.87878
172.52234	237.33472
175.53055	271.49298
145.84875	251.56306
667.2182	371.7044
656.3701	383.4079
660.31714	375.72424
665.1504	380.8954
652.98376	377.63052
662.5189	367.0846
663.73956	387.60617
650.53455	371.58774
674.46356	375.4705
648.6969	390.78473
657.0265	365.18414
674.1333	386.40778
646.67737	380.10986
672.921	368.30167
656.94183	392.6169
651.4177	364.18985
672.89594	380.59872
646.0719	385.13416
664.1776	360.67606
667.3407	391.63464
643.79944	372.22275
737.10223	52.564888
713.57263	58.045696
734.8995	46.559334
744.37634	66.116
724.63043	51.000664
743.72723	45.730007
730.4853	55.435608
731.53656	41.675407
743.26556	55.65437
715.7564	51.390156
733.62537	36.44237
737.3345	69.41796
721.3973	46.883446
749.7613	39.16416
737.7721	59.70213
723.2177	37.879585
753.22394	58.687904
718.1121	64.51672
738.5933	32.315903
730.3114	64.26028
712.3469	41.41175
752.66907	51.363544
723.9938	66.04847
726.4626	31.655258
750.01086	62.346546
707.7489	50.139282
742.60876	36.801605
726.34216	73.66051
785.92865	370.45218
799.28455	378.41928
784.84296	381.6952
798.3847	368.59726
795.68054	384.68988
787.8959	376.81784
803.2816	374.0794
790.44293	385.549
792.6342	370.503
802.0691	384.7653
169.17868	53.51905
167.83218	48.45054
169.6849	61.850323
154.81839	48.644325
175.80476	58.632923
156.12259	57.072754
168.61209	38.860962
168.91054	69.210884
149.60019	41.85524
174.01096	45.444904
160.04285	74.83788
162.96025	44.319824
182.23405	49.828644
156.54674	65.93168
174.26328	33.245068
168.07988	74.55142
143.64795	51.21648
188.81548	50.075348
148.60083	68.73275
159.18251	39.55453
181.54161	58.20611
150.6261	52.910442
183.37897	38.963207
163.13461	62.989635
153.79814	33.876827
186.24326	62.13623
145.9778	59.901062
167.2257	33.413685
177.91525	71.07994
434.41693	75.793976
447.29218	72.752495
440.0923	78.98817
448.84863	87.88136
458.8023	68.34435
444.89575	91.49631
456.3641	64.13838
456.2797	76.643814
450.9749	80.40552
476.53296	72.96206
436.2038	96.05829
456.97842	54.683167
449.232	93.84092
420.16895	74.515144
468.5003	68.92497
441.9721	97.03411
445.37946	48.694294
463.33603	83.133675
426.71378	83.71355
445.70865	59.71795
460.87054	90.93737
430.06464	68.97087
464.44794	75.52687
456.2558	100.69915
437.15854	64.52495
470.03622	91.26297
433.6062	84.222946
457.1447	60.50834
447.1245	106.61753
443.55835	69.13869
459.81714	382.91745
446.13852	381.98688
452.53632	370.68323
453.65323	387.64938
439.60333	376.5243
458.9379	373.92157
446.7945	395.73285
445.9439	373.19647
468.17584	384.19894
436.1411	383.8499
456.0184	365.94763
453.3706	396.91376
439.79266	365.39243
466.19702	376.94458
438.73642	391.9801
450.0755	358.59225
464.7426	390.9835
432.21695	377.71704
463.3559	365.27563
452.61166	380.83466
444.03302	362.17004
472.27783	374.953
442.75824	387.32794
456.9859	357.865
459.15756	393.5649
435.44067	369.3081
469.11026	368.75262
755.5614	384.12747
758.4129	372.25015
767.9406	381.5361
756.1709	378.40762
766.17566	369.95648
762.65857	387.29318
748.9798	370.8922
766.7266	376.47516
747.46967	383.69516
760.6171	365.31558
769.6432	386.56567
748.42664	377.2124
771.8837	372.4718
756.74786	390.3844
753.8961	367.11163
165.85724	345.4046
155.45694	346.0351
167.68034	331.40887
173.53769	352.76596
156.57408	338.87656
184.16292	341.68173
158.0934	352.18686
164.0867	338.34064
179.83292	356.86438
146.96362	346.5042
171.05545	336.85187
164.92111	351.481
158.31735	332.3084
172.09807	344.62323
152.52031	354.01718
171.64409	326.62604
167.67288	360.41452
150.84967	336.94025
178.75858	332.20187
163.06165	357.47372
161.79332	324.80286
180.3224	346.69745
151.0264	484.40366
174.50467	471.11816
172.1607	488.45416
164.07936	480.10434
172.59558	478.18475
161.60129	495.5183
167.20113	475.2828
176.83418	491.75775
156.45747	479.59995
179.84256	479.01855
162.10893	486.74332
158.17636	470.32233
176.30978	484.42978
155.93784	489.88818
166.74901	467.89633
168.2436	493.97794
153.15898	475.31943
613.57275	371.91986
596.7269	387.66974
596.2435	372.38367
602.7328	384.85162
585.6611	375.96927
603.534	371.06863
599.98804	379.1895
593.3469	378.25064
608.76605	377.91678
587.3962	383.891
596.3411	365.39447
608.17395	392.4649
580.4977	373.9844
609.2399	362.9531
593.5916	394.38455
587.2239	363.79242
611.62225	386.88867
580.7562	383.5061
603.21106	363.2414
601.4012	394.1817
583.5331	368.40472
615.3054	378.75128
587.0802	391.03452
593.0414	360.6631
165.48836	167.45683
159.1644	163.00934
169.54459	144.90085
166.96144	158.81229
164.63191	153.2714
175.33427	155.35165
152.46637	160.74266
153.23457	152.59238
177.99397	173.49707
150.07668	147.57741
187.03596	149.91017
161.9286	170.38278
163.15198	146.40013
182.3033	159.2395
147.77295	169.87733
172.98007	135.91104
171.63269	172.37706
149.34392	140.75742
180.97153	153.29533
154.3354	167.51941
165.86992	137.83847
173.7261	165.99374
146.10707	161.25714
177.1775	148.57666
164.25728	176.49028
157.7851	140.29256
185.86082	165.41583
152.22081	421.0753
169.08218	414.6224
164.45609	419.95126
154.44846	407.10962
179.89568	417.4234
163.05296	426.86978
162.9308	411.37274
180.52321	423.30206
158.68358	417.96835
174.92136	404.68527
164.78807	432.78192
161.79338	404.12552
171.36876	422.83105
155.6849	428.10556
168.46689	405.3874
173.54254	428.514
151.74701	415.1582
177.031	411.69037
367.54645	388.14832
360.38205	362.32504
383.9638	380.22366
370.08685	378.17636
382.63922	360.91492
379.10983	388.13205
350.4742	367.23105
382.54898	373.98706
367.4864	396.13562
376.26828	357.1004
374.28424	381.84186
366.27478	372.34006
380.36807	367.12857
373.88184	396.53198
366.55707	357.00076
389.53424	381.58246
358.43704	383.14835
373.5089	371.81473
386.53882	392.71167
357.7948	376.8168
389.27267	371.02716
360.79852	396.22867
369.35825	365.2048
389.00015	387.56784
352.6391	378.49283
388.2652	364.64703
379.655	395.71518
360.44998	370.43454
393.48608	376.0994
359.71005	389.24457
730.81433	113.32794
739.5576	133.90628
727.8534	127.039856
740.0074	118.21767
728.8643	133.36948
726.4437	119.22378
737.02075	126.86476
722.1573	132.1766
733.3292	120.898056
733.7979	134.35446
721.17224	122.43795
743.6315	125.710815
707.9876	381.41412
711.9166	372.29987
723.17944	384.5288
712.5988	378.46234
725.9331	367.73254
717.63696	386.3393
704.5429	373.41144
717.8031	374.7254
702.90247	387.80197
714.78925	362.93134
719.07	391.72858
698.8905	371.97345
724.1147	375.8205
710.2472	391.07574
707.94293	364.31848
728.71716	380.4626
701.3019	381.20734
718.30176	368.49646
531.5062	378.153
514.5018	371.9135
531.99646	370.6363
527.42865	382.27643
527.67175	366.45416
529.95386	390.0975
521.32007	375.83832
540.28015	374.26855
521.7943	387.68204
516.4789	363.09357
535.04016	385.6717
516.6461	380.49307
534.148	362.7719
530.5056	398.09637
508.61807	373.6921
546.83813	372.25525
515.21765	391.51895
522.84705	359.409
542.8441	385.41266
508.1955	379.05722
539.96356	364.64517
522.787	394.53687
510.49014	367.64734
544.2279	380.71634
511.26962	386.69574
529.97015	359.0213
537.62195	392.0108
164.78647	537.8123
171.22427	536.0956
167.2653	543.5246
160.50084	531.3123
175.58029	541.01776
158.76912	544.04694
170.01872	527.80676
168.83487	551.1388
153.98947	534.0878
177.60078	534.7723
161.91963	549.75934
162.53075	525.3851
174.91246	547.98883
153.25919	541.29755
