180.30385	477.14886
170.8151	477.12128
174.7778	472.10913
179.81284	485.2268
164.78781	475.35538
184.45305	470.3147
171.85634	484.31714
170.06035	466.07178
187.10753	482.5666
161.63516	481.15463
181.68765	465.88345
180.37723	490.42065
163.67677	468.9857
187.16428	476.53882
168.42368	490.21997
175.76407	463.6473
483.9232	78.29393
468.45972	84.808975
488.9196	73.35157
475.5084	80.81139
457.18237	63.759468
494.195	88.58858
457.47882	99.89052
465.94296	77.606
495.29523	94.54173
463.06635	70.22142
504.0357	73.0909
480.95575	91.45924
471.37485	56.48186
502.3016	96.45549
456.7399	85.71295
480.76324	69.19436
477.6399	108.62578
466.29916	59.466022
500.25293	77.512
469.90894	99.99128
479.9248	56.392
502.00684	83.5724
451.83725	74.51666
494.97064	62.343056
485.22095	93.99392
469.31854	68.95186
491.81006	80.6761
460.26294	92.80991
489.04483	61.452404
481.70483	103.27322
690.2627	376.04922
695.14655	377.32013
694.78455	384.70703
701.30945	373.8416
700.6227	384.45102
683.68756	382.04596
704.51953	367.05652
698.3177	392.44287
686.2351	368.68304
705.3085	379.5247
685.9689	390.44446
696.55457	364.13193
704.6798	391.5017
682.1087	374.56305
710.7012	377.38013
691.30194	392.86752
689.76697	364.11206
709.1043	385.92227
680.5763	388.28525
180.14592	318.82648
179.70566	332.92847
176.34343	324.2652
186.58575	325.1733
165.57089	340.23712
172.12463	317.23688
184.06166	344.7655
169.32199	331.0668
186.61078	315.60504
173.75558	337.42792
166.14008	325.23163
185.35927	331.54434
158.86844	338.2704
172.87366	311.1177
177.15742	342.48456
159.87314	323.7272
193.43588	324.08917
172.72931	347.79437
163.08092	316.75226
191.88913	332.01608
161.8558	329.85385
174.47092	45.43306
175.46994	54.35601
171.61713	49.139214
180.67944	52.800507
168.35486	65.02876
182.4424	37.64791
179.16592	61.41616
162.61295	47.229126
189.00525	59.084972
169.76637	56.182343
174.68874	37.017456
188.77762	65.75324
163.47987	52.976097
180.20732	31.165417
183.52864	73.52763
159.7089	42.600014
184.66588	46.996025
164.56056	70.02249
166.2049	31.233013
197.3636	56.83188
152.74916	46.619053
188.97629	38.383705
173.03769	71.41433
170.30515	36.75154
193.75821	45.37373
156.89493	62.539833
473.99863	373.35834
483.08707	384.366
477.1622	378.77695
485.52792	378.72232
475.7348	389.179
479.4261	367.93988
492.60956	385.46686
469.99902	387.08722
485.64374	366.61386
484.01117	394.47284
468.45825	380.4112
493.0551	376.39017
470.63712	395.33203
476.92758	360.77887
496.14966	391.9302
463.2063	379.4152
492.2933	366.8316
479.3875	397.84137
470.954	366.6156
499.83862	383.12823
462.70856	387.13678
485.84015	360.75177
490.0839	392.4096
465.0848	371.2744
499.01764	371.32065
750.09607	384.33405
753.5333	376.70062
757.73846	381.4275
744.2143	381.75775
762.16547	370.47333
755.2572	389.60785
744.265	372.31183
761.7682	378.0263
746.5584	393.14752
750.8996	371.21255
763.63074	390.16324
739.57544	374.87607
768.0814	374.95233
754.379	394.87665
747.4806	365.36426
767.4498	382.59598
740.48303	386.0445
756.3061	366.9736
555.40283	389.63367
556.9403	382.40576
560.6332	376.20242
549.6229	383.8601
561.71655	368.38724
564.1313	386.8056
546.49	375.39978
567.6261	373.60233
552.56213	395.0992
551.48645	372.93875
569.16644	382.55026
541.1812	387.57416
559.85156	362.06326
563.7562	394.24966
539.4496	372.79135
573.9774	376.5055
547.48334	391.10968
553.09143	365.68768
571.9424	388.65213
542.1831	379.49222
568.198	366.56345
558.489	399.13776
544.8572	365.25494
181.34369	532.50256
167.17624	542.5392
174.98196	527.1251
182.68423	542.1665
171.448	533.0636
186.21207	528.21106
173.90358	539.84247
169.4364	524.4342
183.8095	537.03955
163.54176	536.32513
179.27177	521.8368
177.01805	546.34766
164.30042	528.42456
787.1825	44.392326
773.885	61.708843
781.6474	52.055225
800.68555	65.08988
773.18054	51.722374
797.39496	36.135704
786.34845	69.78443
775.61053	43.478897
794.7383	53.517937
767.7654	63.115612
791.0042	38.880756
787.38477	55.632393
769.4452	45.84309
797.3709	46.13744
779.6544	63.7005
775.5487	33.7107
796.4516	56.812866
762.7645	56.092937
783.40533	31.259089
789.60535	48.695282
766.8236	36.415047
803.65204	50.8534
776.4996	70.82555
780.57056	36.83694
792.09265	67.1232
763.4728	48.785152
181.45645	232.03105
181.19096	246.0937
167.24643	233.66199
190.08693	248.35205
155.84518	248.80583
174.48367	227.64792
176.88986	259.52423
165.90948	239.76389
184.0709	238.86287
173.0623	247.07512
172.22908	222.14774
187.5833	253.57104
168.56331	244.74023
185.72392	225.42868
172.10284	253.05038
158.72623	230.17232
193.46313	243.30013
163.77875	251.19797
174.98338	236.5026
180.99388	254.41187
157.56723	239.8429
190.40903	235.87627
169.2958	259.6176
885.4066	376.4852
895.6154	382.39594
879.7373	383.95758
894.3031	371.5152
888.4416	386.5075
880.26746	371.12048
896.01904	377.03192
882.20154	390.11017
887.93787	370.557
894.22815	389.1812
877.9337	378.0276
635.0576	368.41318
638.0477	389.1109
627.27783	377.69772
631.3661	385.42746
618.5007	386.45206
630.4205	373.2575
633.4257	394.11688
619.7521	378.95847
638.444	375.941
625.4115	381.3934
620.63257	362.60883
641.992	382.39752
612.2324	384.40265
631.56396	362.088
630.26416	398.70126
615.673	370.3601
646.5399	377.7027
619.55743	392.832
625.94666	365.60986
644.91113	389.38617
613.1773	376.64978
643.1525	369.98065
626.04724	390.77536
174.2545	137.96828
180.0416	150.53079
169.65903	160.06554
177.47775	144.18906
177.29172	159.6067
168.5162	136.11214
193.08212	145.10695
167.24667	166.69481
168.6399	146.31418
184.37965	168.41086
162.4412	147.462
185.9632	132.86038
172.73347	170.72919
160.05827	135.54585
192.23259	152.84189
163.92871	157.98746
180.37352	136.9866
186.2073	155.37437
156.54251	144.65012
187.26706	141.82999
171.76212	151.31067
177.11916	129.65402
188.3999	162.407
158.2828	154.9709
178.12206	398.6685
174.50539	409.5321
167.32059	405.29745
181.22003	407.51324
165.41978	419.6132
173.50186	400.11853
190.18094	414.17572
167.62114	412.55624
184.4854	399.206
179.11444	417.4228
164.07623	398.075
184.13579	412.95377
159.62454	413.36664
184.49464	391.71442
180.4608	422.95532
160.51863	403.91528
188.63348	406.32785
172.1028	419.12372
172.28917	392.46704
394.4394	388.86395
380.00275	387.14484
399.15015	370.59058
392.90707	395.6739
392.10742	369.75732
405.07785	379.0453
384.3079	394.03644
398.54282	377.3701
404.70117	387.5581
389.49884	377.5865
409.0368	373.80316
388.45233	384.22382
387.6508	360.15582
413.12543	380.81747
374.3035	380.87256
404.0571	359.64206
404.7036	397.66196
378.2723	371.0481
416.51108	374.46307
389.59003	399.8962
399.648	364.7634
410.3681	390.88358
379.78513	375.84357
412.0399	365.28436
399.83047	399.88574
383.69965	366.61044
416.93793	388.82916
376.5067	392.9925
394.82465	359.0626
856.8538	389.73438
841.34784	377.22894
859.312	375.02045
847.7318	384.03497
847.8381	375.51434
853.3823	380.5385
839.77264	382.77164
855.8174	369.8544
849.8885	390.79486
840.0243	370.77728
860.8334	382.3481
842.3085	389.4869
849.96173	368.76202
813.77216	389.03973
801.49817	378.86395
814.87225	369.15414
805.20575	384.0074
797.34235	368.3469
808.60693	378.4239
796.36237	387.5438
808.5964	372.30573
808.39197	390.88388
795.22473	374.97256
816.17487	377.80853
801.8703	390.26706
804.5421	367.9575
818.0228	384.21283
792.9955	381.00397
