169.48096	323.86273
159.0544	333.16333
161.9782	321.97287
168.56395	330.5603
160.85844	327.84625
171.80637	317.53488
164.04234	337.25504
154.89803	314.8854
176.2536	329.0561
151.71411	333.2418
169.88055	309.27628
170.8347	341.20532
150.97093	321.0572
183.46446	324.23026
160.18143	343.3681
161.94453	315.99237
177.54567	336.65408
151.70976	326.78915
178.08685	318.63995
729.6033	121.785934
729.47375	114.83942
735.5917	120.72245
723.00586	122.12074
737.69916	110.129395
737.02625	129.20976
722.1992	113.968704
740.60443	115.2709
728.4325	128.60164
730.4557	109.066284
742.87616	122.25596
158.90233	410.09003
169.71323	402.8107
166.43355	408.3884
160.17986	401.8343
175.94331	400.2652
162.91562	415.06854
164.91849	389.36682
179.09706	413.6378
150.70992	400.86118
178.6538	396.36127
161.23514	420.24405
158.84888	393.5595
178.71123	408.02292
151.33493	409.49673
171.60379	392.86926
172.41539	417.10635
153.938	395.50385
170.72456	242.63509
157.80685	243.62512
162.80711	228.9526
167.9147	252.29126
163.56255	236.19495
179.69595	237.12747
161.67276	252.07593
153.1847	236.9251
178.21957	243.28336
154.46088	251.01457
171.39462	231.48413
179.95892	254.98483
147.078	238.92825
178.19669	231.15874
156.3532	256.41064
156.8937	227.1008
179.23584	250.2222
147.10667	245.8241
170.42326	225.25871
172.24803	257.25308
750.43665	374.34125
760.3237	378.11993
753.1647	389.43436
756.7254	371.2465
766.32874	383.61835
746.04224	379.05472
765.66125	370.42767
756.79877	383.37378
750.04205	367.27936
768.9099	375.97168
748.9104	384.5063
760.41125	367.22406
762.40027	388.41525
150.6633	145.45459
169.67232	155.58301
158.66734	163.74525
161.99962	158.71605
174.94034	161.90555
160.29782	148.9739
171.43062	149.73912
168.15167	161.91078
155.3182	141.14088
178.33566	149.20631
152.62961	159.03058
166.85182	144.47803
181.27908	163.52594
145.26474	147.6813
179.28325	140.96492
161.09811	171.82028
164.94034	138.36365
179.71964	155.08241
146.33997	159.69408
174.40173	135.54912
169.07285	171.48906
517.96106	371.8145
529.75726	382.92792
516.2558	380.0534
523.0366	373.32477
521.9868	382.76764
510.59552	375.7276
529.6658	373.14514
516.61633	388.3396
510.73724	365.60406
537.0879	379.77045
508.8628	384.82205
522.24426	364.61853
527.1012	388.1902
503.84946	374.4254
535.9373	372.99274
512.4979	392.99896
517.21204	359.98944
535.7506	386.18176
503.50064	380.84708
529.8731	364.7408
524.83105	395.66846
644.67566	370.45697
651.04553	376.893
647.3071	382.88385
652.6236	366.74078
658.04047	381.49744
642.20105	383.57706
657.1191	372.8294
654.00226	385.71906
637.6832	368.1869
665.29346	379.98453
636.3297	387.259
659.5871	362.80487
655.47125	391.49188
640.2179	375.61115
663.7593	371.67618
646.2584	391.93018
646.781	361.99457
661.9676	391.4318
635.5612	379.65228
596.59863	372.62616
585.10364	384.7586
576.3862	368.5821
590.44946	377.3957
578.2914	382.2999
584.23254	376.70538
590.2013	385.81747
580.8585	372.17822
600.4551	367.82187
584.4708	393.3929
578.2117	361.96585
597.54865	378.7761
575.1205	376.785
593.27124	365.40558
592.7701	393.28183
569.60425	378.71866
604.8437	380.5615
577.2521	388.89038
587.278	363.1966
598.4625	387.05722
160.16354	534.014
171.41463	526.9624
169.39731	539.527
157.95718	525.2617
178.21413	534.65955
154.27522	539.38116
169.47527	520.7103
164.73517	545.02277
152.94557	531.1361
170.45085	532.8666
160.07242	542.87415
164.54704	528.4995
175.33435	542.74316
719.09314	48.965862
740.13306	51.951576
734.24585	58.359253
731.5201	33.285095
733.068	47.100822
721.70953	56.980896
740.752	42.92118
746.8307	55.93995
728.6428	43.254776
744.1764	32.668842
726.7571	55.36416
717.1417	36.756508
748.5389	48.969334
714.96936	55.7401
737.755	33.64304
739.4299	64.30932
722.81824	42.97952
748.39087	38.15494
729.16327	63.523285
726.67365	28.7134
747.6017	62.533478
714.4324	45.17557
712.7985	372.13736
711.0069	388.58707
697.7711	370.87805
711.27814	380.9129
697.92096	387.81046
706.588	369.23932
717.7856	387.81247
706.1402	376.78436
720.60205	370.21527
704.1784	384.41464
702.88153	364.78528
722.31824	380.6677
697.1964	381.74982
715.17993	365.1233
709.8309	393.9975
694.8182	376.97656
718.0319	376.2008
445.6679	382.98734
452.59628	372.91666
460.82397	391.53375
446.8781	368.69067
465.06738	372.86398
454.6778	384.70074
441.04102	365.55145
458.30087	380.09894
434.03476	383.86664
452.41415	364.1105
454.54645	392.84747
445.5228	375.9506
457.9957	370.17462
445.29672	394.2592
445.89395	359.16998
465.43448	383.64856
439.44653	378.01837
461.08917	364.56647
449.02765	388.63702
435.00024	371.61374
469.4349	378.40573
440.3169	389.57816
164.91722	460.1053
166.5579	478.02817
164.63525	471.58212
178.26062	468.77216
161.65184	485.75238
152.10635	466.4183
177.21623	475.49756
153.95598	476.99414
173.25616	462.2657
169.07732	484.95068
156.40652	472.81265
170.76662	472.87338
156.26413	482.37115
160.60747	464.80402
176.44508	483.22476
444.45966	80.9858
465.07806	60.951336
457.4239	65.18755
435.98535	60.91031
460.67303	80.40104
436.25107	96.25166
445.73193	53.80155
449.06625	106.11304
428.79907	74.12533
467.22833	74.424286
448.42682	84.338684
435.12173	79.67123
453.79865	91.34871
432.16205	87.83005
450.89203	63.33329
464.60504	94.67761
442.84277	69.281555
472.7198	77.38263
440.1358	100.300156
446.78497	75.44373
459.3876	86.82549
421.32928	70.45811
458.90576	73.65576
448.4728	95.65758
441.81934	57.031036
468.03336	87.58742
375.68277	382.0322
376.86658	365.9499
375.0501	388.42728
365.92416	375.07758
379.79172	376.17508
356.84357	388.89154
366.0481	361.596
388.71393	386.16367
364.38004	382.02484
387.71872	372.0158
369.86774	397.3195
357.894	371.8752
372.98996	372.67264
364.5432	395.1541
372.9346	357.39948
381.02832	396.66388
354.60043	375.7741
392.18958	368.09442
366.02606	387.46082
368.0785	370.175
386.43015	377.92786
357.99542	380.67496
385.64923	362.6828
379.69537	391.31616
357.087	362.77325
393.3557	381.48132
788.97815	386.9225
795.8336	367.8157
806.1631	384.71362
788.54285	375.7326
806.4647	373.36957
794.74585	383.1891
788.60675	370.0471
802.6245	378.8189
788.9735	380.8023
800.04236	371.16208
799.4518	387.1725
157.9924	46.745525
181.76373	56.95109
164.65825	67.21493
156.81828	36.625107
175.16814	55.619762
161.2631	52.45915
173.5126	43.886356
168.46388	60.46474
149.1018	47.789127
168.61972	50.59214
157.02315	68.28101
164.44795	40.329586
177.44028	67.99295
146.86685	60.96581
180.4201	40.24213
166.18907	74.97502
155.8879	42.937374
180.41959	62.903107
154.18639	56.326794
173.08244	35.281887
174.45457	74.912605
146.12082	54.2094
182.39792	50.384087
152.05429	70.92595
164.58017	33.72883
