439.6148	78.05447
454.64282	85.5398
455.63824	65.01879
458.50186	90.12532
441.54327	66.923874
464.85187	70.0968
446.0689	101.835815
432.22906	57.814075
463.03897	94.70378
432.15387	87.33443
449.22076	72.12549
443.94354	82.38102
421.48096	71.24419
456.99185	79.84231
443.9549	93.47188
445.0965	61.57901
471.50235	91.188736
421.74966	79.52521
460.80542	61.105537
453.60822	92.470535
432.7443	67.23102
465.1579	77.40713
426.47638	96.05788
466.59186	58.98191
459.2548	100.08656
442.0251	88.19978
472.62354	73.82711
449.98236	108.891235
449.27643	54.220673
171.33577	547.93427
163.30731	548.19226
166.95816	540.6703
166.439	555.1046
159.34499	541.8834
177.31494	544.0053
155.46193	551.7947
162.34062	535.07263
174.16371	554.468
154.00879	544.9679
172.69075	537.9829
160.49603	556.3861
782.83	370.0759
798.0084	379.73077
781.05896	382.18085
793.89105	368.8059
791.0271	384.12134
782.853	376.73587
797.5254	374.39325
786.0143	386.89093
789.1686	372.07446
796.88983	385.96686
519.77094	377.66577
531.43494	381.90915
522.66785	383.20142
524.6655	372.45358
538.5205	380.38736
513.5843	384.78543
529.97455	368.6946
528.0694	388.242
512.993	375.76645
540.0248	369.40924
516.7109	390.23117
520.26404	367.16803
544.0984	385.61554
507.16714	383.3885
531.4675	361.03424
530.3359	395.5595
512.41125	368.2328
543.39984	376.63638
514.9931	394.8154
523.7736	361.41245
537.55585	390.67252
507.7526	376.4525
535.7329	366.2622
523.80347	393.7395
515.0549	361.10715
735.3587	129.22823
722.64215	131.88033
733.47327	121.3209
736.2047	137.16548
722.5973	122.52388
741.3019	124.50433
728.4325	134.39943
728.18225	117.14498
742.1642	131.90634
727.2795	126.79
739.7555	117.39695
660.3185	391.82184
658.13293	374.73615
665.0228	376.607
650.787	383.16507
661.4541	366.7388
663.6322	382.38275
650.0182	376.4156
674.035	370.07303
656.3427	386.76154
652.08685	369.1158
673.62256	380.45847
644.75183	383.24176
666.9798	365.67242
666.16455	389.59015
644.9762	371.0933
670.96216	375.14197
652.2799	392.32205
655.5036	363.04446
671.1096	388.20343
706.3379	377.12927
719.2466	373.40796
710.08093	380.5363
703.3978	371.34888
716.4172	381.19196
702.2993	387.34003
713.46063	370.9206
717.9877	389.0954
697.27136	373.07336
723.9319	375.62173
707.2242	389.53784
708.1677	365.10876
723.1248	383.22534
698.3989	380.94598
716.88776	365.66885
712.65924	389.77313
161.57535	422.09918
176.94066	432.94415
160.76753	433.4659
168.61487	427.54443
167.91876	432.80283
158.00877	427.3183
176.90161	421.17676
163.93738	439.083
150.78772	421.8628
174.35298	439.6961
153.85583	442.73355
170.57277	417.5445
170.3872	445.54755
152.02707	427.46442
180.28906	426.8728
159.9414	444.67438
162.85544	415.4913
179.82687	440.32965
151.60013	435.85507
448.982	371.15393
452.60068	380.14276
437.83496	369.73773
457.24765	374.08716
447.48242	383.65533
453.51474	365.817
462.01425	390.70435
444.7981	373.38324
469.43814	369.7982
448.2912	388.75555
448.79095	361.65958
456.90436	386.3526
441.72852	381.77682
459.30786	361.5681
454.95953	397.78693
432.67734	375.65833
464.86783	375.6762
441.23682	395.64154
441.34845	359.66998
467.46597	387.70367
433.65683	380.85736
461.64746	368.2701
446.69614	394.52728
440.02475	364.75058
466.48004	382.00824
436.2086	389.35873
166.83621	45.184128
168.02257	70.74451
155.7852	43.891243
171.7421	48.900307
154.85562	66.446175
157.95645	51.985504
172.96663	64.17266
149.78506	54.487114
176.67303	39.173214
168.87718	53.95417
159.89578	33.339607
177.70535	56.692696
159.82162	59.706177
169.1944	35.48491
180.44109	64.12752
147.19048	49.077103
181.42107	42.544365
161.10446	70.88173
151.41817	38.61281
185.27762	59.036034
147.93222	60.68614
177.28049	31.50874
172.17284	74.38132
147.08781	41.208843
183.23965	49.65453
150.82039	70.798256
161.48749	42.803177
176.60132	261.70624
157.97028	256.9496
173.74905	241.507
164.01392	258.20886
153.43256	241.29733
166.57315	251.36987
161.19583	267.77103
166.7015	243.69382
171.69304	254.78069
153.99274	249.98885
185.92972	256.4883
157.97389	276.0711
159.98912	245.79427
184.02998	263.2424
145.07147	264.80353
171.68314	235.5865
171.67627	274.02475
149.19992	248.30513
177.96744	252.22476
151.07901	262.14432
161.6743	236.64102
177.109	270.97046
146.98135	256.593
178.24869	243.85635
165.34651	273.12228
594.0202	373.98135
601.5969	376.62982
586.64716	386.3525
597.3004	368.52377
600.1218	386.23572
585.95166	375.1329
608.72485	374.88828
593.11975	386.86688
593.47034	361.84933
606.7382	383.69333
590.9361	380.19412
606.69165	362.33014
600.37	394.63272
586.75446	368.09537
615.06213	377.96893
585.0387	393.7668
601.0552	361.2841
607.17053	391.84296
579.74695	375.28232
610.6588	368.81247
594.4332	396.48184
584.7104	363.22855
614.5188	384.4156
578.9916	385.11444
164.6659	345.24673
169.16393	361.73132
149.9735	341.97253
180.62352	347.57452
153.0759	362.34238
162.47522	338.73917
175.7431	361.2008
157.12265	344.2231
174.42851	343.48737
167.14659	350.74588
153.82672	334.30002
175.97098	353.56357
156.34207	353.41345
167.1499	332.68317
175.21393	366.62872
149.0369	348.5438
183.1897	341.73618
158.93808	366.9639
160.169	331.70996
183.55882	355.96075
147.7698	356.2823
174.9915	334.1425
160.8305	359.52063
358.94458	370.35284
374.27234	380.42902
366.0479	387.0622
369.09247	374.8967
380.12506	376.7973
358.76016	378.3917
385.36575	370.19257
367.96228	380.22736
365.69382	358.9162
386.3537	375.46008
361.4396	396.09393
380.93774	360.4735
373.8066	398.88217
352.08472	372.3441
392.2132	377.31342
367.7367	392.90616
366.44598	367.9129
385.2273	387.00702
357.44473	387.2564
374.91272	367.43268
377.9892	390.8089
358.93057	363.7267
390.52692	384.28452
355.34692	392.86627
373.25293	360.5937
382.78275	394.13037
352.96182	381.90363
383.75775	365.5233
160.17297	507.0878
163.3454	492.49603
175.09085	497.18768
162.22281	498.26627
168.44144	482.73648
169.33752	506.11636
154.78316	487.6747
176.92935	489.3488
155.6222	502.4406
161.191	486.00967
175.83426	504.0604
152.8643	495.56512
169.33536	489.337
166.85703	500.45215
149.59904	143.80367
175.24387	160.34445
163.04338	159.00838
166.17123	135.437
175.57906	169.76749
156.11717	148.4346
182.57536	146.9009
156.91805	168.9259
159.51408	154.29807
181.12335	166.08487
157.05241	163.897
169.12509	153.32137
167.27792	162.55782
156.10649	133.24309
178.37596	153.41348
147.90836	167.2173
163.95148	145.08182
174.06226	176.13744
148.81058	153.49666
174.4678	147.00673
161.85115	171.54187
159.43732	140.55942
181.66336	159.04846
144.44295	158.76663
175.15097	138.46709
167.5953	172.78023
749.8305	374.7831
761.86725	375.9542
752.0771	390.4738
753.8514	368.7319
764.31366	385.06818
748.89923	381.5631
764.62787	369.50604
755.8611	381.64798
748.0001	367.0535
766.1739	379.17535
743.3629	385.31216
758.92737	369.8927
759.48096	388.909
742.6365	376.30142
739.80396	43.963207
719.845	65.99217
740.35815	50.348255
743.0677	55.3628
715.4269	61.088936
731.6752	34.938652
726.6663	65.12844
713.7286	43.709442
749.27686	48.952385
725.644	58.352
730.19055	43.85724
742.7271	68.54341
723.0128	45.745995
750.51337	41.00983
733.7894	72.27403
720.65857	36.292614
749.6447	66.120544
732.9005	51.095615
738.2897	30.267826
735.82153	66.709885
712.4298	52.99929
751.6728	56.700085
725.5553	72.97358
724.67944	39.969917
734.06635	58.07014
721.651	54.09017
742.59204	36.630535
