704.8023	377.84122
699.5454	380.30292
707.4504	370.6834
709.7454	381.20782
696.55566	373.8159
714.42487	373.54776
699.31024	386.24524
701.9787	369.7764
715.93176	380.89447
689.79504	383.0556
708.6678	363.21024
709.01794	389.96234
693.3121	367.45016
720.13806	376.58002
694.7675	389.41397
699.46594	362.60974
716.0132	388.92007
690.27875	375.398
715.54333	366.7746
702.92786	393.17145
161.93532	238.64224
172.42151	243.02681
158.74632	252.05835
177.17322	231.05563
166.38193	249.47766
163.61743	230.96872
169.38823	234.9936
162.27036	243.93607
160.06656	224.64438
179.41644	243.98563
148.35567	245.09094
174.60437	224.24133
171.1466	252.76302
155.00623	235.44551
177.67221	237.90732
153.69582	247.55765
169.05405	223.42668
178.13406	252.49821
148.3516	236.98347
183.08148	232.57402
165.04137	258.42102
153.69862	227.60918
166.87273	55.32668
156.21548	58.08017
184.31903	51.475533
166.3335	62.620056
162.3887	46.258675
171.0904	50.87491
158.16594	64.46161
165.56189	39.85423
173.77097	58.68379
155.64214	51.47447
179.36777	39.441135
164.0702	70.534645
162.3886	33.518143
179.40092	55.863037
149.98302	57.51772
169.73817	31.150202
174.30539	73.116066
154.90004	43.947155
177.12744	31.437252
157.78644	71.42799
152.55907	37.69005
185.79092	57.07368
147.9649	50.075916
172.10635	39.48934
177.84825	64.76283
146.10349	42.13096
187.77983	47.888317
148.99252	63.085217
589.4852	371.79483
591.74445	387.1253
580.6308	375.90118
594.37164	374.68668
588.1536	381.31134
582.6395	369.62424
598.16345	382.37286
581.45917	382.4084
591.7635	366.959
596.4164	391.8969
574.44543	374.38165
600.62555	371.59674
581.50494	391.30353
581.9822	362.42215
603.96936	385.68646
571.72107	382.3173
601.50037	364.93018
587.70654	392.22745
575.4978	368.44904
604.5847	377.07568
576.5121	387.33087
591.72034	359.575
652.85345	387.6596
642.2941	376.22678
661.7574	372.99628
648.87994	378.9036
642.2704	365.66907
655.1577	380.99548
640.08575	381.8087
652.1754	366.3514
652.4915	393.59885
635.4542	373.69345
652.43866	374.03107
640.99286	392.53882
644.9644	371.93832
660.3829	385.95877
631.7256	377.99612
659.65125	366.6499
645.13403	387.77203
638.57495	362.21542
663.8461	379.32178
634.02185	386.16602
649.01904	361.24185
172.32495	149.83752
160.53716	147.26454
162.40118	154.65498
171.53885	156.51085
154.0504	147.02525
180.14168	161.42618
153.77705	155.26038
175.33395	135.05199
168.54019	162.4845
159.64796	139.82762
179.82976	143.6402
162.25726	160.37033
167.5171	143.27945
186.94229	162.19218
146.73486	150.27634
181.64975	137.72926
162.38016	172.27504
153.01224	136.05296
178.87563	153.65332
150.72469	160.74179
169.11058	134.81778
168.48508	169.34123
149.02875	141.99173
183.96301	149.31052
154.55165	168.09203
163.6912	131.71983
736.8974	57.300453
725.3119	39.307156
736.8829	35.18402
726.6092	48.213875
716.99176	52.8313
744.3617	45.823357
724.0536	55.63083
735.9017	46.095383
733.2551	66.04002
711.7303	55.35335
751.599	57.39812
731.7806	55.02945
717.7667	35.281258
750.88477	64.13923
712.5814	62.028954
742.8064	30.974771
743.17017	72.24415
719.2168	42.81268
750.41016	44.742737
723.2074	69.64238
728.7427	35.94816
742.91833	66.07851
713.81085	45.785393
746.3444	36.889214
732.49817	72.14586
729.386	30.181812
743.1433	52.920326
720.37787	64.76206
460.56763	66.22624
455.5756	108.35748
433.86255	69.43329
463.8391	74.276596
445.69174	88.54033
439.12354	62.74755
462.3344	98.48942
433.26227	92.25864
470.34293	67.392494
450.253	83.76994
453.57642	73.29186
455.42944	93.918274
430.10565	98.63964
443.6144	73.19963
459.82666	82.67724
425.85028	88.03432
464.07803	56.59491
440.893	88.11538
442.44904	57.087597
465.8007	85.47208
437.3318	79.896416
451.75165	63.536583
451.02386	98.295395
426.4335	61.976463
468.71255	76.14972
446.115	100.21682
436.63126	51.65811
471.85507	91.39854
424.06802	70.028145
453.5396	54.758545
162.71512	483.3504
164.44708	467.86826
170.65	476.39215
161.24673	476.56094
170.57169	463.6395
176.03685	487.28897
158.31142	470.9598
173.76822	468.2707
163.64244	489.10907
157.16714	462.5709
181.38661	478.36548
154.264	481.23965
179.94118	463.47446
170.18362	489.812
151.6551	466.0341
180.09152	471.40738
153.24043	487.99185
162.81418	458.8872
173.79175	481.33292
150.23338	476.09735
741.6868	116.64156
729.04004	130.28085
722.7821	118.049034
743.0881	126.42501
721.262	128.23518
732.4338	120.0765
734.24744	131.36465
725.9772	123.80702
736.96387	123.92497
725.95447	135.09573
731.37244	113.72268
739.3851	134.24467
443.68207	379.01996
458.28705	370.9445
456.51138	385.61215
443.01987	364.80594
457.9366	379.29895
439.6254	393.48932
449.75293	370.9435
455.0739	391.44867
442.4463	372.58203
468.9682	370.82773
442.9577	384.57394
453.14447	364.9009
468.0854	384.79483
434.81332	380.1727
460.1215	361.45685
457.4798	396.49658
436.7036	369.51044
463.2436	375.58597
449.2523	396.87155
454.24896	357.09335
463.76483	392.15045
433.10675	372.86688
466.49307	361.2624
448.07797	388.66034
445.6938	359.08292
469.22125	377.6561
435.31708	386.60028
526.23535	361.11554
526.54865	383.70056
517.5591	376.1773
536.04944	373.15823
518.8566	389.39294
521.24634	369.5772
534.3807	389.71698
513.7749	383.39252
527.3716	373.69052
520.8528	381.1889
514.5458	368.50662
531.6408	378.6584
512.4416	394.04974
518.99945	358.3022
541.64453	386.578
505.5624	378.1135
536.5144	364.31046
522.393	394.16946
511.4223	363.4418
536.5292	381.3084
506.94678	384.57977
531.16516	364.18146
528.3797	393.45587
507.88434	373.00266
541.6481	372.51712
367.31647	382.9444
372.5479	369.97104
389.8305	389.41284
362.4755	376.81525
380.9215	369.44196
377.36563	394.93298
359.61078	361.59723
388.40277	376.74054
360.27304	384.75168
378.35236	378.47415
372.7239	384.40573
369.81146	375.3184
389.0569	370.99777
366.42203	392.7029
368.89313	356.21198
381.60956	382.62558
358.64444	373.56882
380.80624	359.22272
381.888	397.70203
356.09576	368.2743
394.07718	370.29172
357.7846	392.69955
374.8937	362.43744
381.36227	389.51077
351.83002	374.40082
387.24725	361.2128
371.73224	399.7111
367.9276	363.84818
390.20242	381.9478
352.41156	383.16324
755.4164	364.83255
759.31555	390.1763
742.0259	373.7293
765.03876	372.18488
752.15735	388.07416
748.77264	365.44446
767.17944	379.6352
748.231	380.51227
761.5421	367.16132
755.92883	381.92902
747.3898	371.21042
761.15076	375.69205
745.6566	388.50995
754.037	373.96414
762.6604	384.66718
741.398	380.6938
170.68007	313.94992
160.85701	330.56616
158.55075	308.7717
181.07431	323.8161
150.95999	322.14874
169.85292	302.4219
169.55002	327.288
157.94765	316.09186
167.85559	321.7574
158.14998	335.77722
163.96628	317.0418
179.2294	328.4886
159.35648	322.70737
179.04692	308.2394
169.49527	336.7872
153.6207	305.13614
175.75717	316.66147
151.77356	329.93896
165.90958	308.48535
174.97612	335.2426
147.89778	317.46982
181.45761	317.0171
161.72528	542.2057
164.7097	530.4877
171.99945	541.29895
152.86522	543.8385
168.79971	536.99365
170.46161	551.4342
155.79941	533.3642
178.60098	539.12714
159.1214	551.2775
170.11955	527.9966
176.80522	547.4271
156.9678	539.2678
175.81836	530.8072
164.96634	548.88
159.1865	527.0824
801.61584	378.47507
782.4428	383.69733
792.9156	368.53867
793.0058	382.61847
782.949	372.84308
794.6756	375.53033
788.41956	386.24243
787.2416	368.1238
797.84607	386.74033
784.84485	377.8083
800.21423	370.08563
167.97655	414.40274
153.54396	388.02106
183.25375	402.29926
161.63101	413.20087
163.99673	394.2227
175.94968	414.12396
158.44212	397.7295
181.36655	393.69028
160.98409	403.69165
160.38235	384.10104
166.27539	404.5865
153.61717	406.03635
171.04291	390.46237
171.94405	406.5143
153.06013	395.03568
173.60564	396.4237
154.55276	412.68344
166.96445	382.8377
177.70978	404.17746
149.46707	401.998
173.51134	383.93427
