167.98064	240.79245
162.13026	238.21704
169.57515	231.91158
166.5301	250.3437
146.52972	235.99509
177.542	233.95146
160.15392	249.18779
161.14088	230.48152
178.28307	245.6375
154.13272	248.5221
170.7545	223.10576
173.70773	251.25102
154.86967	234.83855
182.17282	237.17343
153.11758	254.9042
161.7456	223.27554
173.02786	258.40533
150.83401	243.63358
177.03432	226.56718
162.1623	256.8389
154.4793	226.09756
182.15659	241.56133
442.53754	87.730774
450.7086	60.441425
453.9586	92.21939
456.74023	73.690895
461.2849	84.94656
433.62695	86.241745
445.4311	71.14318
469.2646	86.541885
439.99152	79.98241
461.78964	59.74189
447.58725	97.78101
439.01205	65.51417
470.57446	69.752396
439.6941	100.515366
456.25238	68.62685
465.17188	95.244225
435.96176	73.01949
453.0539	79.94328
447.78702	87.49706
424.6962	69.768715
473.31348	81.31081
427.98837	90.17536
454.7584	53.736706
454.66962	103.92749
435.08804	59.922173
464.03925	66.772026
425.72784	96.71275
442.12198	57.14319
739.67255	127.375084
725.1798	126.284
738.9454	115.67873
732.5382	130.53189
728.20807	119.026535
739.6415	122.12109
725.2382	132.49965
732.72644	115.67482
737.7809	133.41995
721.94836	120.19027
171.59415	39.43171
156.21756	64.59966
167.87146	50.567753
179.16069	49.794395
160.7714	52.115578
179.51315	37.467163
163.70085	64.5016
162.3651	46.295452
166.57974	57.55384
156.61458	54.72393
165.0781	34.166573
171.87833	61.621315
150.07803	47.991802
176.67824	45.585617
168.82262	70.66396
153.64352	42.541523
182.00043	55.30768
147.67833	62.714893
173.26486	31.38206
183.81201	63.65398
144.80276	47.93345
184.97589	45.76304
158.19577	71.384895
158.40005	34.322456
173.62247	67.48558
145.93782	57.04955
590.73914	372.8499
587.4911	382.03275
581.84863	370.9675
595.1427	380.7441
578.709	387.31
592.64996	366.50214
594.7664	386.75266
584.3993	376.935
606.8147	374.53705
586.1063	390.7835
580.13586	365.58542
604.4083	383.21918
578.5865	380.82568
595.5742	360.66266
594.0917	394.44247
573.04285	370.4455
599.8348	377.48267
578.1993	392.5998
586.0592	362.11084
600.0375	389.46503
572.16785	379.19534
600.43097	368.2351
161.7646	334.18585
159.20526	314.35733
179.30652	327.4214
156.10324	335.5374
166.01279	324.30225
177.03667	334.68134
156.78369	323.82486
169.24127	331.22955
155.28775	341.4494
166.70596	319.92804
182.76605	335.34363
150.1911	328.3696
170.77397	314.29016
170.70453	341.60248
151.49197	316.48108
182.43452	322.5609
149.02267	337.74442
165.939	313.5119
176.7482	342.9666
148.14041	321.1678
179.70213	316.06595
163.80069	345.00674
161.73524	152.96288
170.70107	151.36807
159.8568	157.54033
167.27455	137.90404
169.63412	164.10056
155.38611	147.58163
173.03394	142.99826
155.05045	164.91318
159.91061	142.18408
178.09671	153.20499
148.48837	153.48317
179.49179	136.64864
166.52106	157.71461
155.15411	136.90897
186.78848	150.75511
149.681	159.20021
167.87038	133.06204
174.41188	168.1196
148.4506	140.49667
180.80179	144.27061
162.47356	164.52065
159.18184	132.29402
177.8676	161.73047
364.6308	381.79962
370.65128	370.80768
374.9267	380.47552
356.32892	372.10458
383.66644	374.08966
373.10138	387.6271
364.80173	365.15225
381.69446	384.93848
368.1861	375.7346
376.89066	369.4935
364.63345	391.99445
362.4918	372.23514
389.5176	380.89984
355.33304	389.68033
375.535	360.0796
381.53415	397.20996
351.2646	373.97583
384.62714	366.61218
367.972	398.06647
368.98514	358.45062
389.26038	388.9251
353.4044	381.99112
381.95712	360.56418
375.52087	393.81607
359.18488	362.2233
390.20618	375.63382
362.89362	387.22592
794.86206	372.85056
803.7775	385.86093
788.2121	376.1087
805.57214	373.62137
792.36285	387.43262
790.0881	369.17358
803.5968	379.44095
789.43555	381.5072
799.9463	369.86038
797.41473	384.3432
750.6769	376.23224
767.77795	374.48566
757.40857	388.31235
757.3817	373.54858
772.6489	383.11127
757.6984	380.9243
769.12024	367.54678
764.1993	381.85245
755.01575	367.27182
772.8954	376.9019
751.4784	383.63052
763.0484	369.5157
764.6963	389.36346
156.58641	538.4797
173.4169	536.26965
165.59042	544.983
163.7663	537.1185
173.52933	548.19336
155.9786	544.48663
172.46432	531.0485
167.76987	550.99176
157.33719	531.208
175.60088	541.4984
159.2955	551.05426
164.61356	529.31726
717.9691	382.2065
710.7553	379.69824
725.21704	368.3699
714.1891	387.82513
711.0573	373.44904
723.03284	376.4582
705.84326	383.88702
717.9347	370.89124
723.9732	389.2625
702.84875	374.0466
729.5724	374.9279
707.0332	391.27417
712.9347	365.44284
727.7583	382.89352
699.6966	381.1917
718.922	363.56244
717.78	391.8144
706.4176	366.73532
166.07925	414.98422
152.03395	421.42813
168.19739	409.94418
173.8464	419.34283
152.64487	408.9566
171.10849	405.39587
159.10768	419.75714
161.0762	405.50348
181.78322	413.7933
148.16624	414.19147
171.37704	395.96686
170.73434	426.13672
154.86978	401.2665
178.25784	408.63174
158.59244	426.14795
164.3369	396.90787
180.07257	420.2247
158.2251	413.92197
178.51251	401.30435
164.2258	423.86685
730.7313	36.471718
745.1952	49.09974
716.4007	51.321857
731.9365	59.0101
745.5347	72.549774
722.85187	48.569687
747.1504	41.81574
727.14526	54.808483
725.1618	32.75073
752.27576	59.77724
714.6228	57.382915
738.3563	44.15816
737.69806	65.26585
711.64655	46.262367
750.0975	50.52967
721.19525	64.36224
731.8137	41.790916
746.1301	62.66148
732.95715	47.657814
744.2541	35.07831
728.4268	65.56541
718.9488	42.2017
741.6066	56.179436
715.3533	66.82262
736.1002	29.982178
727.43616	72.2646
157.43387	482.37247
172.05331	482.52695
157.62267	495.64224
164.39119	478.14545
172.37561	489.95395
163.48306	484.74844
172.08725	474.24893
167.4498	490.8273
156.67102	473.63956
179.03876	487.61246
152.77127	490.20996
166.3523	471.27734
172.26305	496.19882
150.22064	481.181
178.1173	478.0895
162.97133	495.67734
441.85245	363.71274
461.10782	382.42224
438.2418	387.6042
457.8979	374.5637
448.88885	385.35535
432.0187	372.0302
452.83163	379.27353
443.19354	379.03934
448.02106	366.9234
458.56525	389.0066
447.85016	372.19473
456.4445	367.42697
448.73853	393.34952
436.1559	366.08224
464.0167	378.0698
435.9655	393.2082
455.73486	361.1905
456.17505	394.32883
438.0123	380.7312
469.00015	374.48114
443.45932	395.95404
444.96222	357.30902
467.4289	385.48367
432.01456	379.82196
464.6796	366.5755
524.49084	384.62567
518.92773	372.9566
527.12994	379.1005
505.85083	385.872
521.2026	359.46896
529.3772	394.28925
519.49097	380.88727
535.8979	367.2143
517.7724	388.20782
515.3562	364.6039
537.9543	381.16348
510.31256	380.47427
531.9176	362.24677
524.7987	390.8332
504.3786	368.81445
535.29364	376.17648
511.18848	391.96902
525.2872	367.27762
536.7761	388.99402
506.9262	376.2258
530.58246	372.35596
517.69244	395.11035
509.5766	364.99008
662.8263	382.1938
647.4035	380.18045
659.6554	366.53644
656.9955	388.10913
639.7027	375.76828
661.29663	375.60596
648.19946	389.1695
652.7567	372.55823
671.39325	387.8333
640.0827	382.64163
659.43286	361.03412
654.0182	380.06784
643.8495	368.57895
671.0174	373.64166
643.5147	392.69397
652.59705	363.23492
663.7701	390.49377
648.21814	374.29633
667.88904	367.6632
653.5923	395.1192
647.25555	364.24945
670.536	381.42426
