392.37546	380.0796
392.3957	387.98065
399.96515	380.51068
407.2094	381.39764
384.84897	378.46173
402.73935	374.05643
389.5529	394.79343
387.2713	372.60773
402.2496	388.6789
370.55814	390.3247
396.99063	367.641
397.5387	391.81427
379.8314	370.66467
410.6203	371.44513
381.81192	388.38623
388.86688	365.08282
407.2178	396.17035
381.11224	383.24634
406.38226	365.4696
393.9103	400.44022
382.30286	364.5259
411.1679	390.9375
382.08487	394.7787
395.79562	359.89206
400.4565	401.2769
376.0716	377.39365
413.0411	383.54413
385.4988	401.73853
560.34656	378.7689
565.773	384.61816
554.96545	383.61444
567.4841	373.8499
570.0519	392.5436
553.23596	376.8607
571.29944	380.98755
557.79193	389.9443
556.9286	368.69455
574.35425	390.2729
546.4935	384.0398
571.3703	369.54398
558.79645	398.29672
549.86316	370.38754
577.3701	384.20615
548.53876	389.72003
562.86017	364.88727
565.09766	395.72488
545.9889	377.4488
578.3667	377.24725
550.09644	395.3227
625.24054	376.812
627.71204	386.35846
620.5598	381.60236
633.14264	377.17722
626.41077	394.75482
614.10095	374.7597
636.72864	383.72272
618.9015	388.52795
623.89197	368.97174
632.91003	393.23108
613.30774	381.4743
639.8837	375.51093
620.67523	395.09772
618.79065	370.43
639.096	389.6722
612.2303	388.26978
631.49475	369.4157
170.05888	178.7764
175.45428	169.62796
180.30045	161.8636
156.44821	184.0355
173.01657	162.77151
177.8618	173.15234
166.9067	169.28642
187.56894	169.72021
164.97197	183.17152
169.26407	156.73997
184.77658	176.23831
151.83919	171.89026
174.59354	152.03195
183.21086	186.25662
155.85178	163.51431
185.78682	158.43515
171.49892	187.67267
162.7371	151.90594
189.1155	180.50693
160.53326	176.42674
181.7615	152.81543
176.17566	180.31131
161.40176	159.18924
192.6498	162.94035
166.41681	472.30646
173.06567	457.7837
184.1847	475.9874
172.70877	469.3268
182.45319	461.62946
173.48929	475.60516
166.03586	460.12802
186.62798	468.13892
160.35129	471.8479
179.01337	454.72784
175.99594	480.9017
162.35793	464.5664
178.91232	467.82193
166.09785	479.67487
169.57523	453.63184
479.7145	88.69746
457.0731	70.31185
491.59448	75.56981
487.98843	70.52646
474.25717	72.83086
495.7469	89.23975
472.92978	94.98247
485.22076	62.810474
481.20792	105.6547
468.34366	70.92251
469.70703	82.25683
468.84528	103.16756
477.6332	79.25021
478.15167	95.46325
463.06454	91.817505
499.20255	78.42215
493.4322	106.802
449.80777	75.934456
502.948	71.11641
460.84195	100.36847
473.2851	61.40327
490.72015	91.89126
464.37524	80.663795
499.0211	62.973175
471.83356	109.47589
461.723	63.830822
503.2989	83.56297
456.73584	83.143585
493.43433	59.742714
492.1927	100.255196
827.77625	380.41742
844.3039	380.76373
831.6297	388.53375
832.26135	374.961
843.09607	388.99564
822.69305	384.2082
841.3265	374.99606
837.4925	392.46503
825.06525	373.57092
838.1649	383.29608
826.49774	391.48883
835.96277	371.26678
175.29163	62.2253
169.2054	55.218742
177.78207	45.575916
177.79726	68.82747
165.83664	45.480812
185.05753	59.682556
163.96362	59.79055
182.6502	41.070892
168.33461	79.9656
156.66794	54.852764
187.98325	48.598175
166.42911	67.54494
177.8805	55.054688
177.8655	80.58523
155.1539	61.53313
190.9668	42.12243
178.36862	73.999664
150.31113	48.31343
197.68321	66.005394
157.46071	74.47435
169.28613	48.91164
189.0212	75.7883
158.7811	44.797565
193.38931	55.698486
162.14514	77.02363
167.04312	37.914974
189.35684	68.18638
156.09909	67.597984
878.40076	373.1313
876.64795	386.9332
865.474	379.21906
877.88104	381.3145
865.7878	390.682
872.4821	374.39038
880.4798	392.20087
867.05554	384.7237
885.0449	375.73593
872.52344	391.40485
866.8449	371.96176
885.72296	384.7657
777.34753	384.38483
791.63446	378.73767
792.3787	393.1893
776.1464	378.6815
800.8602	381.07288
785.4738	394.1506
785.53235	370.9102
799.6328	389.6308
785.3984	380.3777
799.13947	373.80026
786.59656	386.931
779.7351	372.42474
794.4379	385.1867
777.32947	390.82852
791.2699	371.7768
489.71054	387.4046
474.72064	376.77985
494.60196	380.2061
477.30478	384.77878
487.2644	375.10107
499.8134	390.32742
462.97363	383.38596
488.1259	361.1062
485.48486	396.21658
470.86115	369.5765
497.9601	385.08957
472.63144	383.34174
483.3226	366.12027
496.13907	396.56512
468.40714	390.06525
493.21713	369.57083
477.6459	392.5793
477.25864	364.25845
502.2334	377.4421
468.1207	397.21484
485.75497	383.34167
489.97803	400.0998
467.7425	376.15417
497.27808	373.3941
480.43182	400.07568
678.8977	369.15167
689.3261	386.34433
674.2503	385.05133
689.0595	369.1633
683.1734	392.27832
669.98737	378.3078
683.7216	382.03775
675.8368	395.55478
684.3144	373.62222
689.60284	394.00824
677.2086	378.42654
692.49084	376.12473
677.33545	389.3055
672.50183	371.38983
695.39435	385.17432
669.03094	387.63284
799.126	47.240837
787.93665	56.178444
779.7518	45.01956
781.55426	52.942566
779.0385	78.65445
771.63116	40.63817
795.4657	73.311966
777.06024	58.81208
807.87103	47.63166
790.6736	64.28115
770.67615	49.33755
798.67816	65.72035
781.02124	65.34289
787.8625	48.242817
790.53845	75.23557
770.03107	56.67858
797.6381	54.607433
769.7849	74.81646
781.18286	35.96414
805.7007	64.93439
761.97076	67.399796
795.88806	41.87173
780.6547	71.15321
763.2171	48.245426
802.6725	58.298615
770.64453	64.41776
789.56354	36.798607
173.14038	407.62924
169.94292	398.88364
185.94508	395.70914
170.91685	416.77133
163.73343	389.98785
184.77286	404.08612
167.56625	407.13007
175.56183	385.54938
177.882	413.08575
163.51987	397.38815
177.24951	403.0048
164.01216	411.9909
171.92412	390.93973
184.12071	410.61646
159.76068	403.06403
179.26897	396.2361
173.46461	540.67596
165.90033	522.8542
182.20805	529.1786
166.33046	537.204
178.10954	520.226
179.63258	542.5652
169.17314	529.7975
186.36433	525.94226
168.10757	545.9002
170.4349	517.69714
185.22403	536.94446
160.93385	533.34314
174.18161	526.96436
176.94069	534.12524
160.89282	526.08136
736.1451	381.13123
731.9043	389.81403
734.97174	372.47668
742.3942	382.1459
721.87	384.87314
743.7653	375.65594
740.37573	387.72485
721.3899	377.42728
748.82526	388.16577
726.89746	387.49884
740.1294	368.95282
742.5648	394.2197
730.43396	378.2092
749.14233	378.37402
731.2162	395.76544
728.91125	370.07297
181.45224	339.58295
158.17793	329.25293
180.74179	319.57404
167.77905	333.6451
162.07729	324.25256
177.53954	334.06705
164.30583	344.86816
176.10046	327.7177
182.46371	345.5267
170.08022	328.51346
187.27646	324.71143
170.74727	342.04422
168.411	317.7807
185.6182	332.8885
160.12585	338.8757
174.83855	319.22958
174.91449	345.84952
157.63194	253.34058
177.73984	253.65323
169.10971	263.1537
171.68477	255.67264
184.11656	268.9416
159.54317	260.76743
181.8286	245.31735
172.7994	267.80914
165.84763	250.42424
180.85995	258.8096
163.62108	269.19586
174.50401	243.98381
179.35716	267.85516
166.46967	255.61987
187.94746	254.94186
170.56093	274.41544
166.6122	244.10825
187.34721	260.95755
