169.53958	408.63715
162.09427	409.16287
171.54393	398.14264
172.31732	415.56982
165.78157	401.6835
177.63742	400.6421
161.70377	415.99164
157.16624	393.64218
176.16377	409.19794
154.49507	411.5586
168.89206	392.28854
169.88602	421.32422
156.74188	400.4953
182.52109	404.86633
157.92787	420.0726
163.53185	392.80472
180.53632	413.96802
152.15811	405.2249
176.8516	393.7371
714.2741	380.43307
709.55005	370.89825
719.56006	376.14478
707.8142	379.81604
718.5791	368.85336
719.814	384.4111
703.1462	374.9727
724.68695	368.80295
708.9029	388.77863
706.0702	364.2236
725.99524	382.04962
699.0837	379.60092
719.68713	362.7719
716.2897	390.1437
699.10944	369.08054
726.7928	374.22153
703.9558	385.20825
712.0361	362.86334
733.5835	51.351402
726.12537	55.52227
728.8019	45.723442
738.9516	61.03245
720.64575	42.254715
738.5299	37.37099
720.73065	52.090954
741.7567	32.511475
736.2755	69.743355
712.386	39.084312
739.1251	46.85937
717.24426	60.166924
722.58234	36.89774
746.5126	58.371357
712.95496	55.278908
740.59955	27.733463
726.28406	66.547386
717.15485	33.9828
750.5448	48.298798
720.1615	66.03487
731.33484	33.266567
744.706	64.369644
714.72235	48.41268
745.68396	41.030724
731.4004	57.304638
725.12573	29.071316
744.3082	52.070198
753.16833	377.89304
758.2227	373.56378
760.5437	380.82288
750.215	371.84128
765.49646	373.42584
753.0027	385.94385
756.6439	365.99115
765.9237	384.41516
745.1773	375.07892
768.5272	368.2126
759.91846	387.99542
750.2768	364.04193
770.4832	378.32635
747.0675	383.25928
762.7201	364.44684
167.35283	335.37112
164.41751	328.2848
185.20486	324.51645
164.42615	341.49017
162.5693	318.98956
175.57292	334.32388
155.71887	331.14236
171.52168	325.40134
175.44531	341.26065
154.55486	315.7952
177.44897	328.1181
153.04237	345.08688
172.70789	318.4024
181.47379	341.32098
148.85342	329.3104
177.45964	317.30188
159.89954	347.73828
161.84529	314.58267
183.90555	333.9748
158.49617	337.3637
169.48392	312.2751
168.53465	347.15494
154.2962	323.14096
462.5895	68.86678
455.9857	73.770996
440.9406	58.4851
446.96857	80.990486
440.4937	72.907135
464.49692	59.452038
448.77228	95.386894
423.9265	65.9709
464.45743	76.76357
423.5869	84.29107
448.08896	65.56693
458.4192	97.684906
435.9315	67.82054
475.10287	77.476456
434.7504	100.75756
443.82407	52.315815
471.1814	86.60268
436.3983	89.08922
453.5257	60.124672
452.34662	87.36747
429.52765	77.886215
461.1918	85.44899
442.54312	83.09841
457.6486	50.988884
460.8287	90.662766
434.15097	80.02819
471.8358	70.50547
447.54092	100.28489
432.94913	61.128273
735.8307	124.95125
722.03394	126.06753
733.4058	116.54695
733.9889	131.47295
720.9953	115.48971
740.3604	118.552956
726.17834	132.2067
730.4944	110.408646
742.27136	126.041115
720.01465	120.74573
738.6798	110.8954
729.0005	124.46448
725.5032	112.31233
456.67953	375.7297
442.0603	381.31244
449.2754	367.68045
448.50146	377.1195
441.38004	374.10452
454.817	369.3581
449.53183	388.92014
442.50336	361.77606
462.20328	383.4915
430.61835	384.1529
458.05453	359.42178
454.68213	383.22803
437.95	369.11835
463.0713	370.85565
437.48062	393.64108
446.68115	356.95444
462.5814	390.28546
432.04053	376.5479
466.29535	364.43124
445.12848	394.1419
435.9853	361.48447
467.4904	381.4992
439.34985	385.49597
451.83447	360.1109
455.59164	393.85577
431.19507	368.57156
468.65698	372.60934
166.34546	61.597504
165.97585	45.612095
177.11984	58.96645
161.17227	55.168194
173.85263	44.66334
170.70831	53.585236
164.51718	36.8286
182.77104	54.5945
154.55273	57.449013
171.28543	36.216805
173.43826	68.26632
154.45761	48.229767
179.78925	46.717064
158.06555	62.354156
153.46681	38.08123
188.79813	52.835533
146.84354	55.633587
174.74425	30.627949
170.12889	74.22772
151.1891	42.336235
187.9173	43.555584
155.69345	68.58182
164.49702	31.496256
179.79858	64.987625
148.93568	47.99437
179.82037	37.535683
163.96452	68.309845
158.39525	32.46183
173.00424	153.90964
167.69423	155.63882
165.70682	137.92676
173.50813	158.79514
168.74365	146.75821
175.85568	138.9205
156.9415	153.30927
160.57701	135.69968
180.25975	162.92943
150.8199	151.29163
179.79155	130.9346
162.93814	159.19823
148.8187	146.97723
180.51279	150.63776
156.00746	164.83562
168.53384	133.54642
174.46928	166.54707
160.65656	147.47653
180.15073	144.15494
161.40271	167.96504
152.95819	136.53485
188.6596	155.77774
148.93033	158.23274
173.78833	132.23038
166.8215	167.7079
145.0058	141.6889
187.80806	142.94473
515.8394	383.48206
511.989	373.8552
535.51056	381.30365
520.9133	377.54178
528.1341	361.90137
523.71094	385.36407
520.7826	369.1336
533.0864	369.2603
509.7172	379.47244
527.39294	371.93726
529.32654	379.78473
505.71478	369.4696
538.26794	365.3632
519.4269	391.76126
513.0786	359.7047
541.1444	381.54562
505.34863	383.24493
523.35425	357.10516
528.582	391.31387
507.97525	363.60648
539.9885	374.22433
510.2018	389.90228
518.3152	361.94534
533.6118	388.5716
501.1854	374.49768
534.23987	361.67358
523.7894	396.4894
786.5344	367.0058
802.0455	377.55734
786.1279	383.41428
797.9284	370.03452
800.33167	385.5017
789.52625	372.47824
805.8478	371.71268
793.3923	379.86667
792.83856	365.39838
807.2359	380.87955
785.81934	377.12604
801.7011	364.88248
794.01605	386.17987
652.0104	371.63586
660.32495	375.29324
651.99255	386.3053
663.2729	367.85086
662.3349	381.12543
647.1993	374.89618
669.0986	369.63293
654.01624	379.37128
651.64154	359.51456
667.79926	384.22342
643.62555	385.96878
661.3644	360.62305
661.4368	393.04248
642.25574	370.99683
674.9872	371.97064
650.69946	392.23416
655.0706	364.41956
672.9611	384.9924
644.2346	379.70367
668.1715	360.89017
658.4731	386.89532
644.6485	363.0683
669.173	375.95035
159.96127	246.8094
163.15553	235.70879
171.6305	249.70975
166.54541	243.08794
185.61992	236.27837
162.70644	252.04155
160.76096	230.1132
182.15244	241.85373
144.31502	249.81303
179.00703	230.00114
171.92702	256.53403
157.05576	238.35893
169.59622	236.11008
158.36354	258.94888
167.99718	227.44577
185.37668	252.5925
152.24123	245.755
176.93672	238.83354
166.62758	261.23254
159.0591	223.59543
179.85638	250.09787
154.09616	254.00378
173.61482	227.1344
177.99117	259.9029
149.1512	237.9357
603.63434	368.5949
589.1915	385.24185
585.7235	366.40472
603.8881	385.8609
579.41614	376.9298
600.4406	360.71503
596.45685	385.83252
580.5355	370.0633
600.70953	373.9632
585.0812	381.79462
593.8534	371.05637
598.31885	379.79007
586.9977	373.16595
605.8741	361.89072
589.712	392.6457
580.91235	360.58286
609.2619	380.18854
575.1273	381.8204
594.70496	358.6107
597.6842	394.0029
575.2279	372.2133
608.6984	373.7069
581.99915	388.60928
589.08044	359.35052
605.4017	390.22217
363.89795	381.75446
382.01392	369.29474
373.24457	380.02856
366.5157	372.90143
380.2337	377.89288
357.3702	387.92303
375.23703	371.29645
380.5314	385.10486
358.13278	368.398
386.7746	372.2193
368.66376	389.7243
368.68063	364.53607
390.40225	384.24042
359.34354	375.1479
375.84396	362.9228
372.72458	385.72772
360.6073	362.47717
394.46832	370.12555
362.38068	393.24582
373.33893	355.00754
386.61655	389.57803
352.5634	373.66495
389.2918	363.38104
375.2409	396.4015
364.94644	357.55066
392.10217	376.8558
357.50415	381.47897
383.1459	358.4484
379.39697	391.21567
156.47859	523.2694
171.52505	531.1752
162.93196	539.60956
166.20395	528.92676
173.91324	536.7628
157.25284	535.4159
174.98822	522.03827
167.32094	542.7393
162.23105	520.40924
180.0968	535.2677
155.25055	542.20215
168.62456	520.4928
172.03001	543.6166
159.14249	529.52844
178.82707	527.21893
165.92178	477.46362
161.59335	457.29208
181.04924	482.26675
155.30208	476.07416
178.9763	461.60922
172.58107	483.82715
154.03784	469.3181
179.68048	473.5197
160.7537	485.2491
166.40338	463.35516
173.26973	476.23553
162.47435	469.42563
179.1539	467.75943
166.10979	487.29028
155.90012	462.72696
169.17119	470.73575
156.08394	480.99005
171.4267	459.69806
