563.72754	379.30234
570.50146	385.14532
572.92194	376.90103
575.1486	383.46667
558.9457	383.14264
579.3855	376.72678
566.7923	393.67554
565.7177	366.46063
583.5147	392.25375
554.8676	387.6982
577.1265	365.44806
574.3657	398.94128
558.4366	374.89984
586.0839	381.04025
559.5111	393.12128
571.71796	370.29703
575.7438	393.3237
553.63196	380.2574
585.0392	373.37247
564.8682	399.047
559.6632	369.576
587.24963	386.25006
172.83618	274.21875
171.83841	266.81488
179.35095	271.83148
162.80522	265.18488
185.09119	268.28342
163.00446	276.4402
167.97458	260.94037
183.28395	279.61008
154.9271	276.01984
177.0267	254.90076
174.959	285.39117
159.03886	257.851
190.01135	263.41132
165.24216	283.75745
175.0682	260.58997
182.85242	285.6765
157.39758	267.30515
183.23004	258.83676
169.86075	279.60483
169.88527	253.7677
188.6765	275.27753
830.84064	386.67694
838.5623	378.4809
838.44727	385.1958
829.2586	380.32806
845.2401	379.74548
831.8993	393.19162
833.6127	372.15436
845.53937	387.04614
823.5955	383.88605
840.71014	372.0882
839.6828	392.49847
826.56445	374.5905
753.78455	382.57782
744.4347	385.62875
744.47925	379.35443
750.31616	388.38785
735.34314	382.2713
754.7394	373.91968
741.0559	393.3096
743.866	372.0832
758.5912	388.9367
735.94885	388.5104
749.0321	370.85437
748.54675	394.05106
738.448	373.0772
759.49866	379.4486
166.87044	349.2794
175.27322	339.43802
171.7801	355.7863
173.32121	346.06268
181.11665	348.9789
174.17758	362.26004
165.20938	341.2775
179.28238	355.38498
161.73409	357.8273
181.08905	337.83545
181.12514	362.3446
157.70389	347.77844
187.7617	345.20117
168.3719	364.512
165.65207	335.59433
186.69943	355.45337
161.91612	352.00323
796.0528	371.82474
795.2888	385.11295
784.3129	376.03595
799.94	380.1441
784.6315	391.32196
791.9679	378.57297
798.6837	391.79047
780.9885	384.10373
802.3782	375.007
791.52136	393.01736
789.25977	371.19977
805.03455	387.47797
787.5458	384.38828
872.70984	375.89172
877.1536	387.64575
865.28253	379.0005
880.30695	380.1771
864.999	389.18097
867.3906	373.12103
882.7959	386.52533
866.98846	383.98016
878.5285	373.83926
871.8919	391.44623
693.2311	374.67828
699.49066	385.704
692.8851	383.7463
698.0143	377.79147
705.7711	393.16467
686.0226	380.81445
707.8269	374.58188
694.71155	396.92212
691.7648	369.3767
708.9103	387.5461
682.6944	385.30185
701.20184	369.83255
696.9036	391.967
683.55457	374.9487
705.55255	379.53323
687.4308	391.12515
478.29272	78.628914
472.42545	91.51134
480.74164	87.30573
490.2977	81.29977
493.38126	87.686386
456.42047	77.98302
497.94498	89.03726
471.51318	98.38561
486.10684	55.03897
487.31778	92.51528
453.78418	72.88234
496.2422	76.970634
459.7177	86.517975
468.8047	57.83143
497.90616	101.252945
450.84375	80.50265
493.7478	71.26938
485.64038	108.68314
482.83832	68.39827
479.40317	73.04489
463.1435	104.6229
505.19107	67.31119
480.98218	101.23866
469.41528	75.43324
505.26147	76.56211
473.9016	104.54071
465.51382	69.99862
491.78632	96.627914
456.28833	96.504776
475.6706	65.834305
178.24037	551.31537
161.6052	537.32117
181.94667	540.2445
165.05637	550.7835
172.23709	537.12115
184.01018	547.63324
168.69572	540.93463
183.16145	533.4075
172.15382	551.1526
165.86029	529.9112
177.9192	544.5837
162.84766	545.1545
176.01794	530.8502
174.73361	424.40292
169.13882	418.47208
179.36588	418.09937
166.79025	430.2072
167.53725	408.30112
183.49162	426.9953
165.3445	424.71295
177.24919	412.12848
172.09438	434.56073
164.37334	412.99457
186.9283	420.6359
160.20865	426.42047
175.82494	405.3136
179.57964	431.95197
159.68494	419.07
186.98367	414.11685
639.22125	385.4948
634.40027	369.7595
644.45435	383.2318
627.79944	386.3122
642.91534	372.64008
643.4588	390.70035
630.11096	377.29382
646.57263	379.19113
634.09283	390.1906
635.7432	380.07266
649.3729	393.39398
621.9866	383.20462
650.175	372.4284
638.3827	397.5618
626.2069	373.53314
652.223	383.1169
629.94183	395.59088
640.0089	366.78204
171.60704	55.9289
163.98013	58.150482
178.53285	54.998646
166.23576	78.8462
174.20328	48.91329
178.39737	63.502483
163.0098	73.621796
183.36409	47.016396
185.37784	68.25102
161.25656	46.567165
186.77983	54.073914
169.3478	69.41601
168.26373	44.62107
186.47438	75.65802
157.0304	52.835854
192.07779	47.371635
172.0119	83.25557
154.0352	40.00433
194.83162	62.503693
161.347	62.6891
184.4981	40.758022
177.68599	72.773285
150.99417	59.951508
190.81151	58.085438
157.19586	72.76314
171.67068	36.2351
191.16678	69.01059
154.22923	65.45141
497.09625	377.6533
495.21442	392.34326
477.4934	373.9907
502.85864	386.73343
474.27838	394.64264
486.97272	383.2933
501.7094	398.14896
483.41025	371.06277
506.85825	370.3681
488.07568	389.01984
488.98145	363.04868
492.10635	380.57953
480.32925	389.17935
500.33966	363.58746
492.42032	400.5378
474.65698	380.55884
503.6937	375.71298
481.58627	398.04865
489.36407	371.0504
507.7426	391.00604
471.6623	387.25604
495.75635	369.93604
486.88144	396.22473
474.99634	367.4266
509.42075	382.34805
158.9179	185.46793
164.28683	165.85883
183.42496	186.76634
170.14069	154.72957
188.89456	163.19144
165.73148	184.39171
178.41301	157.98361
178.22548	179.44577
170.27673	175.52257
185.82579	172.32915
170.23502	166.97218
158.96695	160.63947
177.8133	169.82132
159.80313	191.93172
183.18515	164.0653
188.57364	183.87979
162.25098	175.68445
186.13988	156.58582
170.37389	191.29007
160.33046	153.85106
192.3186	174.75166
157.51161	176.84511
177.9818	151.40274
176.9907	186.35374
154.45532	170.06361
415.60077	389.6872
393.46347	385.06992
398.6751	378.44208
394.3569	391.44562
390.1444	380.57007
399.83353	371.79608
396.40332	403.43842
387.36414	372.20175
408.76105	375.93707
385.48904	390.1845
404.49115	362.19928
402.74765	397.01132
377.37442	377.04846
415.84033	362.89874
391.59067	397.1564
391.14685	362.79205
404.62082	386.65344
377.86005	393.90192
393.69507	359.4422
412.1775	400.3316
380.62363	370.9229
413.85834	378.5234
382.5552	394.85007
393.61066	371.57324
411.90405	393.9333
374.29175	387.5755
407.83954	368.15875
400.9894	407.2617
383.78842	364.93445
419.04483	380.8753
160.68375	488.87085
176.26859	476.72568
181.1993	492.00943
162.38588	482.22345
176.14442	485.0883
170.95018	493.28964
171.31598	472.8393
184.08702	487.61157
169.34048	484.14966
181.5255	472.45148
176.14954	494.83115
163.74188	475.57
183.20607	479.6162
165.1965	495.7068
794.3017	54.932495
794.0785	63.94407
777.4713	65.62588
797.4488	44.385384
774.4513	51.483246
786.88806	53.257244
807.7957	65.360985
776.71906	71.053375
784.34784	47.817024
784.8571	78.387634
762.9743	61.128
800.7553	64.4787
768.4444	75.8788
784.37964	42.5036
795.71625	74.32637
777.56506	57.426537
797.31146	38.169605
786.52765	71.72275
761.06433	49.361557
798.9694	51.821728
765.60364	69.71305
781.5269	33.18015
783.1173	58.61903
771.9873	42.650642
804.444	52.367615
782.9684	65.77077
777.96844	42.96284
