800.4557	372.51654
797.0041	379.5735
794.28754	369.50043
802.8761	383.03693
790.0282	375.48764
807.55237	370.43982
790.26984	383.75812
791.36395	364.42776
807.5964	378.20627
784.8112	379.91016
800.34393	364.26102
797.3456	387.66666
784.70154	370.58954
399.87662	370.56464
387.99445	379.74335
395.0701	369.7934
398.2978	383.00928
392.06473	375.8208
405.5591	367.1042
394.67975	392.64014
379.92612	365.6189
407.37247	371.3725
389.8559	386.18597
387.8223	355.57224
399.49042	389.21796
385.8661	374.58304
416.86115	372.99747
383.77875	391.92865
390.7	364.40244
412.3602	384.68924
375.28763	378.78317
404.01224	357.59714
403.97128	395.68445
380.8071	359.6873
416.78018	379.12857
381.62827	383.70898
398.06088	361.5427
407.93814	385.45178
379.55695	372.31335
411.84912	364.07416
471.1391	381.21268
463.39224	360.50668
479.44473	375.2357
458.38394	378.18243
476.3619	368.92517
477.30844	390.863
461.16275	373.04364
489.92056	374.42612
465.3343	382.62674
469.12378	367.58994
478.80646	383.17365
450.0595	375.9438
476.85678	358.38104
470.5944	389.5495
450.98682	367.39825
486.5456	365.8122
460.292	390.45654
469.48834	360.46713
483.7791	390.4536
458.59805	365.68988
481.62955	366.4918
466.16425	394.5722
464.36636	353.25366
488.15057	380.88522
454.71417	383.01465
661.8039	366.58527
663.6974	385.63348
656.5331	374.2348
662.93384	376.69162
646.072	384.5181
656.6264	363.69266
668.475	380.83377
650.8267	378.52795
669.6144	366.43756
656.31836	383.41174
652.2344	370.63788
674.0553	379.54135
642.93243	377.64188
666.7689	360.65338
667.0732	390.72565
646.1964	369.4997
672.4405	371.97684
654.58997	389.1789
650.3854	359.74332
181.59552	489.14185
175.15085	487.1313
179.42271	473.1164
180.66286	497.09058
170.0173	480.4143
187.76425	484.23346
169.40855	494.80634
178.24413	480.0101
186.5482	495.504
165.8547	486.89838
186.83066	477.93915
174.70346	496.01788
170.73396	474.7099
191.50851	490.06186
172.26462	49.08118
189.34106	39.797157
192.85187	47.95671
163.59369	47.538506
176.81032	47.487663
175.91235	57.910393
181.84134	39.589806
183.22888	62.46206
163.3921	39.48603
185.92545	28.238642
183.20993	55.54641
172.06871	36.41457
195.33286	52.564075
163.29129	62.01002
176.42827	26.431778
191.08075	63.00313
157.01859	44.21651
197.83463	36.319878
169.86514	60.758827
170.22412	28.513271
195.67447	57.67232
162.13626	53.92697
182.09557	24.02912
178.88106	67.31688
166.5087	31.819355
195.361	42.440765
534.60486	380.7735
540.85205	367.46234
550.6495	389.0259
535.18964	374.57257
550.6247	366.0733
530.4242	386.30103
532.8002	367.0797
546.22186	379.4801
526.1638	375.13678
543.71204	372.05695
544.7795	391.6162
523.1938	369.3985
550.7035	375.0549
535.9697	390.53528
532.59875	359.90762
554.42316	380.88696
521.97833	381.2546
548.1115	358.3205
541.83496	382.45038
526.66254	363.2795
557.60596	373.26794
525.0227	388.75854
539.6166	360.63196
716.5519	379.11786
702.3077	374.9547
723.6544	366.78214
702.765	385.30423
706.64606	368.68298
713.48486	372.6547
707.1935	378.68
714.31836	361.05927
713.27295	389.6148
698.6273	366.7998
724.363	377.43246
698.4477	385.27603
704.9935	361.8443
721.1271	384.2085
697.47266	376.59293
716.27856	367.09125
710.53156	383.0595
598.728	364.52115
599.6972	380.6244
585.9922	381.55713
606.7854	357.72113
607.04944	382.2724
591.54553	373.01254
606.9717	373.94525
594.2566	383.2149
594.0597	358.2107
616.65326	381.95734
600.2395	372.706
610.8601	369.01898
604.54663	393.07526
588.62933	365.8904
617.5495	374.83282
591.82336	389.3769
605.1261	367.79407
611.49756	387.08658
584.97107	373.37872
616.65393	367.91605
601.52136	386.2173
172.00467	357.51624
180.34079	369.98395
165.51047	370.04388
183.68356	364.30014
181.32266	379.6125
170.15244	362.53973
196.14896	370.20056
176.2457	382.1227
176.06035	352.24545
184.74141	372.64728
176.11069	365.14987
189.3806	359.5655
174.09464	373.69354
163.89912	361.98596
190.14424	369.37656
165.13203	379.11798
182.2178	355.46246
188.8205	382.44644
177.66852	219.32181
188.34502	227.28613
177.7307	230.42683
174.62106	210.70056
182.43721	217.33359
164.0585	220.6846
192.54823	205.65857
181.16008	242.81938
172.0322	227.01828
186.72629	215.47282
164.9248	237.05212
181.70401	207.79337
191.26921	235.64018
160.12204	216.08684
193.59073	216.80222
176.71213	237.97702
168.59282	207.96985
196.1915	227.3092
164.68648	229.1523
178.63913	202.07
182.89674	231.39182
169.57492	214.69083
757.3897	371.32928
753.80255	380.77365
751.67883	368.09332
765.4073	380.56903
748.8761	376.39185
762.5172	365.67142
759.1678	384.0207
746.59894	366.16165
767.79224	375.5634
745.54333	382.0097
755.4625	361.36923
764.66736	387.2583
744.5004	373.03223
768.234	370.2176
751.34094	387.62897
176.14766	280.03317
196.0434	300.5574
165.64798	305.68387
194.94641	289.5814
180.04521	313.65424
172.51837	307.2339
184.92166	291.54614
174.69014	293.9192
167.12993	285.17557
190.8779	307.85
175.34073	288.28864
189.36755	290.2284
175.96048	301.74734
166.54688	292.87396
186.08868	301.29706
168.08455	315.09134
184.24982	284.68283
181.19412	305.1796
160.20924	299.33075
190.3334	298.84238
173.97145	314.88846
174.56357	524.2943
190.00012	538.631
172.40231	533.58704
179.64731	531.7763
181.03928	539.0875
168.19427	528.2812
188.0975	532.8434
170.73015	545.8623
181.16255	523.5536
184.17496	545.76434
167.13612	538.6313
188.39175	526.85095
174.84982	541.00287
166.7074	125.33293
181.99834	140.69023
179.12517	154.06686
188.54161	123.640625
189.13321	148.32748
173.31741	132.10033
197.23267	138.02655
167.22328	153.02715
181.9229	133.93695
188.58072	140.67474
169.4185	140.58708
185.74832	132.77534
177.39267	145.03505
158.50076	131.05093
191.97182	134.15883
162.15251	150.26411
177.4476	123.62079
185.53732	155.09003
165.0578	136.0268
198.5549	130.15073
172.09958	157.9478
172.82825	117.078
193.66902	149.8306
159.5947	139.1041
183.45816	115.89142
834.51746	382.73178
822.5418	368.8071
835.22235	373.2377
825.67957	386.07635
835.4476	365.1835
840.4508	383.76697
828.1205	373.76617
841.6995	369.21277
829.00574	381.33746
828.673	365.44366
841.9507	376.6475
820.7604	377.4559
773.5206	41.492138
779.4872	60.300995
756.0576	51.192356
790.3671	37.701973
770.90454	61.22461
776.09717	30.014278
787.846	46.712543
765.2231	41.650635
787.9137	22.263416
777.66235	47.057476
773.5966	34.75081
787.23724	53.65316
774.85474	53.991474
788.97864	29.969364
792.5662	62.93288
764.8722	50.75818
799.2821	35.7994
781.06824	68.62337
766.39685	34.403923
801.16534	48.843376
760.75665	58.24639
781.8625	35.589157
786.70966	58.32724
759.0917	32.929905
793.7135	45.388546
766.60266	66.200806
489.42667	56.472237
485.35858	81.89242
470.52484	61.17159
475.92593	63.983795
453.79474	78.838554
461.5584	67.44557
497.5938	80.76056
471.0044	81.56725
479.4375	75.7819
487.40665	92.84255
457.26236	91.076126
486.37363	65.94696
477.9262	90.54262
456.31036	63.584053
492.2246	85.3463
473.59634	72.30498
494.03995	49.994015
474.69086	85.31543
460.97534	78.97151
507.71616	68.35924
466.54272	91.35598
473.88483	47.075676
496.6657	103.790695
447.1264	70.46297
494.49307	75.317566
485.4925	102.94252
477.3968	57.153343
508.573	76.62266
458.47412	97.90435
864.50305	369.26434
867.0999	383.2868
854.589	371.11533
872.0072	373.70642
855.98047	383.17532
859.16046	366.84558
872.98956	380.04895
856.5716	376.9859
870.00085	366.7978
861.8307	381.69266
170.11063	571.0968
186.34769	576.4188
174.13428	587.21326
180.14993	571.8018
181.85187	586.9371
170.47122	576.9574
187.98997	570.11804
179.63246	579.776
176.11679	566.673
189.37097	581.6009
168.60825	582.4325
180.70717	423.88565
181.63777	434.31586
165.93134	424.76587
190.90445	427.2167
177.06206	438.09824
172.28856	424.76422
189.38066	438.611
162.2926	431.43292
188.0951	421.84897
175.59117	444.2779
172.4592	416.2984
192.8552	433.89496
167.17015	439.45367
181.74698	416.8941
183.28798	445.38287
171.41519	432.48755
181.74246	429.4357
