730.6041	116.88562
725.87	122.521996
728.3141	107.84479
738.93994	120.79734
720.9196	114.55613
742.66254	107.88296
726.46814	129.1211
721.49414	103.18977
743.29785	118.75069
717.78033	119.92494
735.84705	106.2397
737.7143	125.763306
718.11426	108.79055
742.48737	113.4833
720.2564	125.18071
732.4125	101.37541
169.06061	293.4888
161.71645	286.25262
172.99402	284.31317
164.12346	291.56702
163.54532	281.48193
176.33067	287.06827
160.54517	300.00128
176.72784	275.5296
177.1885	304.31708
150.3552	281.08276
183.52596	277.54935
167.13452	303.54666
161.53152	270.91928
183.32729	294.2165
153.31827	287.66394
172.18411	271.57895
174.25336	297.47668
156.55318	277.34604
182.64401	288.33987
152.98674	293.58722
167.49124	269.2581
752.93567	378.31927
748.41534	373.6833
756.56	372.70117
750.3751	384.6436
746.4746	366.52612
764.2687	375.55478
742.09845	377.01236
757.99054	364.13705
756.6356	385.7738
741.20715	370.59845
763.8445	368.633
743.9105	383.12494
750.993	362.87375
761.7889	382.22226
707.1946	377.5865
715.2801	371.50452
712.49414	377.0302
706.547	367.32785
721.5418	373.92682
711.3897	383.98175
710.53723	365.17487
724.99255	383.67474
700.85706	371.6883
726.3706	368.89984
713.49646	389.45328
714.13245	360.73285
727.25244	376.87567
701.379	380.20856
720.9143	362.0141
718.91187	383.53918
418.97705	77.3439
460.6084	64.4746
435.86288	97.00897
447.00815	63.41408
460.59756	77.94065
447.10605	73.52275
452.98676	71.7012
464.8851	82.161545
430.4973	63.060017
464.64447	95.325264
435.67792	69.68076
482.00397	83.42541
449.22086	85.643036
432.198	55.102837
473.88712	67.64499
447.4914	105.99159
444.1762	48.82313
471.16095	84.2674
428.23346	92.99617
455.02084	64.118454
451.22598	95.151985
423.77353	70.9599
467.35864	71.1627
422.3974	81.74368
444.68515	57.18194
459.4323	96.45729
432.023	84.1958
460.0075	52.828094
442.8161	78.8066
455.18423	52.431324
163.87756	208.7532
158.33556	209.1108
174.13211	201.55612
178.34497	217.95198
164.32019	204.62616
179.51842	213.09492
162.28639	223.14343
175.70993	208.72025
167.76054	220.00357
150.7828	213.61443
171.24265	194.58524
174.05101	231.11345
149.04247	202.85246
186.83069	210.02686
152.83707	222.79219
167.22025	197.8521
178.64989	225.97519
153.3668	206.88477
181.30934	200.65958
164.51724	229.4666
161.88533	196.43396
184.92133	219.60991
157.72862	216.92229
176.90315	112.675705
167.17458	134.4421
153.62779	129.52356
176.702	141.10983
156.72423	149.8737
175.16925	133.79579
169.64995	141.6943
160.30484	129.0712
177.46352	123.80778
154.8591	142.80334
165.56564	120.43553
187.44778	131.52025
148.11925	139.1977
171.29356	123.47599
178.30446	146.77113
148.8012	127.79295
183.20714	127.03987
163.914	144.57861
164.6614	114.20687
185.8563	141.52916
156.77112	135.65845
176.85666	119.14909
170.56088	150.27975
157.2495	117.37456
633.84045	372.72565
609.54504	384.21057
620.8234	367.3631
624.9456	377.89847
609.9998	377.0622
623.0482	373.9135
615.9291	379.84088
612.91956	364.707
636.39246	380.93246
614.62683	372.4472
626.76855	365.30377
624.8492	390.23825
606.442	366.41742
633.3371	365.16687
616.0147	388.02484
617.93933	359.93637
629.07245	385.30463
603.5588	378.0728
626.90955	359.0126
621.5668	383.76605
160.29124	552.7897
175.30354	560.3909
159.18275	563.3541
170.998	553.7175
168.57529	564.6793
162.3374	558.23364
177.50368	553.5307
163.93513	568.4584
166.78857	549.1964
174.31134	568.0959
153.20743	358.3986
169.71959	348.86664
172.86993	358.26633
158.51538	348.67456
175.88925	347.8599
161.9277	359.7721
164.46869	344.74152
179.02623	364.79367
165.48921	353.3003
179.58005	343.9263
169.06375	362.7083
161.73692	338.7216
185.08084	353.51727
155.85486	364.60638
173.56332	338.93933
170.81955	369.79483
151.63547	349.52213
178.88565	354.69052
162.15219	367.74747
160.3997	401.0462
177.6099	426.239
162.3597	418.52374
177.15257	408.96457
172.29893	421.66275
165.44943	410.97495
170.64894	414.9234
158.61258	425.62018
170.29677	398.15228
169.95534	429.23828
152.22195	412.98892
182.38785	412.64203
165.24295	423.92935
159.42744	408.44827
180.75853	418.51138
153.68521	421.5415
171.35257	405.76602
370.8537	376.7845
371.691	370.55438
384.94278	366.41333
360.38068	376.38834
367.04108	364.53485
380.54865	382.3239
357.52963	371.51675
392.71344	367.9971
377.64743	388.22748
364.70917	357.80383
384.3156	377.2464
363.34753	390.24884
378.2963	365.43582
382.4931	394.27924
353.47363	364.45386
396.26447	373.99948
371.7228	382.13147
373.53342	360.93182
393.2752	380.7494
364.04297	383.57806
383.73376	354.4125
370.9946	397.13144
358.47244	359.77838
388.75406	372.44357
353.9025	387.64975
372.8287	353.25735
387.41293	388.45343
353.20108	378.98782
387.97333	361.12592
369.4532	390.93463
666.4355	360.5876
681.8014	383.08026
656.3169	377.35782
671.26605	365.0408
667.3874	380.1225
661.1327	371.94565
677.9718	368.94836
666.5314	388.76907
672.6113	371.53406
673.9247	379.12213
665.93085	374.80722
684.7252	368.78253
671.809	387.21536
659.99097	363.26437
682.9372	376.6381
659.2208	386.0016
675.6782	359.96585
678.4609	387.50308
655.528	370.88596
177.45027	514.74817
162.99797	525.2539
166.20395	517.4447
179.33575	525.4224
155.20996	521.38196
171.62938	513.82947
168.81439	530.00775
160.96593	508.84863
177.1447	520.226
161.11101	531.37335
168.55989	507.71613
174.575	529.2435
158.41214	516.206
740.9872	27.083462
724.45685	53.645935
714.1893	29.65977
747.31506	45.382183
728.1036	40.142807
733.1885	24.888988
739.5402	65.33238
732.4182	34.804222
739.0875	43.49595
718.4953	49.668114
727.6012	48.401424
734.5514	48.58756
718.8723	41.997772
738.09534	34.306328
721.0458	58.887074
722.402	35.352608
751.7536	53.92577
714.14594	58.287975
728.8604	19.581722
735.7344	53.750896
712.5393	35.84379
748.91864	38.239174
729.9997	64.08823
723.09314	27.88924
743.9514	57.49931
711.7805	48.46827
787.49786	364.1941
788.46765	382.49323
775.3344	370.52158
796.41235	372.28247
776.5235	381.13205
784.86426	372.41058
795.3258	381.74182
778.9376	376.1972
792.45294	367.7016
782.9845	385.9966
780.3793	365.3578
789.7785	376.29175
159.22769	475.319
170.64764	461.32397
172.40883	473.66464
161.53067	471.2624
182.44162	471.4087
166.27238	486.0777
166.19383	465.9997
178.8978	476.78705
153.27489	468.90656
177.57089	459.94962
168.07028	477.78775
158.13776	462.12524
175.52164	465.2185
158.68613	480.45932
162.27388	457.6455
175.56955	483.35928
569.6938	375.47638
582.9162	363.57684
563.0361	386.03616
562.3526	358.06818
566.3345	380.8583
551.78015	381.87726
571.40076	361.22632
572.31476	386.61212
551.4858	365.73804
582.3681	371.65768
556.85315	387.08594
566.53357	364.58954
581.9378	378.8659
558.7261	373.6912
576.93756	366.05423
569.84125	393.48456
556.98035	364.10376
575.5038	378.01703
558.742	379.28036
568.1724	370.1721
580.0406	386.25934
552.53485	371.84818
453.45575	369.68604
439.99893	393.58173
439.00592	367.19806
458.18842	374.24103
446.22968	376.95868
448.725	365.28024
447.49176	390.92932
432.34894	364.42548
463.86816	369.63266
437.58505	373.08685
450.5538	374.61115
449.23773	384.43823
431.9854	373.92328
454.8692	359.60803
437.4669	380.73288
435.10165	356.58344
462.91782	380.74188
430.50958	387.86728
450.3482	355.55463
454.20825	391.24896
426.29898	371.22308
459.53442	364.33054
437.2037	387.53488
443.7098	361.66525
457.69745	385.35657
426.6311	379.9256
178.393	32.612427
170.2445	70.793236
163.65714	46.567955
173.21115	43.063473
157.43248	43.54321
166.67258	35.75849
179.9491	63.218403
148.70955	42.734737
178.85052	45.37797
172.2357	58.74303
158.80411	35.7884
178.85216	51.658783
158.92165	55.451923
173.92677	27.66917
164.41336	64.43346
153.04657	36.7091
182.56714	39.0794
155.71988	62.357098
163.82883	26.965322
187.74927	54.986084
143.92073	53.802452
188.46336	36.763382
170.6976	49.519512
152.09741	28.224049
187.15982	46.496113
153.46259	50.333973
168.52878	30.590748
509.56094	380.39188
502.7627	373.82516
515.3133	373.18872
501.63477	379.96893
507.92352	356.39923
516.2767	378.2485
494.93735	375.30243
512.72876	363.96103
508.9798	386.9583
502.52216	367.4223
523.8531	373.3831
499.86768	390.9914
504.79004	362.07663
521.9845	386.49884
489.1159	372.65744
518.7531	365.39478
507.3138	393.05136
495.58487	361.4316
525.0343	380.49445
496.5436	385.46158
518.1894	357.8027
515.5001	390.85492
494.95062	368.7016
523.5509	366.30255
