166.8135	471.70093
160.68755	480.4809
164.6128	458.37964
166.76884	480.0529
159.33441	471.0791
170.08757	467.79385
157.68034	484.78604
159.24991	461.74356
176.90002	475.0578
154.67455	475.1622
169.94023	461.29266
174.3251	481.5229
156.06027	467.0836
178.44577	467.75772
598.29047	383.4645
601.45593	368.32083
604.1824	379.28305
588.61414	374.4855
607.13763	372.3106
605.58997	386.69745
596.78064	374.66458
614.33673	377.31342
591.651	388.65482
608.4165	363.78986
609.3307	391.94135
591.1301	368.4261
613.8139	371.05606
600.8927	391.72128
596.34875	364.49103
616.4356	382.01874
589.9744	383.46582
738.9333	377.55923
739.6383	384.80295
723.046	376.09967
746.6945	375.26743
731.2154	385.30548
734.7092	369.47076
746.0308	387.3721
731.24243	377.5666
746.72034	369.4133
736.12524	389.6823
729.6847	367.3297
746.22675	380.8659
726.1743	384.51566
739.8789	366.57898
779.90814	383.27277
772.5472	375.761
779.55273	373.2464
770.8478	385.35095
772.2913	367.404
784.3026	385.0941
764.54254	378.83362
779.99457	365.96527
775.6859	386.08054
764.7901	370.32813
785.82434	377.9107
765.82404	385.97958
162.0455	204.35452
171.90488	217.33391
163.95885	211.14677
170.59906	207.88309
164.29427	216.34903
156.03642	202.37997
178.81624	219.46555
155.50264	218.55086
172.1325	200.00496
164.29007	223.30457
150.3888	204.15126
178.4618	213.426
154.7362	227.43042
162.51907	197.24727
173.82167	224.16629
151.73721	209.87329
180.92609	203.60985
170.856	229.83159
439.71646	364.43106
441.6938	375.44003
437.1412	387.00574
436.84912	380.78134
444.44244	387.30328
435.3644	369.0168
446.42178	372.89194
435.95468	393.8782
427.5569	367.4326
456.02255	381.16312
426.24005	383.3529
452.45132	363.76984
448.309	393.73923
427.1503	374.44843
450.72778	376.77563
428.33466	390.3968
445.8711	360.8733
452.7881	385.763
430.45428	378.60175
455.95206	372.06143
734.44507	58.757286
719.68854	38.630417
743.34863	41.89806
722.5481	48.44453
726.4354	37.71351
731.43744	64.74595
715.98865	30.579905
737.91266	44.572918
732.81323	48.386772
729.82086	28.181896
741.71155	54.444733
714.6564	43.46508
733.98553	35.4851
748.7357	57.744545
722.9926	27.118582
744.3038	36.23901
727.05646	54.956554
745.57855	32.43173
749.31824	50.16558
717.3553	55.705738
753.3192	37.876328
721.29333	61.752583
738.3267	28.369501
558.4486	380.6778
544.47736	381.23862
551.275	377.50095
553.98535	385.60223
546.97864	370.7161
562.02637	375.73724
546.32825	386.22067
556.58386	367.63412
564.1495	387.49512
539.08655	376.1435
560.73474	370.20807
544.1144	392.57684
543.55804	364.25027
566.4117	377.7162
536.42615	381.95813
552.16907	362.88925
554.0619	391.34393
540.03796	370.47574
744.256	112.5494
724.1471	124.45209
730.92	104.67995
742.71423	129.20193
724.88025	115.645874
735.463	109.7708
737.1288	119.703415
722.37256	107.77452
743.70856	121.55764
720.58875	127.609085
730.84283	116.02144
734.9826	127.746254
718.6216	118.13063
742.2774	105.472244
730.5595	126.7664
692.6461	373.2204
700.108	380.11795
690.0024	379.78653
699.8629	374.39664
695.01465	383.58292
682.82855	373.81747
707.48193	375.0136
684.6166	388.00705
695.45465	363.7911
701.62976	389.27963
682.6894	379.5562
702.33606	368.64044
693.57117	390.06198
687.4898	368.14865
706.4567	382.62555
157.49113	534.5316
169.74193	518.5442
169.45029	528.1896
160.51857	517.7687
174.64291	521.62964
162.42151	526.7497
163.56909	511.15277
171.88481	534.74945
155.93265	524.03845
171.30408	511.34845
163.82205	534.0062
153.51318	518.5104
177.97636	526.9796
158.16862	286.71127
162.82643	279.69434
172.9281	293.1403
149.31015	279.77148
182.91199	275.8276
166.81128	296.67633
160.57657	270.51617
171.96495	278.73846
151.51616	296.17828
169.05867	272.53683
168.11864	284.98883
154.52304	274.70145
176.30563	285.33533
160.38072	292.10327
167.20728	265.01373
179.169	290.41107
147.99124	286.23477
177.1556	271.58032
175.33061	47.659916
143.07346	40.471066
184.51906	51.39248
156.01157	54.440605
155.28712	42.85804
188.2177	57.872375
157.05875	65.19416
163.0055	42.82196
153.45723	72.14569
159.85873	37.340477
169.25131	58.70185
168.03542	50.31582
172.69363	39.891834
161.77707	56.814075
151.5152	46.273968
185.3049	43.669556
162.20738	70.16499
164.76503	33.029026
175.95718	72.207504
146.24777	53.304424
180.06548	36.2363
169.54115	74.8814
151.55688	36.92821
177.44057	60.56673
147.5126	68.56876
177.57687	29.415796
166.8979	65.87084
358.14676	368.66168
383.3498	372.893
372.39996	382.44196
368.9318	368.2319
385.90033	387.78683
361.89395	378.71637
363.33112	374.30188
373.86124	391.59674
351.26727	373.92258
382.8402	379.18256
364.26328	387.23456
374.15765	363.5508
377.32376	385.1982
356.5002	381.02618
386.0347	368.52435
367.85184	398.3996
366.4792	357.70197
392.47217	381.44736
353.80557	390.75845
372.55923	374.23608
382.7584	392.9488
359.0794	363.46274
394.469	369.60602
364.8635	392.462
378.123	357.4323
374.5674	399.90918
350.1957	384.4956
382.65793	362.6847
648.06915	380.98398
641.6151	364.99188
654.8184	379.7111
639.0735	385.41318
651.37225	373.45807
655.86835	386.94208
644.55457	373.98645
660.88635	370.8144
644.9001	391.00647
650.9156	365.2887
662.85645	384.8435
637.42035	379.66086
657.334	364.4643
651.42303	391.20087
637.18494	373.69867
661.48413	377.17868
159.95613	354.41757
163.77568	344.14627
176.48967	361.33804
164.9418	351.1261
171.07404	345.6766
163.76442	360.94794
156.46548	338.65707
176.77132	347.54333
151.87231	355.54312
173.80623	335.12482
169.95186	362.50192
153.21465	343.0066
182.39891	346.62396
156.55002	362.84998
163.54861	336.99042
175.53421	354.31848
149.29204	347.84146
459.3029	71.1026
456.59164	93.48134
453.19302	87.0154
445.5174	67.98886
443.0533	93.622284
454.93976	67.26904
462.24088	84.77514
436.2448	84.93755
442.13574	80.67467
438.77774	100.75176
422.91473	58.90271
471.90283	102.28697
423.61664	82.52327
460.63638	57.14103
471.63403	90.21994
439.54257	48.538464
472.6541	83.083694
430.0167	97.98743
420.669	73.79021
460.9044	103.20647
441.56842	55.66939
467.93555	58.862816
448.2182	102.7303
446.36118	58.252533
468.42456	65.19783
431.68002	81.38114
454.89917	55.292156
455.34604	104.64099
431.74957	71.22068
174.86234	563.0765
164.12479	577.7356
164.06374	557.30115
174.14742	575.447
155.5556	567.71545
167.59293	561.81714
166.51639	572.00214
160.30322	564.5959
171.34503	567.71204
158.83289	574.2572
167.66203	124.00883
167.64499	142.59927
147.61975	135.20833
177.87192	133.71976
163.2146	150.56166
158.71149	126.913475
181.58968	145.80927
154.6287	142.75912
163.19821	135.27107
166.27122	157.75693
155.40671	132.90433
176.15549	143.57181
157.69066	156.47548
162.11699	140.2836
172.93158	154.20247
152.5036	153.18051
177.2775	126.414406
170.09053	148.55765
170.96457	132.72966
174.19876	415.70102
152.17395	416.35944
167.97401	415.50787
172.36595	425.01373
156.69046	411.61807
168.6474	405.70804
163.49686	421.0446
162.25201	404.39825
179.8027	416.92694
161.94014	415.6945
174.83061	402.3173
164.8849	428.33984
153.90405	406.98492
178.40674	410.50897
153.76297	423.47208
163.51244	399.21234
504.1103	385.54462
488.69516	382.7029
503.777	371.13672
494.33667	392.86047
493.40366	374.80222
509.72455	376.52414
495.2313	383.04633
499.29825	361.67627
505.49023	391.9705
484.83627	373.68976
499.14233	377.75415
484.7102	386.65118
493.5246	367.35065
511.45444	383.48022
481.6202	378.5769
505.35367	365.51175
497.8449	388.2095
487.23517	366.09695
512.6958	372.70837
