167.88713	577.0189
163.91986	582.3059
171.22415	569.49866
171.04536	588.6688
156.43947	575.33167
175.37431	575.5232
163.947	588.4608
162.88326	570.43353
174.63925	582.28516
157.90398	582.47144
608.0942	370.5739
615.2843	380.70157
602.9176	371.30557
613.7408	374.49982
607.4457	385.46985
607.5138	364.59613
623.3312	385.52594
602.5785	380.1253
622.14685	368.10727
608.1405	391.50818
600.84705	363.1697
622.21484	379.1727
597.8601	383.38593
614.7333	363.91815
614.63214	387.5224
597.18585	374.20596
623.83044	373.22427
162.82219	539.79095
168.98483	532.9807
176.47368	537.80444
160.22627	534.99493
171.4581	524.0231
167.59384	544.19525
158.55844	528.0753
180.67673	542.203
156.18887	543.2416
164.76486	524.4006
172.63623	546.35266
153.8417	534.28174
174.23203	530.2833
163.12906	547.42664
160.59848	357.36346
170.9972	370.04297
165.34792	372.51984
168.32883	364.33624
172.37738	383.2534
159.89474	363.16565
174.33585	361.77368
160.91975	377.33014
163.66922	349.1983
178.72409	373.13327
153.21141	369.72263
178.45099	356.6021
168.62372	376.92288
152.7168	360.0965
181.55618	363.90964
155.41092	375.9252
169.83028	354.33185
663.00726	379.23187
652.3647	371.30884
656.8017	377.2458
651.36017	382.66104
650.6355	363.65854
669.1212	380.15924
647.06244	377.66318
662.0718	364.39856
659.5925	386.19818
644.6437	370.05923
668.1879	373.4385
645.1825	386.1592
656.21844	364.98187
665.20245	389.9441
641.5621	375.89883
668.30524	368.3045
654.88226	390.58652
442.38812	369.95178
444.19327	377.98346
437.3152	383.25467
449.04874	365.0782
453.52338	388.08453
430.06622	371.81464
452.99545	373.9184
437.66495	393.69647
435.5079	368.71814
448.14917	384.10602
433.3024	377.72897
452.71957	359.4331
442.19098	389.17664
430.38483	365.44583
460.82294	377.5696
432.9917	386.64444
442.44174	357.79608
459.84073	386.66052
424.7437	370.2696
456.8103	366.3198
448.94525	392.55548
437.38174	362.08377
455.00018	379.0831
425.0703	384.88818
380.61053	366.67468
374.94968	379.12476
367.16415	372.97607
374.93097	372.4065
364.3285	389.37726
369.81024	365.57703
382.1595	385.62225
359.59796	377.00543
377.70703	360.6243
368.46747	395.003
357.9095	359.59442
389.3202	383.91425
368.755	383.37262
374.68692	352.94672
374.82846	386.10526
354.39435	370.87183
390.93967	369.88553
373.36932	398.34137
365.76572	358.24835
396.27432	376.48987
353.67374	386.21063
385.40958	366.9202
377.63437	390.84918
359.26938	367.57404
383.861	376.0185
358.3522	392.0031
371.30402	359.03583
383.82425	394.75153
353.27713	380.29437
176.48984	425.181
165.44226	439.03677
158.5344	410.48544
178.28206	429.2228
158.37253	432.63177
171.1594	422.5228
165.3709	426.70392
160.57796	419.91913
178.45137	416.9821
158.3028	439.6788
162.95105	415.27936
177.34836	436.19492
158.22739	427.59067
172.99028	413.31943
170.8285	434.80585
152.67493	420.47186
170.40903	142.8505
162.43854	158.03275
169.65576	152.07585
177.1387	149.89932
155.01453	140.58995
160.59949	133.00854
159.09818	145.99217
164.59494	140.68962
182.25546	145.45226
154.71927	157.06192
182.52005	130.92996
169.99533	166.39894
147.60428	139.95982
185.03714	140.7641
159.16425	164.11067
165.405	125.955185
176.65741	161.89316
152.34186	149.22311
176.33228	137.65848
171.34982	158.57173
152.97275	131.18625
184.6795	155.14465
148.96072	161.96732
170.65848	129.4183
507.08487	374.68436
487.22763	369.9655
520.98065	373.44672
500.19238	393.48315
505.46722	359.22253
514.6632	384.26782
488.89224	377.20514
503.59424	369.45502
507.22324	380.92877
493.16034	371.0042
512.9906	369.61252
498.28745	385.86023
497.8981	366.35724
519.0672	388.7353
497.723	377.26886
518.65106	364.58914
504.90616	388.6238
497.4942	359.7895
518.358	379.51254
491.48926	387.13245
509.86172	364.14615
510.19098	391.2298
721.5855	114.22247
738.5575	108.21499
726.99493	127.47593
730.67285	106.59282
738.1799	120.16441
729.04767	117.41331
733.2867	113.017456
736.6698	126.01371
724.6217	108.71118
742.2649	115.56543
723.36096	121.048195
739.8119	369.38678
746.20276	378.8623
732.407	378.92465
747.0932	371.70734
739.92883	389.30692
735.287	372.16577
755.018	378.67096
739.6986	380.35455
748.9193	364.63046
744.9394	385.17474
729.365	372.18488
753.70996	372.41092
730.8854	384.59045
739.8215	363.21274
751.8305	384.9096
772.0859	375.1823
783.96265	368.05136
777.4352	382.28302
773.7045	366.04364
784.2744	379.8334
767.4663	381.12607
778.1087	370.93204
782.1303	386.6168
767.19635	371.8057
786.586	374.30472
772.50433	384.56464
562.08875	364.49573
569.519	379.1446
547.13293	380.53284
566.10236	370.92508
566.2347	384.9224
554.63055	370.64462
563.4685	377.8565
553.8523	382.60562
559.5863	374.78625
570.33167	390.70795
547.34454	372.81097
572.5009	367.5605
558.66003	393.11215
554.8197	361.04962
576.2694	381.40704
547.8258	386.9228
567.80725	362.2423
562.4463	389.0743
546.279	366.028
576.32526	375.15363
157.08713	58.509052
161.83272	59.91939
177.31686	47.89102
151.60582	46.127666
159.31984	38.451603
182.80423	55.23659
144.31857	37.071053
186.42682	43.961823
162.61163	69.991646
172.31488	35.523678
167.62785	73.920815
160.64117	45.955254
191.99118	54.5037
168.28009	65.75209
155.94571	30.604218
181.79231	68.38439
149.40413	58.17263
165.00708	46.506264
170.8265	55.0467
145.97305	45.1369
178.88254	35.55667
153.91971	63.68815
176.88979	28.840912
175.55835	70.49062
143.26155	52.930138
192.45528	43.034523
154.20659	71.78023
153.0421	39.35459
186.01637	61.40267
706.536	39.005775
736.3115	25.170017
731.48206	56.142387
711.3495	43.683533
748.2051	36.902393
735.2161	63.121758
734.87274	36.37976
731.2577	42.40107
734.3927	50.34044
742.03156	28.45641
728.28406	67.71139
720.49585	37.582756
745.8302	61.874023
712.7834	64.75863
725.5169	41.899834
739.8893	71.40895
723.3832	53.715008
746.982	32.159676
721.4594	67.619125
727.12	29.96197
752.68304	45.125786
714.0809	52.37348
741.56476	52.602497
751.9335	61.912376
719.6186	29.424953
747.40204	48.736458
717.1598	57.235077
169.6902	222.17505
179.89668	232.55148
154.371	227.74991
184.74097	219.21017
168.6374	241.66751
160.39975	220.82878
172.57356	234.46109
157.92068	233.22737
162.31335	229.09314
170.78882	247.44344
148.00156	225.0256
178.27957	224.52544
160.68277	242.56076
159.69748	210.42268
182.57895	240.23967
151.26517	234.95732
175.93173	215.7156
165.59975	232.82011
154.19333	215.09114
183.41035	228.77261
152.97314	241.74846
168.59708	214.807
477.0106	88.03269
436.70337	72.547226
445.63892	72.6988
453.3775	87.962524
433.7981	54.95341
460.0524	58.00956
422.2398	94.95945
456.09756	70.20958
468.23593	100.03268
437.8396	80.94973
461.49854	76.71906
449.56903	80.468285
450.6351	44.759167
461.03647	91.47986
449.31366	87.485
476.0585	60.17469
428.77823	96.66531
433.164	66.18746
470.06714	83.55663
440.32993	89.072174
441.90094	60.50237
456.01642	93.038414
425.01715	68.73149
469.3108	65.50395
430.82925	87.441025
448.38443	50.553856
465.76495	87.35722
421.78644	84.737434
455.06818	56.61988
441.77783	101.89693
691.83246	367.23907
705.97314	377.85242
690.724	385.95355
699.13513	372.22952
710.6505	383.43158
697.88367	377.94525
708.4645	366.26505
699.09033	383.04196
697.0346	362.9421
713.52527	377.7393
687.2352	379.98404
702.807	367.03152
706.31854	387.24652
690.2034	373.6206
711.4395	371.65094
698.7364	389.31482
165.55457	472.30777
176.0563	490.66226
152.9294	484.51944
172.22063	474.29437
168.00543	497.13956
154.90935	476.17487
174.68274	483.2499
163.76309	492.80365
165.35591	465.68594
168.87973	487.903
167.5083	479.64664
178.61935	476.3003
163.66422	485.64835
160.83484	477.4751
181.30856	486.4358
154.66873	492.7121
170.3408	285.98444
166.7886	315.2231
157.9734	305.81393
172.4266	304.44867
163.85434	300.9738
160.6453	292.39938
176.14896	310.64948
150.2178	306.47656
178.61201	292.09833
167.84085	307.12155
157.30334	295.6008
178.6819	302.38403
157.74669	311.25153
170.93155	294.1247
176.71872	316.8037
150.55911	295.76547
182.32437	298.85333
161.66972	318.28256
162.8698	287.04114
