174.55208	369.06268
168.2683	378.39453
168.75146	366.0635
170.7247	373.65216
159.70416	374.4184
179.66827	367.84454
164.7339	383.73785
162.32355	366.71042
178.28214	381.0391
154.27109	382.38055
168.1846	358.86035
168.55151	391.09296
155.19861	368.38983
182.4127	373.57617
159.29013	387.83502
161.0209	360.8434
176.6481	388.45605
153.01768	375.83527
448.2021	99.506516
445.71573	103.56587
453.14877	62.87638
455.69376	86.67923
429.8921	87.73113
459.79987	69.10306
439.32428	96.60477
447.78735	86.93631
468.5663	79.77927
446.50864	70.31668
446.22333	60.903725
469.0771	85.32761
439.9335	82.54551
458.53998	53.613037
457.59674	91.47982
426.59442	48.93262
456.66437	74.306725
422.95816	90.050644
433.08798	58.059013
479.71347	85.41148
435.83307	73.74767
472.08136	52.329693
462.17734	96.67782
435.85052	63.344177
473.39127	66.00697
429.69012	74.08257
449.6031	50.649136
442.05093	110.0117
426.58282	64.44961
464.81454	64.59703
677.8745	378.97882
676.8099	372.30585
685.2765	380.15936
670.2051	377.56952
682.6796	366.2217
683.7358	390.0055
671.4152	366.3254
685.5225	373.21582
672.8771	385.65784
689.7862	363.4991
688.7313	384.72208
665.5397	371.53088
690.97406	370.49368
678.4354	386.7391
676.3953	362.22955
693.5529	377.97592
667.1124	382.388
173.19687	480.5826
171.61305	492.4146
162.6315	486.15527
170.2831	487.15756
162.74991	494.19574
165.07625	477.40845
172.65189	499.33966
154.88417	485.0656
179.68321	483.33887
164.06047	499.79776
158.68637	477.3001
177.9895	489.8142
156.72984	493.5639
171.14207	474.88412
748.67676	54.179756
713.729	53.287994
732.2849	37.858772
725.3711	53.83194
731.9722	48.670403
740.01605	50.52234
718.0612	43.927876
742.4975	38.136143
730.87024	72.871544
717.24	31.311138
736.43933	44.019955
730.5938	59.12035
732.1057	32.34043
739.0467	69.731895
719.4911	36.801197
750.65497	37.007328
722.06934	63.662712
725.7112	37.29557
754.93976	54.226135
716.3544	59.109486
740.1195	30.373135
739.42633	59.90159
712.7417	45.548954
747.40247	48.83892
713.89636	67.89371
731.2183	24.199179
745.9081	63.656574
707.7687	52.03736
177.3739	297.31927
161.96274	313.27142
159.39053	303.24973
170.57385	310.31073
156.153	309.9883
168.72542	299.47083
174.60336	317.00403
168.17293	304.66083
183.78505	306.6031
162.93404	319.81625
158.60262	295.9902
180.92148	315.894
151.16537	313.94318
171.18106	293.23163
169.53154	323.44223
152.77245	299.0456
177.0746	308.6297
157.96263	322.9409
164.12233	292.5705
175.8418	323.3553
358.88434	377.04294
388.6819	361.4167
370.73038	384.05997
374.05835	366.86395
382.36313	375.71588
365.6052	376.987
379.0509	370.7967
381.3517	395.89554
352.2176	369.73386
391.76105	374.90765
360.00378	390.21527
376.08966	362.09375
389.3525	380.18787
363.50296	385.0858
381.49994	359.15494
369.47305	389.59955
364.05865	367.78174
377.65143	381.37894
354.82877	385.11954
368.74902	355.0948
385.25278	391.0489
356.07654	363.02008
390.96658	367.70987
366.18738	395.88348
363.2097	357.90265
388.103	386.34097
350.14606	381.55182
375.50632	355.61176
374.16965	395.1156
158.34723	526.67236
177.9389	528.382
158.76134	536.4114
166.78387	524.43524
173.16689	537.86597
163.28702	530.9944
172.59705	520.0204
166.07828	537.6915
161.26881	519.9655
172.7502	530.71295
154.71364	159.69423
161.17114	148.5081
184.02081	159.55367
159.40714	139.08417
186.5129	136.24374
165.60666	152.49977
167.86606	124.0733
174.7537	150.69751
145.50555	147.4987
175.1389	140.32738
170.01445	156.50336
165.32693	131.60039
169.27974	143.77737
162.98228	159.95895
170.85654	135.57751
180.3118	147.01137
147.36154	137.84233
178.39471	133.30453
159.66508	165.75325
157.12628	126.81551
190.11723	147.32822
154.35112	148.40968
176.47498	127.051254
172.55286	165.93787
152.54532	140.88654
733.56775	116.46681
725.9508	123.74074
727.1611	108.9406
737.4076	125.005394
725.7444	116.65015
741.4519	112.511215
728.4349	128.9677
720.6009	112.481155
740.2086	120.570496
719.5839	123.00344
734.2706	110.26074
735.636	130.36037
442.9131	366.37216
448.27655	376.45816
443.6332	373.59003
437.15787	359.4744
460.6977	380.42487
439.9891	380.31955
456.0187	356.57236
451.0494	386.81976
436.18237	372.73013
463.59125	372.90793
441.61896	386.8647
448.35114	359.50845
446.8382	382.3855
426.93896	375.7813
456.4663	366.1819
443.41364	395.9175
431.79257	363.69232
465.88223	381.59662
433.20346	385.83588
450.2688	369.81006
452.84683	395.89328
428.36777	370.11127
463.17328	367.7969
434.743	392.66815
442.48788	353.83618
460.37296	389.21548
430.7364	380.79965
521.38	366.74982
515.5764	381.7338
504.437	375.44528
521.6117	380.47382
499.50824	382.74936
511.7033	369.24655
523.2428	393.08707
495.82822	373.54718
526.79645	369.67578
509.31958	388.2265
506.74078	359.01154
528.25385	381.22977
494.22217	380.19617
517.79675	358.58337
514.9166	389.87326
500.85416	368.06827
530.9061	374.01675
500.91983	387.76324
513.0941	363.99744
525.7279	387.1217
512.5794	376.07928
526.2603	362.37885
506.55634	394.0616
500.95328	361.70306
183.18741	232.68546
150.29475	241.61435
168.55933	217.99043
169.06554	246.58798
152.92516	224.12598
186.61789	224.98947
159.51163	235.62698
167.0355	229.2542
172.5158	243.22957
170.1378	238.11421
176.35379	221.27829
174.17148	252.56514
153.60417	218.90222
171.41284	229.64413
156.25308	247.2703
159.5723	211.52426
185.97218	239.8604
146.10855	229.3156
181.65327	217.44699
162.23732	241.60051
162.33842	223.02316
177.85435	240.8075
154.8652	230.97763
169.74045	209.93509
165.32455	56.687542
141.22787	51.091087
185.34799	42.156822
158.17554	74.225655
156.44272	48.34962
181.73807	63.94934
171.28452	51.894733
178.98311	42.92205
158.61426	64.54492
153.38329	43.351814
174.54112	45.181732
160.60751	56.072273
167.19403	30.084417
178.08304	58.28935
148.77713	36.345154
187.26553	47.1015
165.25137	68.69201
159.35007	29.97114
191.34972	51.64576
147.6125	57.63603
184.39738	32.141262
176.03328	75.1313
162.38878	37.653942
180.56296	54.7517
151.73044	63.141193
168.35454	43.044586
171.29666	68.718346
149.74533	50.19628
174.67313	33.117924
573.4444	381.74246
574.7585	365.6501
579.5228	379.31403
560.69946	383.08435
574.1393	375.3797
581.85065	386.1233
568.0829	372.99506
583.5665	373.2176
566.1571	391.4599
572.6706	358.61624
586.1181	380.7354
560.72974	376.51187
584.1702	361.98126
579.4869	392.42477
559.0297	366.47266
590.3451	374.28854
568.15375	384.6217
579.5785	359.3868
592.71014	384.33636
557.3822	372.2074
588.50256	366.80194
574.3854	390.82248
567.16376	362.60358
767.5605	376.57092
747.01776	379.4934
760.57336	366.54935
758.95984	385.61923
748.0231	368.39313
760.95074	374.67374
751.29474	386.13394
755.1913	366.5495
766.3479	383.1965
750.2291	373.8936
766.57935	368.20917
755.595	379.07913
778.2692	368.45056
792.58057	376.69205
777.21967	379.842
790.0732	367.90546
788.0404	382.88617
780.5317	374.9944
795.01544	371.284
782.0628	383.54132
784.506	368.20428
793.93304	384.1561
160.79015	568.04285
169.10574	560.2788
168.92021	571.828
161.38266	556.9928
172.13406	566.13715
162.16644	573.60406
167.48885	553.65955
175.3442	571.7716
157.49916	562.5089
176.19604	558.5032
720.73083	382.31653
718.97394	364.3365
726.80786	376.65073
708.9996	380.19125
725.85754	363.6312
729.37213	384.13815
710.8128	373.64215
734.2057	371.80453
716.7373	387.51993
719.3203	370.856
732.7675	379.13873
715.642	378.67847
727.7505	369.8006
726.2671	388.62714
712.9079	365.84357
640.8436	374.99066
626.71173	375.61957
633.19543	376.09308
633.8215	382.9749
621.6958	372.81262
643.4084	364.7894
623.12604	382.9936
629.81323	368.8062
641.53314	381.34625
615.7502	380.59714
636.9975	359.79825
636.0072	390.7168
620.63965	364.91998
646.62366	372.1462
622.1483	390.07486
626.00323	361.70486
644.5121	386.27087
615.99286	373.91888
636.5827	367.39127
629.145	387.8944
164.16408	429.4248
172.74109	435.73526
163.50833	440.93726
164.61325	421.2377
174.95602	445.45816
152.3621	431.0656
179.1478	427.21817
162.76701	449.06958
170.23557	429.3685
179.71289	440.95377
157.96689	436.36612
172.73792	421.4838
168.73912	444.06616
157.00558	426.28656
179.34238	433.32916
154.7994	442.10498
