170.43689	237.56973
162.43826	223.80276
174.11589	230.93039
159.28069	240.32462
147.49869	231.62405
180.31204	247.21591
160.70972	247.38461
163.80566	216.85861
172.42221	243.03915
150.79538	239.30289
168.59393	217.07468
170.85306	248.95218
151.76828	225.71883
178.78784	226.59827
149.59679	245.45679
166.51987	227.57112
183.22958	238.10123
158.1438	234.2481
179.77283	219.50534
160.11012	254.93103
156.44748	219.98824
183.9758	231.44075
708.12885	380.73715
711.5474	374.9344
714.99646	381.15613
701.8202	375.43875
719.9027	373.5189
706.008	387.7824
708.60706	368.58063
720.5454	382.65366
699.3732	381.72073
715.7451	368.0045
713.6694	388.15988
702.36206	369.44147
575.4192	379.11893
560.57874	379.881
569.91394	373.46808
576.568	385.59253
561.1292	373.18082
576.53406	373.28235
567.8711	383.15222
566.354	368.09372
585.29517	380.31705
558.15784	387.36823
574.27795	364.22137
577.4127	391.8428
559.9807	365.45135
587.71326	374.07935
565.0392	392.36713
569.16956	360.5805
584.7805	385.81595
554.49695	380.66733
580.70483	366.40765
570.6168	389.86014
362.21567	360.59753
375.29175	372.1458
365.60867	386.34998
371.17337	378.73288
372.9884	393.7845
360.03363	376.11703
368.1583	366.5688
373.88815	383.31174
382.486	361.87323
386.77722	392.79895
361.3791	381.80444
378.7645	367.64526
367.24115	401.25714
363.01193	369.043
393.95288	374.02893
368.40387	394.28598
369.52008	358.7159
390.26108	385.52228
352.47177	385.43658
388.2138	365.48123
381.27606	396.00705
356.99652	366.22122
382.53217	377.17416
348.7525	375.74405
376.85614	357.65405
381.46005	386.48303
352.7664	373.08185
387.61658	373.25372
357.02972	394.90997
167.31021	522.78107
171.63991	537.54315
161.93375	534.9417
173.51352	525.6153
162.00339	542.4516
161.00955	524.54114
175.10808	531.9955
156.29854	540.29974
166.40121	530.9546
171.63095	543.73145
154.24042	532.4747
738.1962	38.705376
732.1204	65.84475
732.568	43.871853
743.0397	48.91933
718.7007	52.139214
726.7043	33.591286
737.6808	64.8596
711.4096	39.68197
748.6068	43.383312
726.95935	56.514923
718.1027	33.396114
737.22766	55.359375
727.7394	39.90101
744.0466	34.195168
726.75226	69.69096
716.8654	45.38798
742.82983	57.385498
723.8402	61.679253
738.3727	30.163925
748.0151	62.20999
722.6218	45.685085
755.26935	37.826004
714.9522	63.878307
727.5128	26.645374
755.6667	58.44279
707.2355	47.373245
176.84656	296.6154
170.69432	328.8227
157.57466	298.18912
166.6901	317.52225
159.13033	314.2363
166.43233	301.9731
179.31898	323.16974
151.51797	312.0734
175.0882	305.096
166.37984	322.5959
149.73347	299.46432
181.17924	313.58322
149.24832	317.67505
168.52498	296.92856
162.90475	329.1499
157.80823	307.7769
181.66553	307.86798
157.7482	325.4073
164.50546	309.3094
172.90817	315.50995
438.56842	383.13803
459.8243	376.769
446.51352	389.44727
437.75693	361.60428
464.73813	380.7596
431.08154	388.23712
450.10513	368.62778
447.04453	374.2343
440.67227	372.36517
445.50043	357.82806
446.31104	382.03268
431.61905	374.22
452.4769	378.88202
425.04755	379.69934
455.64584	362.4666
450.1839	396.12177
429.93765	367.86118
460.3692	389.47113
437.70404	389.71432
445.71222	364.2964
455.65454	384.87674
432.31543	379.77234
460.08624	366.92673
443.82553	394.6482
612.9559	367.94077
626.9987	377.0213
615.7521	381.97833
625.61993	370.20392
628.5197	388.91772
619.1711	376.07813
636.87524	370.32782
620.7278	387.47418
618.2687	364.1125
637.78125	385.03717
608.756	382.02008
632.0876	365.58014
627.19946	394.0944
610.4648	374.8003
636.34766	377.6468
614.7166	389.95734
624.97675	364.30457
631.16064	382.08783
152.57123	144.11832
180.51122	145.88612
161.59427	150.8012
156.75989	136.42181
183.52045	152.74191
156.88582	157.64412
173.46223	130.66208
163.17752	163.44626
150.09348	136.01004
174.60373	154.02463
162.35527	142.11043
168.14127	144.55003
169.28986	160.98064
153.88939	152.54807
179.08508	136.08658
172.79385	166.42451
161.5729	124.89699
167.82925	151.56927
149.48679	162.67781
165.7276	134.39963
184.5577	158.7153
145.08391	145.9968
183.34427	139.54811
156.74118	168.13602
162.77768	485.50446
169.14023	493.37265
156.25188	496.6837
168.81386	484.11026
163.69366	502.65967
153.86053	486.19122
179.08339	488.81714
164.15398	495.9432
165.55307	478.25253
174.12222	497.91974
159.72855	490.85376
173.40007	486.34247
745.22766	383.14532
736.1085	368.68066
751.2145	375.81305
734.3957	385.64975
746.52435	367.1973
750.0106	387.31537
733.6088	374.94403
752.05115	370.21057
740.4695	388.25275
742.2198	370.75327
753.8755	381.9537
738.1565	379.8899
520.18085	371.4018
512.8075	378.81387
500.5086	368.37003
524.53284	379.2126
502.48358	388.87863
508.28302	375.8875
517.984	379.57956
503.12897	380.32144
522.2006	365.33612
507.22638	391.92828
505.7418	363.2213
525.1377	386.11426
496.25693	375.4809
514.5802	359.84155
513.7085	387.85876
493.83456	365.61163
528.8148	371.47922
498.2625	391.74557
508.99615	368.13483
519.71686	390.45184
498.38678	383.59225
515.24335	367.60992
512.90326	395.70892
456.5756	59.573864
464.09897	78.45121
449.40176	76.66612
423.27863	85.1677
471.28198	70.52467
441.03937	87.92665
460.57813	72.59847
457.55655	101.99394
441.33893	48.205605
476.37897	85.39312
422.6433	68.370125
477.16168	76.126755
446.1761	89.5659
434.60687	49.032253
469.1032	82.78031
444.58954	112.96059
452.9327	54.21806
450.15024	112.15737
434.91705	90.824684
436.99048	78.91939
436.47543	101.8401
436.1184	63.32554
455.32407	91.9933
430.11774	80.767876
462.5733	54.01371
464.4336	95.36678
422.69635	77.62442
470.39233	55.09884
445.09384	97.80488
438.58112	70.198135
680.9623	386.65817
663.8992	377.42874
677.3256	367.63577
669.7071	381.89194
662.2565	366.47256
678.76227	380.29227
662.2936	386.9251
674.3214	374.75113
674.9232	389.50824
658.0543	371.70505
682.2208	372.30707
669.4677	390.78796
667.4968	370.6261
685.25494	378.20276
658.11255	381.18857
674.4752	363.3176
169.50906	440.93732
153.90892	429.64642
169.68652	435.28778
157.7523	448.09357
161.43681	437.0727
174.73239	444.55054
164.26588	446.2784
177.89432	433.81586
164.47806	455.2453
165.11194	428.3251
180.2969	444.4522
151.58975	443.95914
172.46732	427.87613
169.36755	451.51147
154.42912	437.65015
164.08829	384.2448
158.5546	391.1561
167.27254	375.08868
172.94012	382.72452
158.82254	383.76422
168.91376	368.38297
169.64001	390.81888
156.96046	367.99936
182.05544	379.44708
149.8021	388.31113
163.34177	367.15784
175.60118	391.9237
151.88287	376.48077
175.63766	372.72946
163.61635	393.9041
159.69856	376.03043
179.70575	385.6747
737.0509	124.67831
736.12573	117.15391
735.492	132.25545
720.06805	117.42544
743.20825	117.219505
723.44183	133.3224
731.7313	111.07623
741.01337	133.3232
725.8262	121.30796
739.7133	111.21486
728.8737	131.55919
724.3629	113.92163
745.3875	125.393555
719.9816	126.515175
774.68884	370.3246
782.3875	385.1186
765.7459	374.6608
781.86945	375.4027
770.15234	383.11496
769.1847	370.33948
779.09406	379.93668
764.50287	382.31662
780.6199	369.4946
774.8325	386.4707
161.11961	44.50274
178.08487	54.926857
163.63391	52.490135
159.06105	37.304207
175.07263	63.738667
170.21762	47.852573
169.05879	42.249134
162.28688	76.211464
146.15083	41.344246
180.14665	70.19438
150.0516	61.46192
177.7266	29.063526
169.15549	74.34771
147.79204	48.07631
176.82956	46.978947
157.11792	63.344074
160.89688	27.397625
179.83626	60.771687
142.1824	64.519455
176.24709	38.589745
165.35574	57.90447
153.43486	48.674942
190.95496	46.29531
158.91318	56.503387
168.12039	31.881903
174.70319	72.44236
141.14127	57.694397
184.30864	42.8934
164.62003	580.0958
162.72504	565.67847
174.6108	575.6625
158.44025	574.14276
174.37198	566.2611
169.5765	578.09143
156.34595	568.4391
171.0011	570.61774
159.16	580.7017
166.44217	561.2944
