167.77475	556.4712
165.07799	562.1372
171.4464	550.5523
171.72035	568.95325
158.68033	555.01074
177.12714	554.6241
164.00536	568.02765
163.77585	550.081
175.30711	561.6628
157.62079	563.1564
467.75555	66.12795
466.57285	92.509735
429.15283	74.63716
437.1241	55.287994
438.9107	80.98544
458.00504	88.32536
449.71295	86.771225
445.4483	108.34269
477.00717	72.55162
457.03766	92.27965
440.58212	68.71956
476.12994	84.434105
426.42715	85.10356
447.9685	54.238884
445.05347	79.7988
435.0961	67.95926
467.841	59.510365
440.24512	96.24489
434.13657	61.08608
464.08594	82.673775
428.72382	65.22737
460.21112	45.111397
445.1649	93.1343
428.6837	58.292267
458.60565	73.61818
438.07788	107.767746
436.2313	51.704353
468.9606	101.17756
720.7586	31.841715
725.71954	49.06674
733.87836	66.803535
727.31506	37.9208
748.0258	43.22475
711.189	52.36659
734.812	33.025776
729.64343	54.359722
721.73236	26.32446
738.13916	44.42713
724.58936	60.428528
731.04706	22.538403
736.8275	50.045647
721.3713	45.486835
742.49	26.633444
735.2089	59.194496
714.911	35.97853
750.89966	39.205574
721.2105	52.721577
730.8767	30.155481
745.4831	54.138634
708.69556	39.268
745.3092	34.383446
745.2747	387.09262
745.5067	373.87097
752.5401	377.2144
742.1075	379.9326
750.0068	365.69666
749.0443	381.67828
738.3048	366.8013
758.1304	374.99475
737.58844	382.99557
744.55853	366.8618
755.7148	384.16318
734.70215	372.7791
754.8651	367.9278
167.30826	468.85944
165.5673	461.4339
174.61583	470.14154
154.77353	474.775
171.44998	455.04697
175.89731	475.54028
161.55557	472.01703
178.51945	463.4354
164.80582	479.90918
162.64133	453.84692
180.8281	471.45532
153.19315	465.54892
173.84561	461.1359
170.1268	482.77823
158.00851	460.9619
185.55692	135.72852
159.75484	134.62033
163.62515	121.853905
177.03294	145.0007
154.65077	130.49184
176.3282	126.94071
167.4537	131.689
163.08125	113.89852
171.16046	138.36772
154.16678	138.14925
171.95822	118.54961
166.78767	151.22186
154.5211	121.223816
182.95645	118.452225
160.78574	147.71535
155.81804	113.049644
182.7932	140.78041
149.8055	132.70474
177.0109	115.34587
165.17941	141.48595
159.95718	124.88341
181.60413	128.58801
164.0248	349.1282
163.07454	339.0751
172.08136	349.09088
156.8555	344.1314
179.51015	342.46252
165.2054	359.2024
176.99309	335.94916
179.61667	356.3182
149.4526	352.59723
170.8095	341.89972
171.02121	363.31195
156.08148	339.15747
182.36284	351.03424
158.81927	360.47983
167.83124	334.05377
170.97418	356.20477
156.42714	350.33383
169.3941	408.8327
163.80997	410.3642
163.79521	395.8573
175.80673	411.20175
157.13557	420.1128
166.53494	402.3377
173.19875	422.74335
157.9776	407.75427
179.46146	407.21875
164.64714	423.4064
172.59254	397.77625
179.50076	418.0096
151.625	413.47885
179.76831	401.04837
162.94273	416.608
157.84183	401.57968
443.84912	378.14865
437.04706	381.07452
436.9629	367.30316
448.8247	391.7365
433.52496	374.42795
448.80502	374.78046
424.44025	382.2458
435.6048	361.46527
456.17783	375.38364
421.90155	376.59735
446.19507	361.13705
443.94995	389.09576
421.79803	364.74048
449.48755	367.4676
432.13483	389.76797
441.77313	358.0206
452.85065	386.37527
427.80927	373.32376
457.72202	365.99335
437.59576	388.74774
428.5313	361.3968
449.65704	381.649
426.26157	389.68927
503.7111	369.51694
506.93692	391.62384
491.30054	379.08566
518.048	372.68115
491.66153	390.24426
493.0672	370.4771
511.99106	379.03775
497.12866	375.36636
508.78345	364.3246
505.71298	384.47656
487.3519	363.18613
506.55157	373.79517
502.14786	381.6457
498.76373	362.51907
515.2596	386.4781
486.12457	376.2377
515.17316	366.11176
500.38925	388.88516
493.2724	359.89465
520.1449	380.6413
487.36465	386.08734
505.06317	358.00793
782.69366	379.58203
771.1123	372.3755
789.9773	371.49133
771.2345	382.43
780.1317	369.15677
787.41675	384.8784
775.17615	376.80527
784.16956	365.4405
778.41693	385.9877
774.67584	366.14355
788.68506	376.94327
727.5968	118.46246
735.2585	103.37069
733.7219	123.790146
715.3062	109.232155
745.443	109.95833
728.12164	125.80676
725.8253	103.42622
743.1422	120.09578
718.15234	123.05106
734.7414	115.122986
733.13556	135.50284
722.8669	110.24231
739.8722	110.551025
723.2635	132.01907
729.62244	111.00737
739.6709	128.33958
720.99786	117.0771
715.8451	365.8415
702.0603	385.61044
698.8285	362.70184
719.9513	379.42728
703.3587	378.05856
708.4213	373.00922
715.5129	385.43484
693.93805	374.14243
716.9788	371.2584
695.86743	385.59525
704.83606	366.04175
712.07733	379.12067
695.29254	379.34167
710.4245	364.7294
709.0056	389.75534
698.12427	369.04373
175.92365	285.4842
159.53171	290.1151
169.5333	266.81537
179.90573	296.93527
162.18979	277.3901
173.04932	280.4528
162.32257	285.3649
163.97217	270.16315
172.2526	291.95752
150.0245	288.15826
175.44344	270.01254
164.72006	295.26254
156.04654	272.31622
180.27649	279.529
159.37973	298.6518
168.93282	277.52075
182.02505	288.9994
152.46172	281.40335
378.57562	372.88934
375.15842	376.1319
368.09375	369.02887
390.3468	377.31796
368.9741	385.2767
373.7915	367.04385
373.14642	382.454
360.33865	371.20026
390.80826	368.1483
360.6662	393.2359
354.95093	361.17758
382.41696	380.3478
353.95673	374.28668
376.48743	358.23993
373.2927	389.7984
351.15405	367.86847
381.9892	367.4816
357.6336	384.33575
370.2642	360.3114
379.426	392.26614
364.16537	381.18707
383.3327	362.69003
369.28433	395.2241
367.1591	357.1688
385.89944	390.17914
351.7586	381.13617
616.08453	367.1116
613.59485	378.75943
603.91254	374.03598
610.82214	370.87067
601.1379	387.17117
605.50214	364.72968
620.43994	379.53638
607.5161	380.48456
620.3134	361.6708
613.96564	389.43143
601.1135	366.88223
627.41223	376.96896
598.8288	379.76154
611.1312	362.60468
620.2334	386.7168
596.6769	371.1922
623.4806	370.61624
607.4379	389.0939
160.15166	507.9162
179.22609	518.43427
155.60887	521.9794
170.2971	507.1783
170.15663	528.5766
157.65001	514.4984
170.76753	518.0104
161.65845	526.41833
165.41519	512.5529
175.30737	525.16516
165.84305	521.20917
175.86118	513.1853
656.697	383.28845
654.7714	368.44537
668.3017	375.40057
652.8246	377.86514
657.93835	360.73883
667.7043	387.1303
656.72314	374.44095
669.58655	368.94513
658.535	389.29218
661.4768	367.5489
672.04663	382.42242
646.7092	375.4105
666.0911	362.9435
662.74524	380.53464
649.8591	365.42267
674.6445	374.12518
649.1511	387.79584
164.99292	33.187725
172.28299	43.686954
159.79762	49.09945
183.64467	35.033485
162.48187	63.863014
167.3017	43.780907
189.4885	54.162403
155.95009	54.35667
178.5077	26.95618
173.17143	51.012497
158.73477	41.86296
186.44926	43.609314
164.99872	54.630737
157.54027	24.442377
180.23964	54.490364
146.4645	47.402992
174.16837	34.6535
170.3927	64.23585
154.83057	35.41751
178.5502	42.2199
150.4388	54.77052
164.24362	24.880295
175.72906	61.534412
146.50333	39.35746
167.90248	211.07198
154.28036	217.61665
156.97675	192.37921
174.8718	217.34488
161.66513	215.06245
175.86642	208.5227
164.38083	220.26372
158.64494	204.08354
182.54657	203.94928
159.14488	225.16516
166.68541	197.80522
183.05554	221.33098
164.55313	205.193
179.13216	198.28217
167.59131	227.97787
159.2133	198.25974
183.2804	213.95718
148.03299	212.8461
171.59448	193.96526
175.33942	226.27185
150.98097	206.70988
575.664	373.58453
557.9607	379.08124
557.5036	372.58258
562.682	382.57553
542.8084	374.59442
568.34045	361.70483
563.2013	392.1585
547.9727	365.4801
564.40393	374.55643
550.32764	388.41217
555.87415	360.20688
568.2966	386.09674
550.4579	373.894
570.1449	373.05548
556.54724	388.8215
555.76025	366.9715
571.31274	380.2383
549.2748	380.1486
562.54254	364.12244
