560.5902	380.7395
555.1715	376.4604
561.3638	372.48416
566.9842	380.35568
545.73157	372.1352
566.6769	370.2219
557.7659	386.32968
555.973	366.03946
575.697	376.79294
546.28815	379.4245
566.6226	361.85995
562.3428	389.62103
551.8999	370.7876
571.6909	369.14386
549.6365	385.0953
560.03345	360.66928
572.3751	384.9707
416.4228	83.04623
440.6605	89.469284
465.87607	84.40464
446.33722	80.65002
454.59424	72.38188
435.43417	101.09431
455.78302	58.70396
447.2584	106.60564
441.15097	67.93263
469.99103	71.61921
458.20807	79.52258
435.61084	58.974907
474.07416	83.60321
428.88272	82.85438
463.51245	58.292427
461.46353	96.45296
428.5192	62.12426
460.73438	68.31751
449.31195	88.772995
447.14825	56.747314
466.64542	73.78489
425.00546	65.4149
480.4909	79.57531
433.3664	86.86819
428.96655	55.136543
173.9619	284.57468
165.51414	282.36627
171.38377	293.59363
164.02032	293.14365
153.07028	286.02682
185.81244	284.80014
159.83655	302.2586
165.32675	272.62045
179.9901	296.42972
159.20477	288.78394
173.04604	274.41827
164.62364	298.6125
156.65854	280.4493
182.37521	288.23383
152.61998	295.84296
170.7338	279.8972
169.92732	302.96567
359.9257	370.5952
371.4243	368.6681
367.1115	384.53528
368.17773	374.8088
387.482	382.3343
365.18338	377.4726
380.9052	367.5314
380.05286	391.23737
366.8234	362.41556
378.36066	376.7326
372.56677	388.05154
375.39886	364.10138
377.71033	382.43427
352.44623	381.31537
378.8565	359.93768
362.0279	390.8299
360.15723	361.24664
386.26367	372.67896
356.8115	387.79868
368.05902	356.5835
372.80283	396.3719
352.16547	367.64236
389.92038	366.4731
656.64496	386.56146
657.61414	367.54535
668.89594	381.83002
653.7225	376.61456
663.0348	370.75925
659.69946	380.0625
652.71423	364.37415
667.60223	376.7328
649.4566	381.81732
665.31726	363.47797
664.0329	387.12485
650.34717	372.41364
672.28394	369.2016
165.91435	566.7175
161.598	553.33875
172.93454	563.9582
165.3956	559.8004
171.34517	555.4749
172.60251	570.46313
157.56235	559.4159
177.92339	558.84924
159.41324	567.2726
168.15375	550.02704
624.04016	383.3425
598.9325	371.95624
628.8255	369.26205
611.76965	380.2768
603.2745	364.34613
615.4656	375.7404
601.2434	383.61667
615.2569	364.4288
620.3111	388.52716
607.4802	370.28308
627.50244	374.91763
610.83734	390.46838
610.69434	361.36517
622.7173	377.58185
602.24457	378.06973
622.84503	363.27264
611.8524	385.27435
720.8439	45.279156
749.43005	54.46184
719.43884	51.75252
735.7007	26.33198
736.89	57.022816
714.6614	42.38752
745.31824	41.141987
734.86926	51.31413
727.62933	30.445263
737.67126	40.13723
715.8818	61.503796
744.3799	29.659542
737.92316	62.540386
709.34906	34.96312
741.42377	34.087505
728.2294	54.04972
732.44916	45.240623
743.81085	52.698933
710.7865	57.24179
732.0612	35.402054
728.20166	61.329823
721.1566	34.726444
180.59761	415.5485
158.2866	422.73297
168.0485	409.63803
172.74329	422.93954
162.63063	407.32632
177.37027	407.21658
167.77545	425.19687
165.76425	400.79437
173.80614	413.94098
154.99937	416.15863
172.55942	403.1897
164.74864	416.9983
156.56001	408.24042
704.20056	374.2833
693.2218	384.86548
696.80164	370.38873
710.32214	384.2641
697.5254	376.76276
710.72125	367.7572
698.97516	385.91986
696.6884	362.88434
711.9278	375.0083
689.92365	377.86807
704.1531	365.39175
705.0686	381.69745
689.85626	371.65692
188.80777	136.05923
158.9689	149.57019
158.6633	126.720535
165.34605	138.44234
161.4299	132.99696
172.77638	119.60543
181.8017	144.26862
152.86217	125.15633
174.09076	133.49136
155.70547	140.6669
162.44943	143.81563
178.38918	150.57292
152.1436	134.34819
179.41788	127.53562
165.33925	149.92502
163.36057	120.4612
181.48552	136.44675
153.2301	149.01448
166.3375	126.461685
169.37817	154.46992
425.4712	361.50128
445.84943	376.77167
430.47104	392.5063
439.6739	373.00446
447.34833	383.774
434.52765	371.63834
455.39194	366.70895
437.919	379.38776
430.573	366.7868
457.7373	381.616
427.39462	380.55167
445.69043	358.66046
451.3023	388.93768
424.2693	373.8157
457.64325	371.79645
439.3331	393.11075
441.68375	365.47626
451.89853	375.3817
425.76187	386.19916
450.05582	362.14288
439.82822	386.51044
432.58887	359.54834
175.67271	517.6861
161.36969	526.30066
169.63724	507.1857
170.47078	526.59265
158.4773	512.71814
176.31374	509.3632
164.78922	519.3662
162.9719	508.55435
176.49213	523.6372
156.5348	521.45074
168.82785	514.85767
509.77313	377.4937
495.7086	369.17834
518.5814	374.05786
496.28745	384.47284
510.5353	365.65833
514.49835	383.92072
501.01035	377.63626
506.10944	359.73367
503.19092	385.35233
489.72623	363.2568
501.56113	369.8897
490.3349	382.8445
510.35846	371.0966
509.79996	389.96143
490.31332	375.5096
517.29004	365.29492
501.2198	391.41278
497.5953	363.28534
519.5546	380.1433
718.4696	122.57837
732.36707	116.63621
734.27185	124.14657
718.9746	114.87285
737.64557	115.64101
725.5837	127.590416
732.8435	107.37944
739.1855	132.1356
726.95374	120.10466
739.90625	109.94841
731.68225	131.01767
724.2814	111.70404
742.943	121.23336
719.7302	130.13098
778.49133	366.0473
779.38403	380.20532
770.1792	373.1412
777.2098	373.2665
770.23755	385.37262
771.43225	366.12555
785.4887	378.46088
768.371	379.82196
786.0867	371.38794
776.9689	385.8486
765.089	370.32236
741.7345	375.0344
730.3029	381.47003
738.7594	370.21054
747.03577	384.74002
727.38416	372.004
748.2418	369.25952
736.65393	385.82965
733.5829	366.27734
750.13477	375.73407
735.20575	377.03503
742.52795	364.39316
742.2308	381.63342
165.44261	463.184
178.56213	464.93668
159.68134	478.89423
162.70093	455.62286
179.55275	473.32016
157.08601	467.01996
175.29918	456.7391
165.2432	471.0141
155.60828	459.89056
172.52693	470.02255
158.03806	473.8476
172.10153	460.50433
172.26456	476.97217
156.97859	346.77048
175.47154	346.4599
163.30292	359.9932
162.50009	345.07944
180.23958	359.36053
166.13489	355.42242
168.32301	340.2258
168.04282	366.9781
153.21605	354.25586
173.35832	359.28027
161.66522	366.66486
170.37448	346.0707
174.20378	366.0833
155.19736	361.0195
180.0862	352.60214
156.53008	33.145683
167.60838	47.291317
177.3063	57.56254
145.95132	55.412792
176.23549	39.39254
173.23227	65.54387
154.66037	52.851734
175.25375	48.430847
162.67331	65.76247
167.87567	31.933237
184.4946	59.59527
161.26195	47.49296
169.01569	56.925007
174.30167	71.241745
154.35793	39.656345
182.9779	37.243618
151.63306	61.370472
172.81029	25.31683
184.05104	45.780273
150.4801	43.76262
179.28279	29.743765
164.29747	58.49466
161.56364	28.853748
170.75937	210.33781
150.21764	210.16267
173.52794	201.60838
173.33028	230.8789
162.74985	214.95988
179.47556	219.77518
164.3751	225.82681
159.20883	209.26526
181.70122	227.29045
167.89513	218.31284
177.40529	206.71342
162.88206	231.83688
159.38985	201.51248
182.81136	212.26411
152.47694	223.5148
165.91586	202.65012
173.78741	222.83167
156.17776	217.18294
