832.0166	399.83618
814.6511	398.4416
825.1746	403.71786
837.3208	397.50217
811.95886	393.08322
828.45636	380.29535
816.8825	413.20313
816.3593	387.48077
834.9827	411.7491
803.83	388.33994
820.6818	380.56775
823.1784	412.29156
810.91205	385.26926
828.83594	393.06662
894.85144	405.8704
898.41345	379.43698
900.68835	392.45065
894.72815	400.00296
912.9365	396.41168
902.3749	407.82074
892.52356	389.58044
901.20496	398.2992
884.86707	399.424
904.51056	383.94208
907.5057	402.73996
890.25574	395.60138
183.27992	237.98425
149.92952	241.19577
162.57008	230.64511
167.46382	237.56169
147.978	219.19836
163.4877	212.85066
177.09958	237.82053
146.71118	203.43875
171.33492	222.01689
140.40982	252.8529
154.47113	219.0245
157.35641	242.34616
151.04199	231.59177
186.37903	214.0726
168.25267	256.824
144.78653	227.25887
174.2478	225.32962
160.28639	221.80339
458.18173	93.5648
503.6271	115.56968
495.89276	96.07936
460.30313	125.92171
455.20377	122.95223
473.57025	57.595417
479.36224	102.44629
477.21835	93.58217
508.4568	88.49715
477.462	63.61373
460.13452	65.59856
505.948	98.42777
460.602	131.11882
493.4721	72.38969
496.2232	131.21367
469.6931	122.44558
481.9527	75.97978
463.0368	107.3642
476.6507	74.59567
516.526	106.94613
439.38007	103.1358
509.47003	83.86626
509.7042	107.83657
459.9186	83.82774
464.37445	92.04794
368.85577	376.83966
396.26022	409.34485
394.12592	417.4558
396.82523	394.17075
394.09143	383.03302
401.43033	433.19604
386.01083	390.92633
438.31934	406.6536
381.18536	421.45605
391.7534	377.6268
406.75653	415.8062
381.67432	372.65305
410.10132	372.01538
390.40228	423.9691
405.0323	377.30612
431.5482	388.62552
377.40448	416.60165
409.75952	363.69632
420.11295	414.5091
392.49844	369.638
411.2989	388.1146
384.16153	397.4323
414.70428	379.445
413.55817	407.97113
371.44757	404.17953
162.79977	366.87302
173.20482	360.84927
154.5148	331.58652
179.28615	364.10986
150.8049	349.14893
168.42105	330.48615
171.0809	349.0691
144.67986	360.2608
179.32384	354.2474
156.74171	365.43204
168.91333	338.75717
164.65657	373.2975
151.59781	357.0181
173.92639	343.46576
148.14378	374.29874
137.88489	365.9075
165.95647	54.3319
171.14532	88.73888
165.26038	73.87906
178.52267	111.042435
151.68048	89.825615
146.22086	83.98966
152.3295	101.18311
174.0606	57.572773
190.17374	85.166
139.54944	64.23366
184.05788	63.44123
173.22058	97.7791
144.8344	75.51424
181.09644	100.780655
142.88039	107.80371
147.53232	46.888893
155.45245	80.130295
127.50447	87.536514
164.55624	68.36799
161.6242	107.12361
158.67369	58.59137
181.60257	87.26904
516.12396	412.6858
530.5592	408.94492
539.7704	413.0515
519.3306	383.99078
520.20593	390.31036
547.12195	416.93414
519.98535	376.9743
536.58606	403.68546
527.88983	381.91635
554.65	384.64105
519.4342	401.17706
510.02594	384.29858
547.6205	385.8761
506.45898	404.93176
534.41766	387.70807
542.52594	396.17767
525.81396	396.98495
541.375	381.9254
525.7228	415.36945
721.5552	387.67767
734.3847	406.68973
726.0788	406.87888
730.4057	386.86078
741.3324	410.4374
721.87195	403.37238
753.48083	391.43878
730.87634	411.3235
725.2664	383.3783
737.891	396.10007
732.3727	402.49158
750.7479	386.01477
738.6475	388.92038
739.64905	375.1957
748.2574	402.49115
619.0941	408.6893
652.0316	376.98642
656.0782	409.03687
633.00183	400.53586
659.04504	379.4846
641.41223	400.9064
627.0741	383.54688
641.6581	410.62418
619.9288	389.99423
645.26917	388.56558
632.8233	414.10532
631.22	388.80475
655.3644	396.37946
629.0214	405.97528
636.685	379.67584
651.9005	401.90463
616.3263	401.80786
633.5034	396.42285
148.11226	480.36264
160.78195	456.2605
168.93271	480.49683
155.22891	471.90225
175.71007	448.50577
157.10043	478.11093
161.10509	467.57626
165.32133	464.2868
168.72073	487.79922
164.10327	475.39618
173.34973	472.53232
146.85046	470.7816
174.77652	459.52148
161.31267	495.9275
146.4274	454.74927
796.05133	45.28234
796.426	71.3419
785.75555	74.90054
799.7432	80.363785
772.6852	46.6708
811.216	46.77541
796.5455	53.042706
785.2252	44.31828
809.4405	74.78899
778.2516	60.633636
808.3831	57.5476
808.7847	69.39195
789.87415	63.512615
806.7515	61.420006
778.17755	75.969055
798.23596	34.359406
