136.9518	237.32341
127.27682	218.26416
129.92813	249.6282
156.26913	234.83896
127.06278	231.80032
161.55008	225.37993
148.36075	260.53772
165.62468	203.83472
163.69003	243.73727
153.28792	242.90364
157.82704	218.70454
161.08804	248.26733
136.35896	207.05766
168.78368	236.04565
142.9398	253.19023
144.62515	209.57219
173.59042	251.06943
141.70963	230.80888
171.36758	219.3851
156.27951	261.22226
150.10916	220.58601
174.6225	228.70126
138.06534	249.07541
159.41582	211.60513
165.88339	254.22209
682.82745	392.51596
698.14404	385.79678
698.06	411.87128
683.9599	384.805
684.2761	401.24887
678.8698	398.36542
690.2406	390.81543
695.3496	394.33453
681.01294	387.76178
704.89954	394.7116
677.89636	411.5646
690.3334	376.1729
697.62225	404.7659
670.21594	398.7276
692.4061	380.9383
688.5898	405.92273
678.0758	380.36166
692.26196	401.51306
138.47527	475.25357
153.5157	463.76016
161.83035	480.41968
139.13564	458.52798
165.34811	456.72372
152.19357	488.48306
156.79758	475.45557
166.98795	467.68658
135.5516	490.26572
159.62483	450.66464
157.47795	483.6507
141.01245	452.44516
144.77829	469.15692
149.59363	480.11182
163.04695	464.7752
163.45425	493.95712
136.63232	469.92758
171.37437	479.7569
751.4889	97.97114
729.71436	66.8922
765.10144	62.666473
731.8568	75.97286
746.434	70.79766
755.19025	73.59157
717.49	56.353462
761.29974	83.09971
741.75745	84.31687
747.1062	58.329018
750.193	90.58055
722.8146	67.83377
753.9813	43.54582
739.203	98.33324
746.1943	50.60587
771.6837	63.10636
724.0209	76.158745
740.65076	46.130226
736.537	74.781815
740.84625	61.58465
758.67004	53.93885
729.9337	92.41379
755.83264	58.007275
760.81586	88.49063
379.48004	395.8145
367.94388	393.4301
362.148	384.85187
351.96732	372.06277
383.006	408.1361
354.41556	388.91782
377.05603	370.6157
366.10724	417.1726
345.36557	380.86856
378.78165	379.5197
360.22043	399.88837
368.3037	371.1836
375.14072	408.714
354.07745	403.30515
376.86682	387.3768
369.26376	397.85162
349.76318	394.3261
387.52203	388.01486
360.91745	414.2835
360.4557	377.4901
381.9135	421.0375
346.80072	401.24753
383.15216	375.28152
364.97638	407.80893
336.93613	401.23947
390.453	410.30988
350.57352	418.22223
754.95776	383.51224
762.2556	399.04688
748.56067	397.73288
780.3607	391.31232
764.08417	408.33176
762.58716	383.92426
779.8662	402.91055
754.92084	405.0906
776.9629	384.76862
772.7402	409.05606
752.3505	379.67896
773.4254	395.06625
762.221	392.18515
772.48206	380.1496
768.25867	402.97647
756.8021	399.49957
768.5497	390.2868
164.20242	74.138535
143.05013	55.47466
180.11069	79.02494
133.01294	97.41612
161.10124	46.225365
139.60019	112.84151
142.64874	73.12149
166.42834	54.43052
133.27219	82.63017
145.13998	82.82062
172.56323	69.39941
137.63203	91.262314
156.64922	61.998238
141.58824	87.507935
135.38708	69.17757
186.4451	95.207756
150.71936	106.3782
166.6329	66.59779
156.80849	97.14853
127.56148	69.91821
184.5452	70.974884
157.41829	91.28335
148.55229	48.0375
163.60904	101.47264
129.75319	108.56319
157.47038	77.774216
173.85281	96.98018
138.01944	348.81268
175.47348	365.65796
142.50552	356.851
156.69972	375.46133
166.31741	378.52905
155.01692	356.14014
157.86743	343.61673
145.0126	369.39166
148.97957	358.12543
150.2233	373.04453
137.75699	384.65753
159.21082	349.83093
163.35983	372.81406
140.33727	362.86435
164.61423	353.16858
156.17514	385.09442
146.61719	349.71216
162.2612	361.7458
138.33038	369.86606
477.75787	403.49905
488.3698	403.55075
479.6114	385.97617
482.79865	385.96783
471.14624	395.9455
487.7107	375.1876
496.9417	401.9837
462.2165	397.18976
507.23346	375.7193
484.3313	415.23184
482.05103	370.39786
484.7711	395.0838
472.36285	409.62656
500.70474	384.5821
507.631	408.8708
474.06378	392.7979
510.63672	406.30585
474.05438	420.6931
493.14755	366.1386
493.99643	389.08475
456.7518	392.29132
501.1107	391.46918
500.49396	408.93616
466.3105	382.07422
511.664	390.07428
464.84283	415.1
494.93848	381.05542
456.60483	105.96887
427.66608	86.63828
460.0379	83.17362
435.37177	104.62472
473.97162	75.19652
478.23276	99.01281
432.93936	112.45425
470.86798	65.656044
434.14642	130.75656
420.19135	82.092606
437.98544	100.2793
439.5506	89.32109
443.38696	61.85448
471.08698	117.22787
420.36954	69.31932
475.55316	80.413284
427.46558	120.84928
428.45087	72.676056
463.41757	107.896706
454.454	112.110855
455.6346	75.338455
442.5996	116.86133
451.55435	116.007645
473.677	95.622986
421.7062	108.567764
413.42206	67.87557
480.34467	114.28422
425.74277	102.69574
465.77075	56.06095
460.9459	130.5126
594.7164	395.1933
608.833	386.26773
578.8167	405.46622
594.89026	371.56818
582.93713	402.01663
587.63464	381.7914
609.3628	376.19635
594.0059	411.02432
585.5199	376.86807
599.9418	408.4065
599.6972	401.13446
616.3102	385.49146
609.1902	408.7835
577.3004	390.23053
614.2062	394.69354
586.5785	410.0385
598.6179	387.69672
617.2273	400.5348
582.6861	395.78033
601.2065	381.55283
594.33453	419.7102
582.84814	388.27173
605.31885	403.35486
138.92905	565.21375
150.50038	547.02527
160.8638	570.35266
152.73875	561.17114
165.74625	558.43317
155.83026	565.9749
142.15607	552.9892
160.9908	562.8524
147.61826	568.818
155.6561	552.00305
160.33536	575.4026
144.23851	560.4849
