403.9868	391.3637
393.68478	378.83636
404.2868	410.04208
396.56082	412.32846
402.5852	363.18665
415.91693	373.32117
390.8677	410.81
376.85638	379.53397
408.48312	401.80203
365.4409	392.66534
405.24448	380.4262
398.8951	421.04828
380.1613	391.05655
425.40103	388.92715
399.63315	398.8612
381.5929	365.08624
379.71484	419.18985
375.66077	406.4074
407.79358	368.0104
379.56122	409.11584
390.07257	390.96786
419.72357	389.88132
386.9111	396.0413
390.70786	376.21042
419.3792	413.15533
361.27176	386.7209
410.94254	394.28998
383.9754	414.44937
835.52997	395.42487
846.62823	400.32214
830.05286	390.31085
838.35803	385.2851
838.7464	402.14923
816.9453	390.92358
840.0792	391.74515
818.46173	403.1699
826.9258	379.42374
831.951	405.7337
820.07776	397.17963
841.8418	377.98676
824.9297	406.90814
823.56885	387.27945
846.4476	390.70135
168.24547	89.02089
181.99222	80.95241
173.16573	78.01859
138.23462	59.366447
168.37807	67.46149
145.09808	98.63749
163.82568	62.612324
183.57964	111.337685
156.54744	80.72452
149.5248	75.88994
152.79703	102.05884
139.74109	82.11805
167.53645	113.233826
146.83109	89.47427
166.01286	101.30972
188.06158	85.34691
134.04176	68.574356
179.41415	67.11727
155.39674	89.69972
154.62393	57.5382
191.18709	111.526855
145.94461	116.74492
186.80295	73.444534
154.25833	107.10899
143.53104	68.018105
193.66531	78.56611
175.76538	101.96193
181.48837	59.725304
751.2172	392.5702
725.5061	396.53003
744.57434	397.79742
748.6299	410.52972
735.60626	376.6436
759.4415	387.54327
740.41595	406.70648
760.7414	382.3811
765.41376	400.5699
737.1079	398.99982
761.50055	375.21613
722.46045	398.5695
742.6214	393.0711
753.8776	400.71774
734.5336	385.52234
753.2651	372.62006
758.0955	411.75653
748.296	382.77783
761.9342	394.75888
745.7157	416.9533
160.49814	381.15662
169.19347	378.62616
152.05544	383.3287
175.44717	371.18207
164.03839	401.92905
150.08151	365.60327
176.7402	401.99582
161.80482	386.6637
172.95203	366.51453
170.80963	397.12827
149.79703	388.99536
178.66478	376.65063
148.78098	402.42096
166.866	360.52087
186.2155	382.75113
137.59264	389.95392
164.55374	374.89008
168.28842	405.8183
154.11302	357.30585
177.98544	390.15118
145.24052	396.3057
533.69934	366.3918
538.9922	402.35483
523.41174	366.13058
530.4507	396.89374
504.44794	409.39056
509.7216	390.22504
553.81335	395.38983
494.74274	401.78812
535.2721	378.8761
529.34515	409.2658
499.57285	385.52518
546.48334	400.3272
513.304	399.44028
519.324	384.1612
537.1802	415.4747
505.956	397.96603
536.40295	389.39502
533.6546	419.10968
513.02185	382.65714
519.493	399.2198
521.3087	412.85434
533.3324	373.7807
539.4781	393.78622
514.9103	373.82928
542.72034	381.80045
514.51855	417.4395
181.51077	273.4678
189.3522	256.2947
160.73709	250.36345
152.2411	234.52933
162.89664	263.66248
157.3038	223.82166
157.54758	239.87894
143.9574	254.37698
159.77075	215.11006
165.22128	273.93433
170.71614	218.9814
176.07825	218.86502
168.01953	237.0903
145.19017	230.21921
166.81409	249.43526
134.39264	256.06985
171.4675	244.55351
165.78264	268.38705
133.87503	243.02779
181.62221	242.5695
154.8016	262.37656
163.72932	232.38217
179.73831	258.29565
147.46997	241.52254
192.69022	236.12534
797.38275	52.4311
793.6528	47.491127
806.3018	48.400112
773.2794	50.135437
809.50476	31.33403
796.3675	62.807503
778.66974	46.478622
806.41125	42.819435
780.4334	59.741558
791.3546	32.37566
806.15674	62.83747
782.4657	54.80851
787.64124	59.395164
801.16003	69.91438
785.40094	43.015846
809.87317	36.599403
787.42914	69.1931
160.5238	488.6756
172.41194	500.12152
164.65813	496.8597
171.41876	491.07748
158.41779	521.82996
151.21964	485.56357
187.77663	507.29706
163.60051	513.5079
183.83755	503.7001
166.2015	527.93585
149.93353	505.84634
178.58534	496.81512
150.92236	523.90356
160.78654	506.48828
166.20792	520.4816
143.26952	500.00732
169.42422	479.6176
170.47507	508.2293
150.18561	494.10577
495.1933	89.25546
478.58112	100.166855
473.3964	77.73357
476.5543	123.24487
465.29907	93.516304
485.93878	72.660385
466.25626	97.520035
500.7215	68.15296
508.0092	93.2524
437.51984	94.9993
504.78937	64.02557
498.95068	132.12997
485.52603	96.86973
499.36542	97.66781
462.28363	108.75211
453.17383	64.87845
484.93945	119.39067
443.37753	100.82481
516.76825	89.28108
453.55728	115.886314
461.11752	88.57062
513.5726	113.49251
452.01392	96.04372
502.21176	85.21718
518.6641	98.75904
456.042	78.76238
488.65082	83.49083
469.14664	125.038185
463.14444	71.55983
663.2793	401.11667
644.0998	389.17337
652.192	395.85236
634.1159	384.0103
658.19073	378.74677
634.8206	403.6416
639.18463	413.11636
648.63715	366.9949
652.7965	405.3075
630.6285	394.55975
660.96466	393.35687
653.6646	413.64178
620.52356	382.52725
660.9667	382.5509
621.6728	404.1518
658.1645	373.15366
646.16846	408.1782
628.5337	401.8292
642.0276	398.54242
629.82935	411.7818
639.0399	373.61078
658.7808	415.25922
629.43494	386.77548
901.5287	386.52618
888.78925	403.2858
886.5348	386.24506
902.1125	397.58008
881.7765	396.95703
892.31396	384.37607
896.2796	403.68365
885.4497	392.48395
896.3826	390.49704
893.8372	396.40384
