172.2045	248.6218
145.54428	253.53606
139.5376	241.40181
139.83914	269.57892
130.03326	262.3808
157.91202	230.42935
131.59154	280.11237
126.02578	249.73361
152.40215	264.9508
141.72305	247.26982
163.44608	257.2288
174.72664	272.77264
128.78456	242.92361
161.76491	271.26633
150.5351	272.81668
151.55232	239.88889
173.75516	263.9882
123.52849	266.7608
167.034	234.29158
154.24982	271.2586
159.37524	237.06485
171.29703	254.76656
361.54388	381.55548
387.56717	405.7917
374.49493	407.3556
380.6557	388.5855
376.68918	382.51346
376.90945	418.10635
345.97504	412.9528
403.66058	387.47906
357.19696	395.34247
376.2347	372.66388
350.67136	399.7581
352.84076	383.88165
389.35706	388.0044
349.66125	416.8454
352.23553	371.24298
394.81378	414.72592
341.74976	384.4259
396.07166	375.08115
372.36557	418.07745
367.71518	405.2752
397.23215	398.19238
342.60568	396.0307
365.01318	392.63272
385.1083	427.46588
355.65106	409.12808
396.3541	385.64722
363.56842	402.7402
368.99408	364.18344
369.29507	425.58417
680.6002	401.2646
698.33246	396.30563
701.37146	408.17633
695.94147	405.9912
704.11414	396.79248
687.4194	405.36365
692.375	375.2573
701.46423	419.18448
688.1124	391.71805
709.74835	381.4901
689.4646	411.39044
687.25183	385.36737
706.3235	404.4533
674.7518	399.24866
699.46826	381.84198
699.3171	414.09076
674.97565	381.75592
705.3687	391.33994
729.6891	59.299652
732.3804	53.775097
751.377	84.68641
726.2329	37.705177
740.6283	58.621754
735.8375	64.38332
746.66895	54.331585
760.1311	63.757397
732.6429	84.429016
752.85425	55.54255
765.4886	76.39416
725.6233	70.036064
758.04156	52.93144
748.7896	77.23489
765.45056	50.69589
760.96045	71.46588
743.7054	71.124146
758.34436	41.133484
759.1144	81.59762
739.55	36.840317
182.21544	101.72606
133.15663	122.02638
183.49223	79.25851
138.94992	79.842804
122.21692	67.32788
175.97592	59.6374
181.31645	92.61087
131.3908	102.64292
165.06033	116.30846
104.17216	85.95957
143.86649	76.620926
146.23991	86.5876
125.2785	87.82471
169.17966	87.46895
141.43411	130.788
120.73091	97.03664
177.78065	129.04768
109.89028	93.46108
159.972	70.76385
149.9909	117.33439
166.76674	99.72034
188.75443	108.2525
133.37643	85.526794
145.8558	55.668224
163.10538	127.63153
118.0423	74.19316
164.76268	79.550156
138.74203	104.08107
135.62347	70.241776
523.22455	398.81958
470.1347	398.02625
508.76767	403.16278
515.78204	405.5641
490.0923	381.49185
508.93246	387.51874
489.20313	403.92075
498.26166	376.72556
508.6546	422.09326
480.4894	392.28137
515.16504	384.52008
496.88794	422.7918
483.01904	376.84756
513.2808	414.43716
478.9782	416.63068
509.3666	381.0323
493.81827	429.3816
471.1076	386.88165
517.3021	393.059
490.868	413.75885
488.76376	391.24442
500.1708	407.75876
482.4129	398.9139
501.86255	371.9488
604.142	392.65768
599.73157	380.6781
618.4372	401.83173
592.2104	411.00406
585.60175	395.61227
612.6737	414.73785
598.45074	402.45706
622.4998	386.32205
598.50305	410.08936
591.31726	386.05646
606.1902	396.58716
590.5726	397.7585
615.3003	384.80338
605.3004	420.59003
598.50195	390.362
618.0478	394.28113
587.4967	403.66968
607.73065	384.3516
625.00195	396.89288
581.95386	393.12704
768.3286	387.9492
761.6114	402.71838
753.6456	387.7397
774.26	404.058
754.36414	400.49478
767.9342	398.48502
768.9244	408.28595
759.2633	395.9447
774.63135	392.58633
757.9679	408.16898
762.515	387.94348
151.27603	520.387
138.2462	529.70886
159.19568	491.52765
140.97507	515.7492
144.64363	496.7309
171.39499	516.5294
145.50696	525.4796
149.8464	488.56982
166.5247	524.79663
128.9019	500.85986
167.30667	499.8107
160.57028	526.5485
137.83972	496.7224
161.39444	512.0924
134.86949	504.71722
157.7561	506.10318
154.1971	530.9791
148.69344	514.97144
173.70358	394.5861
133.1702	397.8874
140.0099	360.9726
167.10098	405.06677
123.467674	388.75006
162.82066	390.7387
157.2189	400.59003
157.10796	393.68185
162.5793	375.60724
150.79367	380.86154
162.2208	381.85168
146.58847	397.88556
135.97162	372.57925
170.94899	371.10504
140.49716	390.66718
137.27347	382.22018
162.89711	396.92392
136.52908	409.26062
142.94101	374.0879
157.97693	414.09497
453.47812	59.626984
481.72272	110.9576
415.62238	95.67988
435.1566	104.16814
466.94025	107.74337
425.6063	128.85947
481.87274	90.56315
476.11932	120.90405
442.36505	76.23883
452.80826	97.82942
433.6101	121.262405
446.80536	70.93034
447.0783	121.69891
445.76578	59.233112
460.70386	73.01509
457.75873	110.04417
477.76083	101.89284
486.58984	99.484055
410.30795	103.33948
486.673	80.025314
464.9533	93.5049
428.22623	103.341125
442.8649	98.437515
443.10318	126.44922
434.56552	56.324593
457.39737	132.97064
409.99603	84.25306
474.73764	72.25804
445.01578	135.84698
428.0616	97.55993
818.633	397.59793
803.30774	399.0377
814.94305	391.57944
817.03455	404.60483
805.04016	392.9365
824.954	393.1568
809.79675	405.594
817.55945	386.45984
820.8757	407.9191
810.69354	395.613
