771.46124	395.88162
766.2801	396.97186
768.4027	388.7916
779.2518	400.3772
761.3756	398.93036
785.7389	390.94476
765.64624	408.96698
763.07776	386.02902
778.1946	409.08032
760.06573	405.61102
777.0255	390.2452
774.4474	412.09308
127.73234	61.767223
115.119095	74.28462
139.67827	76.72596
147.56294	79.30557
164.80112	77.52327
149.01129	106.94963
158.94392	60.766624
153.54929	96.72722
122.890785	66.67181
149.10068	91.54901
130.0549	105.93207
175.51181	71.86849
167.09259	93.06485
140.5947	104.23341
173.54904	82.375145
136.32956	90.94768
134.89613	61.319435
178.76294	93.94814
126.29848	84.69829
180.58244	60.11082
135.42105	106.478226
133.42406	74.06269
179.95042	86.64446
156.5621	104.51658
149.93987	54.61925
418.32993	101.67784
408.8033	80.96028
429.13785	95.75613
455.93488	88.06619
415.2679	88.960396
455.9455	101.60897
416.19098	129.27895
469.3732	90.5931
469.8444	111.633545
429.96182	80.04158
440.9367	106.537155
412.6137	113.68496
444.08633	77.76974
493.16235	137.49771
426.43427	118.97908
488.517	55.218975
441.71295	133.61852
444.75668	88.85293
479.01715	93.57992
449.85562	124.38405
481.09833	74.779076
477.65747	99.21962
411.6599	99.45255
477.68637	87.041534
456.84003	124.349106
467.91107	63.292786
478.70963	126.80918
425.81543	109.87883
455.68573	67.28694
467.65985	124.60603
162.66388	378.86218
136.86658	396.95444
131.84906	399.81833
154.63284	375.15317
168.39789	394.2356
134.73026	376.75626
157.90443	386.6812
159.14359	408.4427
144.76128	376.11667
171.47963	377.25873
139.26633	386.4982
151.20023	368.4577
158.40347	397.0954
131.70686	369.28
159.78705	363.58685
147.51773	402.97296
142.96284	369.65912
151.33041	388.07693
829.2501	401.46222
828.69885	392.31
830.58484	410.03506
818.46515	389.39688
833.94934	397.38004
815.89294	404.01678
833.43115	385.51456
838.508	405.9986
820.4173	394.89142
840.89453	396.05994
822.6517	408.7804
680.47485	402.25964
717.17786	406.39325
699.1311	393.84186
701.3479	381.50186
706.90015	406.23773
681.89514	391.23468
698.75653	402.91547
686.49774	413.41132
691.16754	386.59363
707.22406	414.9857
690.9347	393.80353
708.5582	392.46597
693.9012	407.27472
690.80597	379.99374
710.8452	384.22852
680.94275	408.0108
706.05334	399.35672
696.31415	413.50327
350.60187	398.6314
371.60248	394.8588
388.09686	415.68423
359.87567	397.0699
391.87744	407.13287
347.32898	405.14493
378.43256	380.0121
375.6002	420.75034
354.27365	378.6939
361.19492	385.34253
361.01526	416.22983
385.0172	387.2517
372.24567	403.86554
341.19977	400.09454
389.34015	394.0601
355.058	413.03067
371.64886	365.23193
398.9944	394.8552
360.5047	404.564
371.0893	370.1309
382.88977	425.74545
339.91757	388.28055
387.34503	402.80435
347.8705	419.77582
350.05853	392.8128
380.37054	407.70407
341.10663	406.47296
160.07579	484.1945
166.09628	505.58563
133.30258	488.30167
163.16714	498.42465
144.60767	505.92374
152.8379	472.84424
148.30289	499.68414
152.5917	480.2207
152.86333	491.95477
139.83209	494.8482
141.933	483.08673
143.81723	487.14273
134.17325	496.17807
160.11905	477.76385
605.07306	418.62296
591.4521	390.55243
618.3732	400.6424
597.8746	411.60992
604.0086	403.0173
616.73474	420.73907
584.8988	391.9991
614.1126	384.42084
595.1066	395.3455
591.6279	383.21298
605.79926	388.9191
596.5348	405.74786
623.4699	384.72702
617.6453	406.46768
587.4434	404.30457
618.89856	392.27612
606.7704	408.81137
605.7906	380.19855
615.2477	414.16275
482.94073	408.64844
494.38193	365.04962
505.00348	416.39337
476.75336	396.35858
511.8986	394.4054
494.24445	407.00946
491.67188	393.50092
496.5598	414.1831
483.9348	400.47266
516.0626	376.8633
497.81635	403.456
477.20483	383.35992
509.00137	414.0289
491.1508	418.15704
511.1476	388.19925
515.84985	413.32993
487.17316	367.5412
514.607	421.38873
470.64658	408.9464
500.25333	380.0892
506.58243	405.6872
470.8221	400.30243
506.36923	376.26276
499.46808	425.2396
487.72516	386.72604
137.10922	242.16257
121.07212	258.22882
139.40694	223.43576
155.48439	275.02423
135.90044	237.34785
173.78995	214.74638
140.07083	263.46027
122.8301	222.29077
163.10304	274.3199
155.40118	242.46042
147.56903	236.0949
166.05046	246.63626
142.46394	207.79138
178.65791	255.73413
140.69862	275.4574
154.74855	229.19553
163.17107	261.56454
124.864334	235.87357
172.16335	238.0656
141.20383	228.89453
130.89369	248.88887
174.56035	248.59619
143.05959	258.65887
164.75339	232.42888
761.4952	83.75753
738.0587	41.87719
768.92896	67.10821
749.1496	87.865524
750.3234	43.84543
751.37354	84.107834
727.8308	66.16347
739.1887	55.573326
733.68384	64.603775
757.9042	59.601555
748.0465	73.33272
758.6915	98.65477
767.019	52.391033
741.5228	82.89094
722.8943	76.894
759.7888	68.28471
764.73126	90.87182
725.51483	57.4505
775.21204	81.54399
729.4312	77.39143
752.98865	50.293606
