826.9171	396.64185
834.3502	386.82452
825.17053	389.4708
832.9375	400.92743
817.6771	385.85745
839.96765	382.25354
828.4154	405.61545
822.34735	381.58063
838.5509	400.6459
817.7124	394.41888
829.11523	379.6704
827.7834	412.05518
812.7104	397.46408
843.3704	389.42804
821.13416	402.02182
519.6663	394.916
541.8669	377.47134
501.04453	383.0941
542.39685	389.53946
507.80426	397.85577
518.7145	376.5194
530.96375	404.72906
505.27045	391.2281
531.7396	378.155
548.97	410.90372
532.2945	389.57843
537.0451	397.4177
517.8426	418.9521
514.90686	371.76385
551.97546	401.11737
498.8715	403.5328
528.1361	369.9468
544.4613	405.8957
507.19873	378.2657
539.3602	403.36917
523.8116	405.43433
543.76526	370.04913
542.8085	416.31494
523.60706	412.6779
548.2809	383.74677
507.1745	417.06146
139.05576	360.41428
163.96451	386.72888
144.00305	381.19376
164.56178	375.70978
152.50542	385.15448
165.42365	361.7946
175.94724	361.28226
175.24759	391.2121
154.71762	348.32803
182.8783	378.15347
145.20609	372.46866
171.70918	370.95746
152.87491	363.50586
154.09915	377.16653
176.86026	375.859
162.52682	391.49576
179.47153	356.64056
181.6016	386.19196
386.535	395.50555
415.10907	373.81277
401.05365	414.41718
395.1728	370.20032
410.85297	411.34576
403.29492	391.87326
418.45996	384.92734
385.07648	387.0567
389.71533	382.15588
404.76044	403.62387
385.67816	420.1332
411.4397	367.71463
402.35175	382.21115
379.38922	400.78247
402.6905	377.22406
391.56683	411.54932
368.565	384.4826
415.26675	409.74762
369.42496	398.3968
389.58405	368.48553
396.43118	403.16022
380.92636	377.35748
416.69962	401.9058
376.32617	405.9991
387.7392	376.27548
424.2833	400.09674
377.45538	415.0092
478.63223	127.85349
472.60687	93.17967
441.88647	85.289215
501.75214	82.59075
452.42667	83.74051
473.43964	75.74619
498.0709	97.12215
473.09198	106.24076
508.51358	87.17119
487.78476	83.48589
461.95135	75.042656
509.8296	112.053856
456.09854	108.31504
498.39825	65.32656
475.3163	120.87044
469.11322	109.98201
500.32465	78.799416
463.11182	123.32764
488.57568	71.83043
491.7584	114.2807
449.2438	66.58861
484.04355	79.07859
490.15878	94.1989
485.9	57.791603
501.6149	93.68712
460.89117	128.02705
467.53754	70.311676
495.4041	120.33962
782.5456	36.92427
809.39215	55.710693
788.99915	51.561096
801.9056	37.529053
801.6322	57.10128
790.719	66.61924
798.3773	47.879456
798.4286	67.898186
774.61005	51.993244
784.73	46.173134
788.882	71.30394
789.5813	32.91843
809.2935	62.568157
780.2946	63.10131
813.2131	52.13691
787.9386	59.598457
793.35944	41.34783
751.35706	398.55167
733.9872	400.72366
749.2951	389.9392
758.8368	400.81873
739.2914	388.11957
767.4658	396.16107
750.25354	409.1946
744.0387	378.7513
760.61523	391.69275
729.39886	392.9959
763.64044	385.05267
742.68005	398.76752
735.66864	382.8484
754.8981	386.9025
736.88617	407.45633
750.1208	378.10928
756.1699	408.2233
137.99306	227.52747
163.79895	252.17496
161.44702	248.14542
142.66563	219.52348
188.95049	245.77055
144.03775	254.7268
177.11404	230.41313
168.59888	263.46082
168.55945	227.26509
175.90213	257.36548
158.73552	270.1213
172.45547	211.68929
159.03355	256.99564
151.04941	238.86653
175.52533	221.17477
170.51546	255.32405
145.64857	231.29541
191.44249	231.05042
154.26688	245.66936
164.65291	240.99149
179.66084	250.28995
141.82907	245.63396
183.30484	243.4509
143.24155	266.67236
896.8441	378.85324
910.65155	397.5417
886.39404	400.00958
896.9574	388.26907
897.724	410.69083
885.98914	392.44662
915.95325	393.0898
893.15607	398.81598
907.19696	387.69727
908.5387	404.77936
903.9498	392.39444
910.4498	381.02386
899.4326	399.00842
889.89667	385.62265
672.87897	402.06708
646.42316	381.99466
651.8102	392.10013
658.1985	418.1901
638.4296	372.32123
675.00903	395.2475
645.0529	417.98975
650.4792	385.88278
643.2841	393.24423
638.5618	392.36462
659.97864	385.78497
662.88776	406.99197
627.23596	381.36044
658.0356	392.86026
631.7894	400.05133
637.2174	380.97134
659.5709	402.38092
624.3263	394.1668
661.0415	378.2055
645.0696	399.94757
648.80023	368.84875
655.07916	413.59628
636.7415	409.58786
168.56679	69.88155
148.73209	102.63722
169.46574	99.51736
178.79095	61.156353
153.17296	108.96537
166.92073	80.008125
168.31265	115.957375
146.51378	73.646194
189.31673	75.290115
163.04599	118.937706
161.6289	74.04328
195.51749	79.13591
156.59088	85.39845
162.48112	54.711224
183.34903	107.33722
130.83809	87.19365
194.18399	94.25902
179.74287	111.62695
154.41852	62.27248
156.86969	95.46451
139.57582	71.72085
189.16019	53.933014
169.87103	90.87436
145.2242	60.57276
204.89197	91.3391
138.79866	91.06206
160.16663	44.221035
181.7806	491.7082
140.82455	476.9708
181.42278	482.8222
174.05707	500.6687
157.7233	477.854
164.32834	489.57526
157.50163	468.80695
174.07037	469.37485
150.34195	486.89267
148.19263	479.1329
164.41386	481.97812
163.40363	497.25537
175.86142	461.17523
172.88492	491.0873
149.7918	495.336
163.54399	467.60416
156.81345	482.56406
