391.24765	389.98306
375.72662	415.02887
364.10538	382.86783
396.5767	411.35254
343.63113	402.31903
370.05804	384.90372
360.61566	400.98196
386.77588	382.59583
377.67145	400.6623
353.63474	403.0713
373.00055	391.77838
386.39508	412.68066
357.74765	395.73535
400.4018	405.04297
352.29532	428.55548
389.3268	366.61765
379.06668	432.1214
364.02655	429.00943
370.55078	372.23428
360.93085	410.2337
363.71112	376.30347
403.37555	400.04083
347.25848	410.23456
397.1968	382.89362
379.25104	421.78485
344.83905	391.44797
378.41205	390.35175
368.14523	426.008
358.56808	367.31244
153.72775	69.92235
140.14786	91.57097
170.7716	58.462624
182.52727	115.18237
108.399574	75.39617
163.75201	78.99141
144.86026	117.234764
168.18362	105.636986
168.02777	121.36134
132.97025	53.727272
179.72777	94.45237
131.02989	90.70551
149.61652	61.97602
165.37802	87.75343
117.073715	110.18418
140.39491	87.008286
155.85544	135.53679
118.22304	93.36564
176.78687	77.27323
150.16202	126.26393
157.14287	89.934494
176.36948	104.56152
129.01247	99.829956
174.21822	63.902996
158.94778	124.96102
134.3153	78.07438
154.45403	82.96556
107.15983	108.93203
764.4719	44.00297
761.9303	61.025898
746.1714	83.32283
776.1269	52.20694
736.6417	91.12892
746.87616	75.299484
768.30835	78.817245
729.6614	73.8349
770.33307	62.322895
752.1815	78.47281
724.6484	48.63502
720.2658	78.04515
741.8453	56.139454
741.45416	40.229034
752.8146	69.70211
730.36096	57.311626
755.369	59.28182
759.07465	84.2286
731.84875	66.05577
765.7806	69.2318
611.4854	412.2359
634.3058	379.7586
622.67395	401.1048
615.348	398.01093
639.7116	408.8399
624.15265	409.73227
631.478	385.88705
648.7577	393.33344
628.8858	392.41077
639.2829	399.02908
631.7605	412.97076
620.6253	394.06055
630.5766	398.6609
625.0914	416.67743
618.89685	386.9001
632.7639	404.3777
608.4016	402.1975
639.9711	390.39508
139.04158	386.58588
151.44644	384.66376
161.71513	411.07065
137.18361	397.96545
164.27345	375.13095
145.64377	419.00482
148.5305	392.58774
140.53029	405.37897
131.53056	407.30167
148.99252	405.49692
167.95178	403.48105
133.0811	389.70096
166.58304	392.22018
148.51468	411.85287
123.71831	390.4726
160.44243	403.7242
160.4656	420.881
158.70201	390.4356
796.1009	406.81393
775.51404	397.35248
796.1837	397.03973
784.9992	401.7853
787.8503	388.60895
790.64667	401.2638
778.8014	405.84924
794.66705	390.03278
789.6006	409.4591
784.4655	393.86685
151.17278	268.68912
156.54567	250.36914
145.23221	239.09912
144.51001	280.84665
118.477585	261.973
172.20778	253.72798
155.85446	278.38727
131.61021	255.23996
182.29573	261.78253
148.61885	253.4755
152.74884	233.94644
163.99661	275.62704
139.62474	261.8045
166.06409	269.22784
125.4594	272.76764
152.82114	247.35959
141.77103	272.0735
135.16414	277.9548
168.2502	250.09477
159.51054	295.93637
128.11249	246.67122
169.96402	235.76517
123.800644	280.61646
713.63776	391.47772
730.81903	403.911
710.074	395.1491
723.08154	387.2929
716.50903	416.4056
699.4291	394.2568
724.17737	402.47147
719.8096	396.75848
722.51013	380.64948
719.704	410.48224
709.7853	384.53802
730.5364	396.27368
704.27734	414.93033
716.07	385.93805
725.26794	413.51117
703.99915	405.2962
740.9805	394.02304
717.24225	405.25357
426.79776	104.28621
483.42242	92.98254
432.27325	108.40938
459.95532	70.53429
469.4794	110.05896
469.0224	105.2205
455.41348	79.08653
450.9649	108.58057
476.14096	95.615654
464.80225	65.98571
419.52228	121.6011
441.17413	82.19567
467.4528	127.77533
440.4621	107.6169
484.03107	81.469894
421.7771	95.66825
425.20587	81.12617
453.76328	120.54736
449.78232	99.37413
467.20697	85.04047
443.65918	136.4625
415.26416	74.96495
458.78598	139.7601
413.7538	108.14702
448.62207	70.48754
454.15454	140.42087
435.16113	69.73944
485.23615	105.56236
418.35977	127.9879
454.38812	75.65791
159.39749	572.2258
145.54457	562.01904
153.78053	554.5748
146.01964	577.8211
147.3426	557.485
155.66519	566.5387
144.36014	570.10504
156.20854	560.86633
149.8286	567.5282
138.29086	564.3161
505.84384	370.7555
526.47076	416.90692
531.84784	396.197
511.1479	419.23477
482.5528	418.1043
502.76147	385.33127
524.90857	422.9698
491.7359	389.68393
531.09924	384.35828
504.48993	413.6125
526.05396	370.7002
529.8122	426.23773
488.36215	398.89606
514.0885	391.1009
496.53174	404.06305
520.1509	400.4083
524.4984	395.89764
491.7082	412.3479
522.0068	381.44238
509.57886	428.31357
484.79965	388.76678
547.3876	390.0996
499.42813	394.91693
498.3869	376.21054
541.1942	403.22638
520.85535	405.5681
536.12555	381.7093
523.4608	412.37567
136.27206	485.0285
153.23802	498.02515
144.18552	500.21216
150.44806	490.25775
158.9263	502.2317
145.10172	492.94693
158.35248	492.00952
148.35025	505.96957
146.98729	479.75385
164.55328	499.39093
138.29683	500.38116
