179.69534	373.09262
157.70738	378.57825
161.17474	386.37347
166.45375	379.03287
163.69974	360.9007
186.57706	389.99896
140.35129	396.8752
143.57704	381.52783
174.96799	400.50198
170.18999	389.86847
163.90263	368.7336
170.07925	406.66327
149.52965	392.04178
188.51997	377.1175
158.03688	390.94992
154.67941	364.52066
182.98163	398.39877
139.33603	389.9179
173.5784	364.31268
159.35715	399.75662
145.97581	371.13672
398.5754	386.4712
381.58304	401.57025
392.1765	369.09528
409.75006	410.11948
370.42288	380.73712
411.92316	395.84473
365.27408	409.1728
401.65045	395.68146
408.90897	422.25195
396.3171	417.9293
399.82068	377.83734
397.97806	409.81445
384.21628	385.4661
421.7398	395.99246
379.33426	415.2562
420.85098	376.4887
423.14462	415.08072
367.31155	392.72223
385.1234	373.6968
391.30573	397.9313
375.7252	374.76624
419.2912	403.74554
377.33365	410.32086
412.44995	372.56256
401.81107	420.99893
384.46164	394.627
408.16293	378.33087
386.47098	409.37936
384.66385	377.65186
175.03119	514.7183
143.26727	501.2045
181.49757	492.29752
155.49788	504.0562
174.53497	504.37042
156.86258	498.28214
147.9874	510.4987
167.98044	490.21045
167.29587	503.37653
145.58365	487.82935
176.75223	484.406
159.86438	513.5084
155.13235	480.48544
180.56387	498.19427
153.51276	491.6411
160.08928	490.14307
906.1929	407.6773
899.87976	395.03372
905.4237	401.28098
890.4542	406.28986
901.55945	385.5258
913.4198	401.35333
888.6711	390.45346
907.58923	391.27072
898.071	405.63168
895.77185	388.76996
913.7584	387.18588
892.59863	398.63
907.32043	384.25702
810.6874	62.423103
787.95935	49.674004
797.84784	55.071888
776.39044	57.42561
785.19775	34.35585
796.04706	63.464912
785.2555	43.817577
805.17566	40.75643
790.37195	59.853157
800.1024	41.299397
810.9778	48.046604
784.37396	59.460438
795.53217	33.759224
806.7842	55.84838
779.2313	46.803246
806.8662	32.70791
638.64276	394.41937
640.71967	387.6458
658.6896	407.71854
640.35126	377.37723
647.47894	402.22388
643.731	406.7591
616.3607	384.72913
642.9431	383.11127
639.6896	418.10385
637.08276	374.0793
652.5263	391.9688
622.5512	413.48486
648.61334	380.9925
634.1539	408.32703
629.1974	390.08786
663.07544	399.4356
627.23376	397.92914
629.04456	384.06018
648.9899	415.3388
616.9354	397.76413
656.5519	382.14236
624.88025	403.6437
461.4337	88.65203
508.31967	120.008194
491.6892	102.53229
468.90518	68.926865
477.03622	82.57896
448.89545	76.513565
465.84854	101.4283
464.39142	134.98578
498.07413	108.919395
470.73315	101.62587
456.57626	121.388306
478.33124	59.899303
477.95615	128.1142
452.70648	72.2728
500.26483	93.09172
474.60385	117.70941
509.0416	77.002235
490.1319	122.00875
455.37103	86.922134
517.4582	92.53759
467.8478	91.27979
483.52676	71.96239
489.5301	113.93872
469.4533	127.58311
503.7186	85.39225
457.79462	109.4999
459.5629	80.53125
525.76886	83.42885
462.9417	117.909584
490.04834	79.21853
536.73206	397.27628
520.4103	400.09024
555.6607	412.56952
526.7543	403.111
518.5111	377.25067
540.24664	389.95215
515.6278	387.9438
540.08746	383.74704
530.08264	396.91025
512.54205	370.85022
550.0764	406.04187
512.7881	413.72528
531.0451	381.40665
539.9027	411.04224
510.71613	398.34775
528.34314	373.44598
523.1798	418.43344
506.1352	376.50134
531.0761	409.6271
506.6665	405.80856
524.39844	392.8671
524.0486	411.9872
498.50058	400.79877
541.58295	375.89273
729.60126	414.64566
742.6368	382.5359
756.4431	407.96356
726.034	392.4569
748.14075	408.14417
734.6814	412.0644
746.1445	386.5103
764.7894	380.8259
737.99884	406.23865
743.8109	373.34863
739.17914	395.6364
735.71063	392.07697
748.81415	391.06882
744.39655	399.3992
732.46533	390.53052
763.9649	405.779
728.1822	403.67053
757.61194	377.3062
756.3458	414.5477
727.4144	386.06195
758.2538	390.4424
156.1218	105.33901
147.25587	104.80621
149.47311	77.199814
121.05385	97.85542
189.4492	86.53921
172.46877	109.95891
165.76376	62.82784
194.5219	79.3922
181.90224	84.27001
143.4603	71.0416
166.77664	121.37825
171.3459	102.62421
175.42845	77.3803
160.2338	96.55629
153.517	59.35932
192.51512	92.2809
133.18333	91.61656
151.45682	69.29207
167.40408	86.402145
134.59042	85.0282
182.85355	95.58715
132.2614	98.32538
165.19826	53.355366
151.9678	87.135025
138.55563	79.41917
190.19328	45.977116
147.34113	117.772354
175.48227	70.02434
843.51105	389.00134
828.6082	399.59842
836.56024	393.12247
833.9663	409.61826
820.14197	397.9767
841.53534	380.3946
826.8197	411.94977
825.7521	381.79413
843.49866	399.72012
819.459	387.7187
836.23303	385.07028
838.0609	399.40207
829.78625	390.26605
848.6256	399.83798
822.6637	406.3673
172.4062	229.33382
151.40778	227.80704
154.42152	258.24957
171.63919	254.91818
140.55725	264.2132
157.60031	227.29414
177.6624	259.42596
134.11862	262.72726
157.0975	211.96976
156.98672	271.03705
150.19247	236.15036
180.9118	242.2988
166.69223	245.70659
155.20116	218.9729
188.73961	261.11557
134.95657	232.1377
166.59114	238.7487
182.00806	270.10736
152.2336	251.31516
188.60405	233.11711
161.0355	245.03777
181.12276	226.6374
173.15921	263.35297
146.02663	243.19186
