849.99835	380.13412
845.69025	377.62283
841.3329	375.80087
848.29333	382.69977
841.56836	378.96503
851.17303	377.3713
843.7503	383.653
845.30255	380.84808
848.0495	375.6981
840.96155	382.00278
845.39777	373.97388
847.3048	385.82477
175.77208	416.34415
181.65002	423.16815
171.97879	417.29117
183.91489	407.9477
170.94771	413.27362
168.49045	420.56305
176.88455	423.28143
182.88101	419.0529
175.71146	408.56863
181.92891	411.00415
172.75726	424.48737
177.67136	407.19058
179.5098	412.5921
171.07564	406.674
173.89102	412.44986
178.33337	419.4759
172.39784	409.9926
180.6771	415.5096
167.78165	414.13214
185.01369	416.4793
174.08258	419.3685
796.88	377.33755
801.86926	376.19406
803.59216	385.7857
808.5417	375.75882
806.2124	373.2722
805.1495	383.7317
808.629	378.08078
799.9154	386.55902
803.8961	379.54877
809.12024	381.02203
797.2819	379.4726
797.146	374.19113
807.8771	383.2115
800.6966	381.58014
802.1808	372.84576
796.5746	382.90247
549.8941	371.56415
560.13074	378.20282
557.3167	380.97415
554.521	370.6404
553.69464	375.56693
555.4555	378.61835
551.9576	382.88846
546.84076	376.83258
560.5838	374.17108
549.2472	390.00058
547.29297	372.74432
564.28455	379.185
552.19147	386.65805
548.2249	382.86368
555.42206	383.70932
542.536	378.508
549.7384	376.3103
556.78937	388.23795
549.1234	380.4305
559.51556	385.21066
543.89606	382.2823
555.72845	374.54474
561.5681	382.93298
165.1051	241.93655
184.99796	238.25723
177.23335	252.62874
169.87805	233.61575
184.01852	248.94717
169.46584	239.02335
182.54974	242.8649
179.29176	240.89693
172.17546	245.34651
180.24088	233.48457
179.48074	248.71228
172.56711	240.94516
185.58258	246.36453
176.51564	238.68916
176.7706	233.84897
181.25969	245.00772
167.76974	248.1301
176.1273	244.52759
166.53505	251.37906
172.27377	237.27962
171.7801	249.06717
176.30458	247.97192
185.94327	241.03073
623.1377	385.86813
614.93994	378.52975
631.5187	373.1485
620.66156	384.79892
615.1417	375.9416
623.9023	378.5916
621.86835	374.83307
629.14825	380.0237
627.215	385.4143
616.7773	371.65115
630.2888	383.1796
625.67175	375.07477
631.3204	377.10782
619.95	389.16486
622.4435	381.41275
631.1488	386.07144
627.05005	378.58792
625.673	371.95325
624.39465	388.69574
617.7804	379.79678
628.9075	373.0759
614.2298	383.20978
620.20636	369.6954
177.60632	552.4617
172.31622	546.09644
176.4567	556.2401
181.15414	555.0437
180.24799	551.4006
180.83247	547.4874
173.15195	549.61346
174.35793	542.32465
183.41653	546.3888
175.43741	545.3729
178.96243	543.4704
172.90865	554.0757
169.40973	547.8024
177.30952	547.5382
170.62376	552.4865
177.55992	59.44224
179.79132	51.9539
173.42378	59.520393
182.52763	42.351128
182.05618	47.20549
186.3404	49.068565
178.64359	56.091137
181.99994	63.18911
163.44739	51.397938
176.11266	63.316216
172.31752	47.76044
178.02652	49.44183
169.51793	61.945477
173.69792	40.959206
187.88382	58.958466
170.14981	43.3613
187.79837	44.923145
171.32306	52.47767
175.61917	44.402596
186.07303	55.32544
167.66776	48.934784
183.27884	52.92451
169.48444	56.311512
165.01894	42.792507
178.63316	44.669304
165.32866	55.000538
174.4314	55.22585
187.34032	145.06657
179.76006	157.5346
187.85376	153.51865
184.20663	151.97122
168.71822	142.6328
184.03703	156.82034
178.47534	150.90315
171.95523	140.95454
170.9979	151.75352
166.95044	152.52524
175.08449	149.04776
163.18222	154.14014
179.14618	144.82193
182.37953	147.85442
169.18526	160.36278
184.304	143.6227
173.39638	159.33493
176.61345	146.67241
175.39297	154.81964
171.14914	148.50932
179.81645	153.80449
176.9099	160.2527
167.46667	146.59334
174.01418	142.25821
182.48288	162.45079
878.5939	375.60916
879.47034	380.49844
876.23376	381.4912
882.48914	378.30957
877.5324	378.07858
874.3752	378.45123
883.92883	380.7959
878.27527	384.11505
881.3329	374.97772
881.6041	383.36148
489.92523	68.97916
474.96548	72.83634
473.25006	69.4693
470.36456	78.99561
489.18808	83.33288
464.76776	82.59938
504.32416	80.0406
488.33017	76.34522
472.45807	65.934555
490.9022	86.03182
486.84937	85.08227
474.98944	76.19563
488.32657	94.25372
461.2689	76.7422
473.57138	89.09526
479.75073	87.827225
478.68375	60.649498
466.61298	70.317764
481.4422	94.530594
464.848	74.206924
498.02393	92.232635
483.17612	81.27312
479.96393	71.35271
493.7068	73.191475
495.32925	79.92372
485.91943	64.60744
480.81192	75.1219
476.4101	84.6354
463.87335	93.68982
469.68066	96.92221
176.18228	333.86673
170.58243	328.7442
175.10526	319.1367
186.11423	332.22598
167.54465	333.39563
185.66173	329.72128
176.37303	327.92926
165.16231	328.65518
173.44266	328.9765
175.29935	339.14185
179.73145	328.8343
169.66023	339.60574
172.61646	332.76443
182.7848	323.33655
184.52847	327.044
169.19087	324.3206
179.62016	343.07382
169.69254	336.39792
177.79611	320.6918
185.83789	335.42053
175.78703	324.9571
178.32472	337.83975
182.414	335.92218
748.776	376.4623
755.318	383.87253
750.62537	385.61758
751.6099	373.54816
751.582	382.00125
744.9073	376.31335
755.4551	377.39465
746.4174	380.91483
756.22516	374.3066
753.40027	386.59982
749.3308	380.4273
761.1089	375.59296
746.5054	384.95856
749.8143	371.32303
759.79047	382.17273
753.0274	378.35388
755.92334	380.90372
791.88477	52.267204
779.3329	62.30963
792.0853	55.536438
796.2617	48.03188
779.21234	40.34537
776.2398	49.877396
769.7721	52.27486
784.21265	50.643394
787.9273	56.773945
778.6768	47.38044
785.6105	60.84212
773.5448	46.67986
788.33356	50.1574
782.1225	59.04789
772.46375	51.343422
786.0735	43.033134
779.2296	55.278027
787.29675	36.920937
792.0139	47.912727
784.77954	46.372395
793.8627	43.72009
775.0065	54.795807
777.0398	43.217445
790.3684	44.632713
785.44586	54.89834
782.31805	38.97953
394.89926	388.73694
392.00894	379.21967
398.6469	384.74783
392.9687	370.24557
389.6563	383.54657
401.66043	381.4792
386.65015	379.30112
403.22025	366.86713
393.49545	385.7282
388.81494	372.74136
400.61713	370.21262
383.85577	384.77536
396.07687	369.8965
406.5325	378.1104
399.34372	391.15637
398.467	387.68668
405.40802	383.13385
392.33548	373.9575
399.6539	377.7679
402.1575	386.0666
403.40594	375.57153
391.4095	392.11752
395.9068	377.7241
393.37994	381.91205
387.47394	386.30704
390.00372	367.17072
404.6895	370.60547
383.7479	377.99222
487.51776	376.26147
472.6246	389.60126
473.77612	378.16727
467.61407	376.7075
478.0934	389.96027
474.89713	369.8825
486.04932	381.602
469.11377	373.08
488.29208	379.46616
486.14795	372.42914
476.9777	376.97192
487.44147	385.28802
474.3522	385.4589
482.80524	369.51318
484.22754	388.4826
468.0315	381.04657
474.77118	381.48553
483.99274	375.64432
471.23315	382.0469
481.0229	382.58344
473.87128	372.34177
479.64825	374.15137
479.9057	387.76398
479.92706	371.37103
478.6629	381.1402
470.59247	385.6232
172.19649	495.9611
173.50832	492.95844
171.22691	485.45563
184.28531	487.20514
171.8419	489.75772
171.42014	482.25977
182.07095	484.6748
178.27408	492.81998
177.92798	483.89325
176.71854	487.26068
175.39801	490.76385
181.52298	489.6433
174.32147	484.75015
176.77344	480.0804
180.64606	495.8235
168.90692	489.44907
180.23645	480.95053
686.22595	387.94885
690.8288	381.15057
695.12415	376.832
683.56635	380.71402
693.71204	372.3781
694.2306	388.54565
687.1218	381.1807
698.6296	374.19354
689.74835	385.18146
689.6057	370.4328
698.76294	386.31116
689.896	377.9168
697.3042	370.86707
694.0157	384.20853
691.55225	374.77032
700.7763	377.8814
692.05457	388.17465
684.8103	376.7236
699.58417	383.60477
688.20435	373.91974
698.8814	380.70905
695.1178	379.48822
