837.7873	380.4884
830.874	382.5008
832.5926	374.5129
840.32227	387.15363
824.2703	378.76495
843.5192	375.22504
829.58496	391.20737
827.8063	371.5197
845.7069	383.89557
824.7804	385.4775
838.02655	370.81598
836.16766	391.18677
691.0534	380.12158
699.03455	378.5359
691.50397	386.4628
693.66254	374.52744
698.6937	385.353
684.44055	382.99475
702.953	372.84894
693.01514	392.975
688.62146	368.6147
706.4323	387.38284
685.45496	390.61685
695.37463	368.0669
700.83813	392.34955
681.03625	377.9794
706.8988	379.37494
578.0192	385.68353
574.88245	376.02277
577.81604	379.91763
569.86365	384.6539
581.0831	371.1561
577.99634	390.93655
565.0715	374.57782
586.9589	373.555
563.773	391.43152
568.9227	371.0841
585.08685	392.97137
560.9696	383.08475
591.4518	369.16962
572.29767	397.19122
559.37054	369.08035
584.66986	384.01474
556.9831	387.98343
577.8944	363.02637
580.4096	397.53687
558.3987	378.10873
593.56836	379.95123
565.3953	396.0047
571.03186	363.52164
591.3313	389.32913
458.25763	85.104355
492.66913	86.07265
482.91293	80.15927
470.67706	87.94856
496.68097	92.73799
477.62686	86.3944
485.08136	75.821335
504.80273	93.275894
455.89902	78.988754
487.27945	61.831005
473.67944	96.14595
472.5414	53.629997
502.5567	83.91878
450.13544	93.59035
481.54706	63.074554
478.5065	110.545715
480.36444	69.843094
492.5843	73.55354
470.91022	105.584755
470.78156	63.95542
476.7377	102.32015
450.07944	74.35875
502.51025	68.295296
482.85	96.39345
467.04657	71.68709
496.931	75.22277
462.08243	92.64726
490.97623	59.471905
488.53842	101.97618
461.28116	65.46224
180.75705	405.9861
170.07417	418.60294
171.288	400.19507
179.87445	414.63458
165.95319	414.25592
177.4378	400.54507
176.00786	422.82794
166.33852	405.29208
186.32939	416.29523
161.39566	418.56903
175.16867	410.20947
182.11404	423.7535
160.83438	408.1468
186.78873	407.2045
170.15384	425.9955
482.41107	369.45743
489.1772	383.10406
491.85272	389.3294
496.87085	381.14954
496.5541	398.073
473.0018	371.9933
507.84595	380.38892
482.43057	387.6339
494.2189	369.07974
501.3418	384.42838
480.97623	377.408
495.0913	374.52924
491.09506	394.48663
482.3312	364.24255
507.39777	386.17105
478.75958	393.29086
498.63388	361.49057
502.72998	391.8677
474.5517	380.60724
509.96103	375.0496
483.43695	396.1539
488.98755	363.8128
506.9134	396.573
471.35913	387.73016
504.25546	369.2629
488.2448	401.78656
475.83096	365.85168
877.2082	380.27045
867.22864	389.79608
869.363	373.65756
876.9299	390.91724
865.3251	380.76923
881.3297	374.52945
872.71356	387.09048
862.94775	374.51947
881.5724	384.5956
862.609	385.14188
874.2001	370.67245
793.11865	66.27493
778.4189	60.741386
789.37134	54.67054
771.99646	71.52095
783.6433	50.15721
785.6391	62.23188
768.00073	65.992455
795.90173	46.421097
778.20245	65.916
768.36127	47.457928
804.32477	58.349648
764.277	71.31593
785.67773	37.551193
793.9708	77.34132
768.21356	57.212006
802.033	47.91854
782.4929	79.21789
778.8337	40.302845
804.0279	72.97572
761.4692	61.408867
792.9106	40.05056
786.7304	76.86875
778.7429	48.259514
803.53406	64.53228
775.8037	78.14608
768.8628	39.349255
797.2748	71.33711
760.76685	50.174915
805.29047	54.04888
790.9042	384.8255
785.05945	370.17242
800.3569	379.71872
785.42175	385.98224
792.9461	368.99863
799.63806	389.28397
779.78723	376.35443
795.17505	376.92157
785.9906	392.4695
787.58484	376.7571
803.6702	385.14682
779.9813	384.31885
801.813	372.38455
792.9289	392.11282
735.4855	371.83606
746.2861	382.0666
739.1688	393.12836
741.88135	375.8728
755.9383	389.62744
737.4411	383.00018
753.4015	373.35486
742.89014	387.81995
741.0998	368.25195
752.2617	384.46017
731.59045	386.63873
747.8982	371.2761
747.64044	392.53882
731.62006	378.51483
755.38684	378.8924
175.34598	479.6269
172.30592	470.28784
187.89891	478.77524
168.66594	479.36557
181.41785	466.68555
177.24237	486.77716
164.63556	468.27188
177.98056	473.06348
161.87425	479.74652
177.73575	460.70035
181.39728	480.81934
160.98282	472.8435
185.44348	470.86945
167.61569	486.57364
166.89157	463.14395
649.04456	386.30984
635.4784	382.28073
650.721	368.09982
641.6127	383.28326
633.95337	374.68402
647.33044	379.78128
633.3259	393.319
640.09906	374.7022
651.43677	392.88385
627.73737	378.68997
654.26624	374.93558
639.4112	394.5683
635.3074	368.32535
655.72766	382.36334
628.55927	387.24036
644.00073	368.03592
645.2685	390.83316
167.90648	271.58344
181.84274	269.40958
169.16891	291.8924
173.54182	267.84384
181.64102	276.20523
164.83473	276.6899
175.13913	276.76035
172.20285	281.30142
161.70029	265.1325
188.04236	276.73483
163.62167	285.73474
175.80739	255.99008
181.693	287.03085
158.82834	271.10083
188.79976	267.99982
176.34514	289.86176
167.91335	259.16757
188.39993	287.20865
158.59386	282.09903
181.2714	261.80713
174.92209	362.70795
167.26074	346.32928
186.35495	349.00818
172.152	350.46606
172.97226	335.03134
186.69778	357.08206
163.90137	353.0788
181.62265	336.92844
169.64015	358.94678
167.2859	338.41086
178.41782	349.3396
163.00374	360.90488
174.58546	342.75104
180.24467	356.96747
161.28435	344.35797
183.36282	343.12057
391.76474	392.06366
391.01654	377.98438
419.26483	388.8888
384.7293	379.96518
401.55988	383.6361
403.5052	388.04434
391.08566	369.4435
410.4953	378.3602
382.51593	384.83234
399.9165	373.97293
409.0237	389.2235
397.25876	388.41272
407.85748	362.14496
391.49814	401.2807
389.92133	361.46283
412.81	384.7155
376.6005	388.8417
400.65057	364.52704
402.01044	401.7414
382.25043	373.76004
406.2253	371.14642
386.98932	393.15204
396.7883	360.31573
409.75815	399.7644
372.99823	378.03613
415.09674	370.24054
401.65134	395.37372
381.2845	365.6922
417.91705	377.62662
379.63812	394.43692
169.22685	172.10861
189.60228	192.47267
163.3286	170.05992
185.83188	172.17892
175.04883	197.83252
159.41025	158.32703
185.38248	185.85378
152.06673	185.10513
174.8646	177.92291
179.8417	189.4939
155.37068	172.41122
182.92764	180.34604
168.89561	185.93886
171.8541	160.35107
191.49503	183.08629
160.9339	183.9327
177.6649	168.77596
166.83334	200.62515
169.38303	164.48276
195.87363	174.30867
164.83105	191.05801
189.93301	161.65286
180.90344	197.3071
162.49014	177.96237
191.41586	168.7722
159.8188	195.20584
179.4004	158.2392
185.90039	72.304634
173.34126	62.995872
189.43655	44.836834
182.61662	68.81582
163.83026	57.6168
179.60866	54.629627
163.87024	63.20577
171.3036	56.202156
175.65767	77.83577
154.05954	56.546516
190.0493	53.035606
166.98418	72.14845
165.92168	36.289234
182.22153	59.786205
155.337	71.74359
180.34407	48.45092
180.6364	86.5618
153.51563	47.800133
193.41154	60.5931
160.08832	82.92006
165.95563	51.78042
194.60928	70.565056
153.25858	64.346886
180.08986	37.316254
170.08838	79.80507
164.03696	44.766907
197.8652	64.06225
161.0995	76.30873
169.90865	43.932076
185.47314	81.74234
167.85126	533.1942
181.77707	528.81866
173.23372	545.2687
170.46063	528.05133
180.28444	536.35956
162.20644	539.35974
182.03525	522.1727
174.6861	538.2178
167.86543	521.8981
186.98802	535.7291
167.97617	543.6088
175.31224	524.3568
180.96858	544.6632
162.12486	533.2553
