403.25995	374.426
393.82394	377.15448
399.68982	368.53546
402.94394	381.52914
391.04572	367.99286
409.69867	370.38638
396.6377	383.50476
398.1452	363.08893
409.36905	380.4002
386.1989	376.85175
406.732	359.133
402.5379	389.48502
379.977	361.2647
416.5022	368.77484
386.6447	386.35828
394.534	357.0241
413.88712	383.79242
379.08908	374.95032
410.80988	355.73117
396.46033	391.71603
387.80917	363.6695
417.9157	375.14615
381.36768	380.5483
402.49786	355.08527
408.7647	389.17853
380.37726	369.46594
412.7208	362.31012
390.76315	391.6613
389.1221	355.01273
849.77716	375.00113
842.7386	375.4198
849.4652	368.0761
848.05695	382.53958
841.3927	368.70807
856.35986	370.4508
836.7811	378.866
847.49835	361.41873
854.7904	382.3859
834.71094	370.8193
856.15594	363.89352
842.1942	384.60492
840.22266	362.28204
858.0082	376.1525
168.60269	143.15274
181.76985	135.82924
188.7313	148.95291
172.53171	130.88098
187.02737	142.18004
176.66551	141.19307
180.16779	127.458984
196.29433	149.68704
169.26477	136.77176
189.54678	133.78926
179.34155	149.85243
170.37245	123.12929
192.45378	139.81735
171.71046	148.47478
187.2274	122.66754
188.87593	153.87662
161.79929	133.92062
195.34311	125.05821
176.46898	155.15501
174.44974	116.814865
199.69298	140.85248
162.13358	142.81326
191.40475	117.89058
185.11142	157.06252
161.18051	126.49596
198.58505	132.92406
164.77405	150.6396
179.97559	120.25569
187.4223	402.73584
173.06534	390.41858
183.0614	391.18842
178.59409	397.75397
179.15314	385.35114
189.89474	396.94003
170.14293	399.45575
183.89656	383.0103
180.74257	403.59702
164.13365	388.352
190.1477	387.85593
173.55167	411.567
173.05257	379.21548
198.10063	396.48932
163.7764	402.01553
186.97192	376.3388
184.69397	409.78802
167.5673	380.42218
198.07811	389.9769
172.48856	405.18155
179.24075	376.2206
194.23204	405.7907
165.8738	394.20685
193.9127	379.6457
179.33272	57.179554
179.37865	36.743515
184.84293	51.671764
173.03076	41.606243
180.31949	43.499153
186.19319	61.464043
177.55264	51.001514
187.04066	43.824585
164.3055	54.125683
184.5344	30.084757
193.3498	49.636414
165.63243	45.066917
190.05832	35.78895
173.28714	58.752907
169.14713	28.491613
194.83011	42.683716
166.14755	62.078876
185.77841	24.795925
192.56491	61.09762
160.50754	40.467613
199.72807	39.37695
173.82399	65.32162
176.38089	28.155045
195.32407	57.514015
160.5936	49.298058
193.51526	30.732391
180.84897	64.364845
168.42348	36.121864
200.62401	51.340096
675.265	378.94315
683.74896	363.8413
694.8314	380.5754
681.0381	372.2139
692.8119	369.79034
681.7334	383.7283
672.8508	359.2575
689.8752	375.2995
671.2374	372.76538
688.78143	362.56393
689.5751	388.55383
677.8123	366.52072
701.28314	371.05002
675.5033	388.75888
679.0001	355.3406
699.981	376.41232
663.9917	376.67307
693.8093	357.18277
683.0939	390.8636
670.4872	365.5842
684.22833	378.0645
670.8269	385.05148
685.6699	355.5554
696.19385	386.31116
664.41864	368.72855
698.6044	364.7759
181.15425	221.56088
172.91837	214.66316
199.14868	229.23682
167.40887	227.22176
183.41647	216.11409
178.62592	229.64359
167.71895	218.7887
188.12344	228.0767
170.77092	232.02841
181.39084	209.9177
190.67798	236.7996
175.91548	219.58252
191.14777	218.25468
178.78714	235.49612
166.48215	212.58943
192.3693	223.2998
170.1657	238.3389
188.09496	205.18478
187.15413	242.03484
161.61755	223.8427
199.95956	216.99983
174.08385	244.85983
174.94455	208.31638
197.9111	235.19629
163.904	233.57988
190.7543	212.3071
181.20474	243.0459
743.7361	367.25308
747.7983	371.90027
735.08704	382.02554
750.5873	365.7043
752.5058	385.77155
737.9978	375.58337
756.84406	368.8884
744.5817	379.11273
740.05444	360.35016
752.82355	378.24173
730.1437	379.50092
750.4118	359.44827
747.1803	384.9117
734.66077	367.39816
762.526	367.1394
738.29376	387.40833
744.00446	356.1309
760.3426	383.2132
730.161	370.46402
757.6624	359.281
743.80774	389.3599
733.8688	360.90756
760.631	375.918
608.2186	379.61316
615.0728	365.4865
618.4498	371.33304
611.582	373.50644
626.8488	367.1679
618.4004	379.55374
610.0049	363.16357
625.24817	380.44382
603.09674	374.54224
619.71265	361.27832
620.9462	385.91815
605.34595	367.36996
626.82996	373.11746
610.6601	384.915
612.0725	355.69476
629.7882	384.56854
597.1076	369.84338
628.314	360.29962
612.74866	390.39835
605.8899	354.0904
634.1563	378.29028
599.4072	380.01495
619.57983	355.0676
622.458	390.91415
600.5222	361.98917
634.1583	368.31946
603.412	387.31213
800.06555	363.38342
815.5369	382.07156
789.23505	372.07928
810.58105	359.49515
802.8358	379.15662
794.39526	367.18732
807.2931	374.43576
795.12823	378.03918
808.34534	368.3476
809.5187	384.65207
800.0697	370.45035
815.0264	364.27875
798.5846	384.18024
794.1262	358.6514
814.9301	376.34055
787.83325	379.79572
802.8092	357.40234
803.6795	388.7828
786.9277	367.0341
816.79803	369.72147
792.5823	386.19885
181.6534	528.1243
187.37486	543.83136
163.68852	531.94885
191.39725	528.80286
175.49657	538.5091
172.57576	523.8588
183.06172	538.7045
165.93596	544.61786
183.10141	522.1495
191.70619	548.713
176.67282	532.69885
196.48053	534.4689
177.72781	544.79663
176.2553	519.0243
195.65196	540.84
167.90892	537.5522
190.0543	520.5775
183.58614	550.3951
168.12714	527.1432
188.83714	535.0745
174.29623	549.931
544.33344	372.37894
548.13904	378.29318
537.5076	366.79477
558.82623	363.17426
541.45337	378.07315
537.88043	360.3048
556.53143	380.8554
535.1481	376.0728
544.3692	365.28217
549.90894	383.79358
526.1785	366.1749
552.6991	372.08734
533.15283	388.6496
549.6225	360.57614
558.1271	385.9265
526.4916	377.71506
556.812	358.0519
541.45764	387.03876
530.9154	356.87283
562.863	372.6236
532.6628	382.1366
548.68225	353.0549
552.61304	391.06293
531.6681	370.78918
561.3285	367.37744
544.5775	393.5267
540.93225	354.96432
563.61426	377.68246
872.24744	376.26956
885.1375	365.88928
882.71497	376.59827
878.8713	371.16385
890.2842	371.39383
874.4281	381.77716
880.1727	361.87585
887.91425	383.08655
870.84406	370.58527
891.3714	364.6619
880.6766	383.52805
873.56055	363.71918
891.0335	376.97336
172.38867	470.34985
183.76974	458.83862
184.17436	482.1149
175.75644	460.31903
191.62729	465.05136
176.02448	484.21973
177.04501	451.0688
191.23233	473.38068
176.10837	466.15414
189.27046	456.50674
183.1421	465.4935
168.13196	458.58423
183.33234	474.10287
169.26752	478.74136
184.86313	449.79987
192.39969	479.47202
166.45206	463.61566
196.49318	458.3461
177.9313	474.98065
170.04422	452.13812
197.42044	468.8878
165.82721	469.7071
783.891	47.064667
779.2066	49.25095
769.5075	43.340183
793.703	40.271473
772.1204	64.5214
781.9137	40.326645
787.2427	56.195366
762.60425	52.358868
785.31366	34.387417
778.56384	57.148754
771.5409	36.816128
788.5946	44.80314
774.2447	51.962738
777.7749	31.195227
785.9715	64.46354
755.0774	41.399597
792.58685	34.03792
761.7992	60.715717
769.3197	24.568121
794.07635	51.483013
756.66113	57.859783
784.2682	27.933136
779.3201	63.9615
760.66406	34.893135
798.2556	42.92007
769.188	56.539513
769.211	31.310406
793.4506	60.872528
761.7744	42.56635
480.55206	371.92056
470.198	372.04834
465.05582	367.15894
481.0836	378.49564
457.39935	381.0658
475.1855	368.09186
476.31183	384.9996
460.84692	371.14523
486.15372	366.50275
471.13956	380.89648
469.50626	361.52808
488.1059	380.41428
464.84018	377.67502
479.9484	360.18512
469.1535	389.89206
460.20255	362.73233
490.2889	372.01404
458.35327	386.758
474.54987	355.1952
484.56406	386.60223
453.52798	368.97217
490.3322	361.99188
463.19962	390.52966
464.9122	353.77432
492.76285	378.41266
453.14664	375.50955
482.4437	354.2599
475.96957	393.27216
455.7724	359.0229
498.33838	76.07408
471.54477	88.622
474.43872	55.33255
495.56348	85.169235
473.8229	78.825066
489.75137	66.95229
475.32587	83.64378
462.45282	56.508217
490.22858	71.85953
459.89288	81.05495
477.9187	71.63849
487.16986	84.45859
458.9112	65.57457
497.9772	61.50718
480.19498	101.232376
479.76514	64.85929
481.25308	76.68666
467.7352	74.14826
484.80597	49.732506
482.04584	93.2112
465.4686	67.80966
501.45102	68.8306
465.21924	84.227486
476.15363	47.507572
490.05884	90.15001
456.87042	76.82225
487.34946	60.02909
472.88705	93.061295
467.94092	51.99098
499.809	80.56471
174.3782	310.88608
185.99721	307.0386
184.05165	323.32123
162.19664	306.63336
191.92502	312.34723
176.85774	322.18448
180.5363	301.38763
192.82529	320.61053
173.45366	304.83737
192.61267	299.1469
176.17552	315.35883
165.34032	301.87424
184.8812	316.12106
167.10208	321.72928
188.71504	290.4948
192.59952	327.02103
167.70367	314.19196
198.26242	303.48553
176.37129	329.93204
175.19548	291.58298
198.85202	314.75818
161.14864	314.38116
181.04669	295.7971
184.20395	330.0462
173.23111	298.89703
199.8729	309.74686
169.4119	327.67917
