740.3044	125.46995
733.36633	126.60128
739.7524	118.119774
740.9898	135.65053
727.9016	121.75436
747.4586	119.63983
734.61127	133.75475
733.2521	117.87782
746.3174	128.66156
727.814	130.28746
731.68665	42.13882
739.42004	63.694435
734.2519	54.05121
742.58344	48.086174
727.7382	57.91994
734.7412	32.051018
746.201	51.35258
727.11206	50.03485
748.8136	40.93795
737.2412	71.51226
720.1009	38.622536
754.7862	54.45331
724.619	62.714417
741.84406	39.337772
746.24243	66.55263
721.74426	48.853584
757.104	48.874527
731.9399	63.61781
728.26013	40.00431
754.61523	61.85545
719.2088	56.22127
748.2881	36.178093
159.42006	262.0938
160.20712	255.94592
167.52567	260.997
151.6817	261.72162
161.09195	248.5824
166.00792	269.20663
150.89175	255.2011
167.70529	250.86177
154.61998	267.22754
154.48924	245.48576
173.29979	264.3563
145.66875	262.63858
167.98653	242.51938
172.32321	271.33356
147.25883	250.49106
174.30247	255.14824
154.88998	271.85492
164.57166	472.01196
165.40921	486.71576
154.56569	482.68488
165.0146	479.34442
159.87433	484.52914
154.62155	474.0831
175.00475	481.9038
148.63445	485.1809
161.411	467.1875
166.48618	491.68594
148.44661	477.02744
172.74222	473.3432
156.54523	493.722
154.89197	466.91827
770.0702	385.85214
753.6328	385.41653
761.7719	375.6592
759.80505	389.19916
749.7152	375.27832
763.02765	383.21124
750.03235	390.57297
756.08453	377.22
764.7467	393.71683
747.49445	383.09473
768.3131	377.51288
755.7434	395.39975
158.73651	408.6786
165.17072	414.39496
149.36263	422.92007
162.74304	403.24152
165.49835	421.01962
152.74924	410.60336
170.15761	407.79706
157.70049	418.93686
156.99928	398.80597
173.06303	422.29156
148.53021	415.12787
168.6807	401.26617
159.13484	426.215
149.62474	404.69867
173.23958	411.74554
451.1832	397.18698
464.05206	380.6906
463.7875	391.8988
453.52905	379.8862
477.11017	376.61697
458.68726	387.44394
457.34766	374.26968
468.87427	386.28418
453.18716	388.5873
464.27368	370.33954
469.83017	397.72498
447.3539	377.45563
472.5402	381.34424
456.76898	399.9165
455.4568	366.11688
473.94904	392.8137
445.06827	384.61636
470.88794	368.2663
465.256	400.3642
449.419	370.8072
478.7936	387.82834
445.39194	393.2036
160.93317	52.49651
156.51761	63.937103
153.76225	47.796757
173.95891	52.199177
151.3751	82.73641
163.09486	46.775646
177.79178	66.54005
146.64925	71.70144
178.19398	47.63426
149.87628	75.408615
147.58696	49.698143
171.16525	60.314545
155.23257	68.88427
155.98805	41.235676
176.63695	74.08192
144.23186	52.526966
172.96953	38.331543
164.71138	76.18017
155.26991	33.084408
161.27997	59.79674
145.92274	61.62716
169.22089	46.855064
168.16924	69.94002
138.69995	56.129707
178.80536	60.76544
589.26624	396.36652
595.6449	379.55933
609.019	385.71863
596.37054	387.12698
605.116	376.19427
601.8849	391.80258
589.85565	375.03284
603.8358	382.1307
591.7743	389.80597
603.50635	370.47507
606.89874	396.21286
585.19934	380.1333
612.9516	378.22675
597.8826	397.60916
595.79706	370.88837
614.07367	389.05038
585.64	387.2341
161.93607	534.0609
164.8176	549.5966
152.92787	536.98254
169.51678	535.9916
156.16527	547.8623
159.5804	527.43494
169.47104	542.6154
151.23424	542.99384
168.05576	529.2466
160.64908	542.4458
153.28052	531.1915
800.76685	384.35748
787.74805	390.77606
798.9985	376.15598
800.6012	392.9416
790.02795	379.51306
805.8153	379.78412
794.7141	390.98685
793.3011	374.6733
806.18726	388.60452
789.1673	384.55707
153.77754	154.9684
168.04611	172.74083
142.02562	161.97061
165.6518	165.286
150.13257	183.12047
161.46146	166.89362
165.68048	178.25185
149.05748	150.6498
172.74936	164.57114
155.9872	187.87927
156.56036	161.09872
172.22943	171.27776
152.1918	164.91727
166.52415	155.1398
163.57542	183.76895
142.49564	170.11496
181.68991	165.94931
156.9644	176.02194
159.57468	147.35345
179.07202	177.75308
147.27736	173.61581
174.1752	155.85077
449.3746	98.18468
428.03217	62.960663
477.34457	90.99306
428.66412	102.45073
451.76044	58.49868
460.22272	84.73501
432.45538	82.663666
464.8496	91.70837
444.89008	105.47687
443.9018	61.97997
459.02325	97.04174
437.43896	93.65376
459.76968	59.09722
449.15503	112.680214
432.51465	75.68766
449.99054	75.312515
430.09894	93.68328
442.72784	89.82856
451.4091	92.682785
444.21054	76.94039
464.45004	69.78852
437.63727	108.804955
450.04752	70.979965
474.0472	96.763405
423.99136	88.59874
457.75458	68.03243
462.38898	104.30391
427.61334	73.92132
472.60196	80.501015
649.1139	396.23535
654.09546	380.9573
661.5924	387.5148
651.58856	387.6547
664.81165	373.25125
657.3108	399.31763
645.8971	375.06073
663.08887	381.58127
644.40735	389.2346
658.2801	371.71606
664.44714	394.55133
645.4521	381.31088
669.54785	379.99026
656.32135	392.41724
652.5399	373.7846
669.4163	387.4343
698.4785	386.7256
714.24426	383.47015
711.70154	397.7531
699.8861	380.50806
720.08777	381.11667
705.60364	389.18625
708.6131	373.1665
720.8222	393.47202
707.372	382.81833
722.29456	372.17987
714.56573	390.69653
702.7852	373.18948
723.5404	386.4669
702.9078	395.75177
713.6798	375.1502
166.56747	347.80273
146.62874	331.3895
165.92313	332.20343
157.56009	346.40103
156.53879	325.1785
174.34973	341.47076
145.19939	343.04013
162.82927	323.9798
161.86346	340.65198
151.37947	325.2696
175.32364	332.9725
151.16647	348.23383
161.86485	335.7175
170.9602	351.9035
151.7322	337.06406
169.286	327.0062
161.92387	353.09177
528.55505	370.26755
541.9644	386.39874
519.0242	392.91086
539.62585	373.55725
536.5702	396.08987
523.5746	384.39694
549.65295	382.47098
527.8435	399.27158
533.24786	378.98367
544.88873	392.48828
532.88257	386.1706
538.9714	379.9171
531.282	392.91718
522.84705	373.1778
550.06995	389.45236
524.2515	388.86978
537.5497	369.06366
542.36084	400.00177
519.32007	378.53427
547.2792	373.75702
369.7511	385.66223
374.46216	383.24237
382.25955	382.44977
371.04037	398.6671
373.0822	364.65378
363.77576	380.1657
359.58786	382.1667
378.82782	372.05035
362.30542	397.7083
368.45853	372.7031
388.5561	396.3332
350.11102	386.68024
394.96768	375.4949
374.5248	393.05338
361.00058	370.23666
380.5573	390.09305
351.11902	395.34607
382.13318	363.12726
379.77658	400.1625
352.30286	376.5514
389.20514	380.8476
365.57755	405.86658
364.9502	363.53384
386.59235	406.36624
359.74408	389.10822
386.1698	372.83267
371.2441	404.3228
354.31366	369.55615
391.52863	388.3786
