736.738	123.16994
733.64465	127.43931
733.318	117.27195
738.12225	132.81686
725.58936	122.09523
743.95135	120.604515
730.1584	134.50003
727.5846	115.35366
744.9635	128.04312
724.851	128.44255
739.87366	114.73395
171.67969	175.84778
153.86232	154.25018
162.27434	163.82858
158.74986	159.022
165.90318	157.66377
174.92897	160.72029
151.51018	164.70897
171.63927	153.24251
159.37247	174.43262
153.51067	146.99756
176.47842	154.94928
157.43689	167.56331
165.86865	139.50284
174.60605	169.2609
146.8419	154.18001
183.41342	154.51561
150.85327	175.84349
159.00525	143.14928
181.10623	163.63156
145.77023	164.8182
165.71669	146.88303
164.55829	175.81326
712.2323	377.35742
718.70667	382.31195
709.60333	385.87314
716.87756	369.7364
719.97095	389.17
701.7289	379.5829
719.7355	375.78326
711.68164	392.1753
706.0631	371.65616
725.00745	385.94226
700.76605	385.69843
723.2823	369.57455
716.63165	395.26767
699.84973	375.18204
726.9309	378.07632
705.45044	393.05
709.0578	365.73688
659.7302	388.9499
647.3853	375.69135
654.5092	382.33517
651.7297	391.07092
649.6146	370.25595
660.29944	380.69656
648.6007	382.59875
660.22394	371.5844
668.0072	388.50354
641.952	378.40338
664.9142	373.70422
648.86426	396.89377
654.77405	364.53705
669.7647	383.66724
640.33105	384.343
660.8611	365.0655
659.8004	395.82672
641.76495	370.42242
669.06213	378.102
643.3235	390.9038
160.56235	245.8801
171.3145	259.824
157.24283	249.40945
166.4061	243.665
163.82227	259.05157
153.86586	236.60416
168.57237	252.44763
159.33197	255.06003
167.29008	236.4226
175.66281	263.18634
148.32674	248.151
177.1	241.48727
156.36517	261.3875
160.63707	234.52571
178.96265	254.42007
143.77615	255.47453
173.67075	235.99133
162.82382	266.6355
150.28777	242.37402
179.91895	247.51212
150.6911	265.83206
440.98364	65.577194
468.27814	92.62466
432.8065	74.05494
454.24738	79.53481
440.9876	84.39473
450.31268	58.861958
447.4747	77.31569
446.30356	102.09187
455.29926	74.39341
453.33112	99.62898
427.64175	81.3698
462.61197	80.17388
433.42374	103.488266
440.31186	54.446545
454.62335	86.51925
429.98627	96.03322
466.63885	69.81978
444.14365	92.53874
442.95493	73.89354
478.0883	79.18007
437.04303	92.3185
462.99258	60.16802
459.6206	95.1076
425.89264	69.12793
476.08945	71.215904
455.25278	109.76709
434.8567	66.45036
465.20776	102.85222
423.5414	86.71568
165.83096	541.7084
167.51346	559.90936
153.72383	545.58203
167.59976	549.7936
155.99327	558.4757
160.4585	543.679
172.14499	555.30035
156.37486	552.0994
172.16518	545.3592
162.32903	559.0417
723.80817	45.77591
741.346	52.522125
723.59265	59.71682
733.772	31.89567
735.2081	52.34262
722.0599	52.627495
744.84674	45.47352
734.66437	62.11017
740.7643	46.91822
742.5334	60.12426
731.9613	48.81411
741.97595	35.507713
739.9602	68.66902
723.35754	36.662106
756.89294	49.262627
718.6449	65.02989
739.8602	27.326742
747.69055	67.51007
718.59204	41.80506
751.43787	43.416733
729.5694	68.076096
728.94055	38.938797
748.4388	58.30529
715.8042	53.008625
603.39	368.3524
595.02924	397.4824
581.4319	377.86322
596.9957	379.381
581.64185	387.4959
591.68915	369.9424
595.07166	385.1881
588.9289	381.7323
594.16925	374.1832
587.90875	391.0876
579.77277	366.09943
603.28595	382.6553
573.7064	387.74603
592.7113	364.21222
597.7649	391.83704
574.556	374.99167
604.3764	376.49005
583.6839	397.26007
584.1063	371.78198
603.73706	388.64258
575.0868	381.72513
169.8403	492.35098
163.56308	499.92334
156.68588	493.25775
168.44017	501.51456
157.59752	502.89438
162.12192	490.37924
171.98709	508.01514
150.53543	494.9616
175.35216	493.68076
157.81047	510.59286
156.50185	486.53473
176.41745	501.90057
151.11243	504.43423
166.46542	485.79556
164.55092	510.56964
358.3974	369.83252
382.25992	380.63528
368.01056	389.71027
368.85367	370.835
378.83536	391.9013
367.48166	380.0031
373.7082	381.09924
371.50723	395.8259
357.9432	363.49832
388.18982	376.59204
361.72137	391.55206
374.5994	363.0562
375.39194	404.71265
360.30972	381.32788
378.17267	371.53183
366.5345	400.7647
367.49432	366.299
386.0255	390.85217
356.68817	383.82516
381.52176	364.9648
372.9057	386.09894
350.80258	373.3614
392.99738	384.55817
355.54376	393.26187
369.21646	359.12433
381.44586	397.87814
349.9154	380.13013
388.19867	370.6712
168.47446	431.81778
155.89789	416.67145
170.81613	422.2339
148.73215	431.77628
169.71513	413.5157
170.1233	442.20148
159.75133	422.43945
163.16711	426.41376
157.93964	435.1258
160.35947	406.6139
178.7117	432.08392
154.28696	426.6744
176.07173	414.72028
164.96396	437.37704
149.77591	413.8602
177.89142	420.3636
159.38376	442.452
162.3403	411.91025
173.6047	428.69287
147.49454	423.5522
524.1488	378.7985
525.3094	385.41812
517.7751	365.5181
539.02936	387.38815
517.4466	384.55634
525.93896	368.92453
520.2551	390.23965
513.7511	378.8262
530.71594	376.51788
512.142	394.31824
517.53156	372.76138
530.9064	390.67255
505.03418	384.74188
535.49255	370.05966
520.0992	397.15317
511.62036	367.2763
533.46936	382.43427
509.67303	389.38998
527.1205	362.88193
527.27814	396.1946
507.91415	373.28534
538.4186	377.84763
158.93048	356.4981
165.81937	337.28827
170.21799	345.18265
158.08185	334.25198
172.56535	322.91714
158.47356	342.12836
151.23946	327.1354
173.72186	339.53235
153.82199	340.7448
162.3912	317.91382
174.74872	352.39713
146.32874	343.19534
171.4548	331.79398
164.29395	349.22614
158.30327	325.76294
181.47084	342.1065
150.99033	350.82465
164.16081	328.5357
167.56403	355.47705
147.41971	334.13837
178.61386	334.3046
160.88808	63.756325
161.35904	56.630608
181.93842	51.84831
153.60657	64.4262
175.22598	53.87256
167.13258	69.940994
149.03159	52.762035
166.60744	61.23017
143.10625	68.31862
165.45934	39.370304
174.85136	65.190506
155.56863	47.030403
184.19893	46.278023
158.56987	78.16295
158.9998	40.984505
182.83943	62.717674
139.53114	47.927933
167.38892	45.389137
174.46078	79.385086
147.9391	42.752464
165.86966	51.89622
150.02	70.46865
167.40147	33.088123
177.61552	71.39873
146.54811	59.663506
174.15536	45.541153
158.52472	69.445656
783.16785	373.22202
797.3843	381.67484
780.7022	385.7729
794.2552	372.33142
792.1652	389.5651
783.35364	379.50693
798.02924	376.38022
786.8009	386.8882
789.3265	372.47418
798.7353	387.01923
448.6823	381.0522
456.50742	368.82397
448.74854	397.3332
442.64096	371.04803
459.85757	382.66895
444.63287	386.94397
453.87686	377.0447
461.65448	395.58868
438.96622	375.0136
463.97614	373.35217
454.69745	387.44205
444.7399	364.31482
469.60663	385.69965
436.7474	389.91772
451.1468	363.72717
455.63947	398.6977
433.63168	376.1375
465.46808	379.58017
442.0628	395.8003
449.21027	370.6177
459.6662	390.28436
432.757	384.18768
464.57153	366.77072
758.05066	390.2331
748.0087	373.81958
766.7813	380.61902
746.95056	385.1154
759.6563	370.4287
765.4264	388.2635
750.3634	379.8768
765.09106	374.6718
752.5682	387.2904
755.30426	374.76395
759.96985	382.92392
