814.0061	379.56012
807.1081	384.01743
811.90173	373.03766
815.4947	386.2549
804.5703	378.4505
821.6499	376.2579
805.24835	390.84137
805.74744	369.2768
821.6281	384.02075
800.0098	384.77472
816.2022	368.39825
813.2608	391.8285
800.02905	374.6503
183.80672	416.42368
170.58348	411.33203
176.45604	414.77783
174.60098	420.34302
161.91927	412.58862
177.20566	404.85538
172.1138	426.6396
165.4182	400.86542
190.45628	412.29395
164.04985	417.55103
180.26862	398.03958
181.23209	424.74738
163.25664	407.35974
184.32498	406.20255
165.36415	423.2544
171.23216	402.56036
187.3223	420.46298
172.03052	538.54626
175.74733	534.0483
177.2498	544.61646
169.1231	528.0549
183.61668	535.4768
165.38594	542.3712
175.22145	526.9166
184.3791	542.5477
164.71936	534.7067
182.97949	528.35876
171.80606	547.063
632.53076	372.3266
643.98016	374.39117
633.52106	382.99094
637.5541	377.88562
641.26355	385.5797
628.1847	377.31573
649.13904	381.9251
634.8609	389.30804
634.711	364.91724
651.67346	386.3875
623.7513	385.01395
648.4418	366.18256
640.6073	393.93893
627.11804	367.8078
654.87427	379.2215
626.7599	390.87067
641.1763	366.60724
648.61334	393.43542
621.8905	377.85025
650.58044	372.40173
633.81256	396.5046
756.7216	374.33838
770.5971	380.87274
757.9902	380.45734
764.13617	377.51752
765.33673	388.80222
750.12317	377.34308
769.46216	373.8877
757.6702	386.75092
761.21216	368.40997
772.3353	389.72223
749.4239	384.47894
776.1884	373.39728
762.9078	393.9559
754.3298	369.03705
776.11145	382.60037
753.94836	391.90793
768.23114	367.12344
484.92413	388.82013
488.72314	383.5728
490.24847	378.87186
493.0744	393.16678
481.79614	368.8304
500.98917	385.57852
482.15927	378.22394
497.6875	368.46136
475.7492	388.33606
474.2628	368.7386
496.8006	377.13193
474.87006	382.36884
488.90707	371.279
500.79672	394.20764
469.7658	377.90836
502.64673	364.92856
482.31683	402.06174
478.7224	362.6568
506.84247	380.43057
471.80658	391.8997
491.42035	364.88165
492.8579	398.23294
475.72275	374.99762
503.7018	374.92694
482.68515	396.0052
486.47037	361.15976
506.56918	388.57248
467.3719	84.25096
480.7108	63.12487
478.88544	95.75453
467.47012	57.33014
486.9401	73.22274
480.44635	87.916306
471.49844	91.368515
487.49106	84.948204
469.5961	71.27391
507.8816	77.31831
465.68365	106.391396
481.62006	77.21241
497.3247	81.27615
463.51913	78.18495
493.1037	62.93919
491.9738	89.31727
457.0044	72.35412
492.90228	75.33391
460.48407	97.02288
491.72626	58.291473
488.2504	98.1552
476.07574	72.53681
497.83228	70.771736
474.83707	103.27974
463.14014	68.27631
499.4603	91.92733
457.4069	89.905655
474.37564	56.736
486.86533	109.210556
455.50888	81.46787
566.52454	376.51825
562.59845	391.0529
562.57434	371.92108
581.46313	384.727
558.1091	384.99387
575.19495	373.87305
571.98004	388.7193
556.0771	367.00003
575.007	382.36438
566.8183	383.22495
569.25323	366.3736
578.10315	392.91742
550.10095	378.74176
582.04016	368.50598
565.6933	397.0761
563.68896	363.9882
589.33923	378.13483
551.63934	386.83258
573.8373	363.2503
572.0792	397.63422
557.6654	376.95526
582.7855	377.16205
556.2052	393.58032
171.04881	158.69278
169.95161	165.3098
163.91121	159.27551
190.02249	157.12723
175.09785	177.5176
167.79475	150.60385
180.63213	159.61252
165.11642	175.34415
176.21199	155.16757
186.64973	174.50143
159.78575	163.12457
191.00853	161.78348
164.43379	182.13718
175.49576	145.52838
193.55449	170.27383
159.9303	170.44717
187.03131	150.03755
178.82176	179.2962
162.5097	146.51794
182.28198	168.94992
172.26192	171.42929
180.92317	145.67519
183.8817	181.75291
154.83282	162.47986
185.72224	252.76897
169.36626	267.9959
156.39894	245.9032
187.2949	258.51523
163.91158	258.86868
178.82014	244.25952
172.38367	259.9177
172.05984	245.9072
193.07571	255.04855
168.8317	273.54422
165.59996	241.8398
190.03531	267.7651
170.54848	252.82979
185.1513	240.7896
180.45724	273.7979
162.84966	250.41936
177.52101	255.72751
163.09103	264.8667
172.15642	237.67514
181.91835	264.12042
157.52574	258.91107
187.39014	246.00076
392.8543	393.85263
388.78217	364.9909
407.7081	382.65118
383.80505	377.96814
398.43088	363.93927
399.5707	382.74924
391.0475	372.2807
408.94525	376.5917
390.35895	387.84348
400.29236	371.60764
400.07837	392.51544
398.59634	377.1793
414.7697	365.86362
398.21796	400.02786
381.5008	361.53583
417.4799	388.6518
383.6745	390.49384
405.26987	364.43884
406.66998	392.32803
376.43134	374.7078
416.2143	374.60007
389.22586	401.16348
393.60352	358.93484
412.6626	392.84818
377.73785	382.74933
408.05084	361.36725
405.81204	401.03586
385.89398	372.91193
415.66446	381.7155
377.2815	391.13593
846.1304	374.8649
854.72217	387.90363
839.0698	378.04974
856.58887	376.15155
843.6149	389.68793
841.3044	371.53497
854.7549	381.42807
839.8459	384.66983
851.32776	372.36646
848.50525	386.31036
159.55656	330.2741
179.99794	342.7888
164.97104	353.21774
176.76413	335.50037
183.63814	349.1511
169.79684	339.526
180.31552	330.1552
172.76202	344.51364
172.23251	329.4208
187.74008	340.95972
162.37625	345.6032
178.88672	322.75726
178.00954	351.99582
164.24846	336.49664
186.1691	335.8272
172.3808	352.90833
167.09273	323.66455
191.58527	348.90854
157.70042	341.71982
189.15236	327.60706
706.3614	383.18167
693.7714	372.34637
714.3193	379.3269
695.61536	383.95584
706.8435	374.94415
709.4819	388.6455
702.10767	378.5763
713.86914	366.60504
702.7988	392.27155
694.3408	365.91794
718.3082	383.74164
691.0018	390.4447
707.02356	364.42896
708.4724	394.9357
689.0686	375.45587
717.03516	372.67172
697.0012	392.37274
701.22974	367.75006
715.6968	390.58194
689.5542	381.89938
173.02875	53.86659
183.76082	69.12118
172.46164	47.0425
197.40439	56.107037
170.33514	64.83817
173.10582	41.744858
187.2978	64.502266
161.38628	59.688385
197.3027	46.77722
163.78555	77.39656
162.20702	47.19979
180.46243	56.527363
153.44223	64.35138
184.17288	50.36722
174.59297	72.84773
155.29156	48.488567
187.85516	57.1659
166.79568	69.754684
172.88821	33.602074
191.81706	62.871502
168.84982	59.84862
191.70285	41.776596
173.91035	80.66771
165.48486	39.184334
195.8075	69.802475
158.59587	67.59953
180.60045	43.204613
180.68832	75.99607
153.13725	55.689625
182.5505	475.3746
172.97697	480.95416
170.86224	472.63824
185.7737	489.42618
157.88496	481.04892
179.95645	467.46088
175.4371	486.92392
164.8114	476.07928
180.24664	482.2608
163.72672	490.1888
176.53947	474.03647
178.6281	493.3737
165.77701	483.06512
188.06902	473.87125
171.2739	494.7876
167.42212	468.05338
187.06898	481.57343
764.1371	71.16014
783.99854	44.342243
784.67566	73.71629
761.8143	45.649475
790.73737	43.356903
778.169	75.86955
778.8768	51.319374
791.65814	62.115307
764.7898	60.583862
797.62195	47.419277
783.6451	55.755695
773.1106	48.58505
793.2259	51.47825
770.56274	65.167984
791.4439	35.12617
793.97076	79.49412
758.86285	59.481506
804.0975	53.857838
786.40796	65.42479
771.55817	42.117622
796.8362	66.18945
779.0524	64.37538
797.6127	38.700176
781.27075	80.77989
767.54083	54.134613
798.7698	59.229637
769.1574	74.71391
779.2837	38.44028
803.27295	68.500824
164.69646	580.1049
183.18445	571.9044
173.60011	582.81946
169.72256	569.0529
184.51268	582.2416
168.77222	586.86365
175.84438	570.4628
178.5041	587.5726
169.09203	575.74994
180.16513	577.5502
