618.76697	374.81818
619.3634	382.66794
624.5866	370.4202
625.99066	382.3071
612.30475	375.02814
629.0502	374.45938
612.92444	385.07086
617.9467	364.91464
634.5605	381.26666
607.2396	383.47687
624.07245	361.93787
624.98663	392.28384
603.8319	371.84354
634.85516	373.66226
610.0286	391.41284
613.1749	361.1341
630.4787	387.1271
604.52234	378.3141
631.3683	365.15756
619.16864	390.64874
608.8108	366.7342
179.61108	241.17622
171.45676	238.42307
183.84303	231.6274
182.8522	249.67793
162.246	234.92647
188.0855	236.9415
175.26085	248.71318
175.46341	234.2
185.46974	242.81784
165.8772	243.01204
180.57758	225.49031
182.2073	256.24734
164.56735	228.69783
193.8591	233.84138
165.37253	250.17964
171.35777	220.69133
189.66626	250.22995
158.80357	242.34103
187.35115	224.74211
172.86089	255.01616
172.86714	229.14502
195.0744	244.77502
170.70523	150.172
179.50732	148.89615
182.21478	155.84305
172.88951	143.47545
186.7437	147.43857
175.65001	155.58481
182.83157	142.44913
182.97554	173.13397
167.07222	157.49654
194.42093	139.48566
172.0191	163.71442
166.86386	139.3286
189.71773	153.9181
160.29382	165.07545
178.33374	135.135
189.09416	164.6387
161.86864	147.92638
195.55551	148.79593
172.83699	169.48318
172.05968	133.78052
194.23286	157.49527
159.19907	153.35495
187.47272	135.98378
181.64935	165.1902
162.55458	138.73776
189.93558	393.7184
170.64983	397.4765
180.4261	394.80182
175.83351	398.64362
169.34828	390.53668
184.606	388.73514
173.03844	404.70398
167.01575	384.10526
186.04636	403.10617
165.05646	407.6644
179.3505	385.59003
186.03893	409.99384
162.87614	391.83493
193.3312	388.8653
172.84482	411.35034
172.75383	380.90067
192.70091	404.22025
162.41463	401.08102
182.61777	379.1751
180.01553	409.3607
390.43826	369.16818
401.71448	377.41217
384.37274	395.2081
390.9171	362.98074
401.68564	382.91055
389.9966	390.25275
406.0551	356.53522
398.94876	387.99026
383.9751	358.14862
409.10602	384.86588
389.1901	380.83878
399.28354	367.13
394.9321	374.5919
384.7479	374.02393
406.56503	373.5899
392.9566	394.78302
392.94366	357.33575
414.23566	388.57294
380.25754	380.16766
412.9147	365.49286
399.9052	395.68723
383.01376	367.14752
414.68198	378.90643
382.6862	386.53708
401.28418	361.46466
407.65356	393.06757
376.8126	373.44904
415.185	372.4665
176.9271	534.1232
171.90276	526.84955
185.01202	532.4081
169.15465	533.1842
182.97173	520.16125
181.40225	540.0558
170.98395	519.25183
190.35643	527.2172
167.81792	539.62854
176.97203	522.09247
187.56544	538.68756
165.46017	528.0347
182.76993	526.73114
175.88307	543.3628
171.17989	312.82196
184.60594	318.88254
162.27094	327.13275
178.37863	313.54263
180.46689	331.36246
160.6587	316.2699
193.96245	315.1366
173.10251	331.49612
177.333	307.15726
192.44229	327.1372
173.9291	321.31613
182.5851	308.93097
179.27101	323.0942
167.80794	306.418
189.93637	322.62775
169.20726	327.47464
174.11557	299.70483
188.10823	333.16907
164.54965	321.3694
188.13712	307.01337
175.20473	338.01563
481.28107	89.08208
506.63617	85.13841
464.17026	76.63159
479.3881	67.369156
486.40723	97.52861
454.54022	76.197525
487.29556	62.695183
485.02945	93.52141
482.9318	56.172295
481.47357	76.996025
462.57755	94.945786
493.0432	64.09555
468.9576	98.13489
474.64005	56.878002
491.86035	74.56945
455.59113	87.52757
481.60458	62.74834
491.20636	98.942535
459.518	61.447033
495.80322	70.82493
471.0079	87.21663
474.68228	77.24782
487.69424	84.99278
458.44833	67.36061
494.6122	53.413948
477.0634	100.74861
466.62238	64.727875
495.95917	83.04491
472.95956	81.37523
839.3112	371.24252
846.9863	386.96948
827.71796	379.93817
850.2523	369.7387
838.21985	388.27405
830.853	368.0761
850.742	381.26007
835.98987	379.16144
844.0804	366.8886
841.325	382.30792
829.6668	373.73257
847.4993	375.46747
831.5716	386.5593
836.0415	365.9278
556.60736	383.20972
549.30554	379.89435
555.07385	371.5407
545.9597	386.19473
548.72955	371.8507
559.7052	377.0425
538.80023	385.57883
556.14014	364.46265
561.0293	392.98184
542.10205	370.61676
569.5937	367.9489
548.7821	393.90082
543.1215	361.00406
570.5742	382.3241
536.07385	380.75458
558.26465	359.09915
554.0957	391.43356
536.3851	367.63153
566.42017	374.61884
542.4311	391.98032
549.21094	362.45245
563.1786	386.3961
536.8477	373.97968
563.2337	366.8281
676.7525	382.76218
675.26294	369.51947
690.17786	380.40253
672.0839	379.32727
685.6165	368.75174
682.7001	384.95804
667.49365	373.83746
687.5602	373.7686
678.3678	390.83258
679.9042	359.27942
696.6597	383.13324
681.6692	376.497
690.96985	361.81964
685.1971	390.97598
670.7471	364.81476
697.6456	376.9777
670.2012	389.9599
682.8627	364.69467
690.98553	390.41974
665.5715	380.4771
696.21655	368.7463
171.97444	479.41235
171.33096	455.2592
191.1354	472.61874
170.04524	472.02548
182.70049	462.0079
181.47557	471.94537
165.35704	459.3775
187.95532	463.58218
168.87274	483.75568
176.79956	468.28717
188.0632	478.46387
163.04886	467.73013
183.1315	453.90997
179.02577	478.5895
171.38863	464.27655
193.79532	466.7147
162.32733	473.58307
177.86333	456.0897
182.46008	484.30365
728.2411	372.58844
758.5093	373.01096
744.2186	379.9019
741.0468	359.5212
750.53723	381.2633
737.9527	380.45587
748.38824	370.35065
744.1061	388.4135
738.946	373.54376
754.3623	377.41287
734.5017	390.46103
741.06134	365.432
753.7622	389.3727
730.79285	379.11185
754.85834	365.86795
741.49475	392.27155
733.04266	365.6287
758.54675	382.79944
730.7697	385.10306
747.9779	363.75055
883.2233	382.78928
876.06036	374.01373
892.2577	373.61923
875.1927	385.09772
879.2113	368.8371
891.6994	380.40207
869.679	376.00894
887.9305	369.41003
880.11017	387.7399
872.03625	367.1692
884.24384	376.67487
870.3563	382.47372
882.8122	363.82578
889.454	386.81216
793.1537	374.4693
808.1153	374.47406
795.04047	383.10098
789.9142	365.77298
806.15344	380.80786
786.5244	380.85428
799.96716	363.966
797.1786	389.25763
785.2471	370.72925
799.3279	378.29477
789.1427	387.42462
795.558	368.90833
804.8153	386.2384
782.6569	377.35104
803.5138	369.76105
178.43515	61.088356
174.86383	53.74394
186.19574	47.8758
160.36357	49.73166
180.717	47.613777
189.447	57.481255
166.67133	51.71338
197.60568	47.10759
171.26942	72.28409
172.29147	36.17884
197.1975	54.29118
165.48465	60.29833
177.87692	40.484608
185.21666	62.775616
159.56752	38.21966
191.78722	49.6575
165.05127	71.140144
180.57697	31.836948
187.63396	71.53526
155.79826	45.76291
192.03395	41.33403
169.80179	64.60655
166.76964	35.34128
194.5268	62.675365
156.9462	59.03045
192.22478	34.761696
182.26141	70.263504
170.37971	45.73014
791.4503	48.18748
775.1224	58.708515
775.5165	50.48598
796.0094	59.202034
760.1995	59.13407
790.4625	36.917747
782.94403	51.24893
768.74524	52.52423
787.28455	57.468964
767.1549	62.80793
781.2469	38.88258
784.0965	71.62999
777.19135	42.254505
797.7994	37.879326
773.07874	72.128685
768.58795	34.47213
800.21155	64.4101
758.1288	49.754192
788.73596	31.609488
782.48694	60.35357
763.3368	38.765312
794.75037	53.37093
765.00476	69.73398
776.6179	34.33689
792.27924	67.3705
769.151	44.43902
795.5893	45.952488
778.91296	69.22021
468.931	366.22223
490.23126	382.99048
460.0136	386.35138
478.75165	360.34674
484.19473	386.96494
459.97504	371.1485
484.27155	375.81854
471.12946	386.56595
476.36786	366.85742
478.60703	380.83783
471.83026	373.41803
485.01645	367.8968
470.54062	380.10916
462.6866	363.63312
493.829	376.90005
466.93726	392.5494
483.88095	356.84888
489.81305	390.7276
464.62933	382.2589
495.80273	370.6198
476.1547	393.06366
471.98688	360.2603
495.2954	383.44983
459.9607	375.94348
490.5052	368.50714
480.43073	395.93137
