451.44318	373.889
459.7789	380.06183
455.7347	367.82242
458.48468	386.0833
441.8855	369.8562
461.98688	367.59467
447.65094	384.86176
447.6063	368.80853
468.02155	376.01654
434.22916	386.18542
451.9793	360.7644
453.40594	393.38092
436.75708	371.75815
461.07626	375.396
439.65802	389.69095
446.08325	359.68698
465.28525	385.73117
443.2814	377.04837
464.78336	363.11966
445.74335	397.36255
437.88882	364.13214
473.2077	382.1366
432.07877	379.21783
458.43573	355.1739
460.86578	392.55304
431.70224	372.81317
470.53326	368.97458
446.83466	390.52863
440.95752	356.3771
176.71304	155.08257
156.56895	152.66916
175.51547	149.25511
167.22954	156.20715
167.57509	150.12773
182.59694	148.59338
157.5281	160.93224
163.86476	144.77371
169.38649	166.77563
147.81805	152.28769
180.90555	142.62427
163.21432	168.81038
156.81277	143.13931
176.60387	162.3389
147.60713	163.77841
170.91273	133.28004
178.97508	169.22583
148.64664	143.74901
186.9936	147.64677
162.28798	175.61986
165.48471	138.33565
187.80412	161.93411
148.94958	158.5095
174.71088	141.97241
169.6119	176.4345
156.4852	136.05185
183.60129	157.76204
156.7173	168.62862
166.90953	524.5273
172.68243	542.8094
156.80028	535.0924
176.077	528.90814
158.89087	542.87
161.9967	526.5853
172.75766	535.9796
164.2843	536.1187
171.9324	526.38306
166.16806	544.44037
157.54031	529.0738
178.92534	536.61316
725.7081	133.05675
727.98145	118.924095
739.6378	128.7122
723.51746	123.80342
740.02966	118.18382
731.47864	130.76295
723.0295	115.77522
737.0097	123.148476
720.9169	128.89185
733.17365	115.78627
736.2512	135.55565
165.11336	243.19165
171.51303	248.67923
163.19153	258.5954
173.46437	242.52205
182.16042	263.89874
158.03607	251.37692
180.5421	246.77075
161.33678	268.07544
157.1174	237.34187
175.35045	256.87582
157.57407	257.1875
170.64334	237.10413
170.85655	261.55237
146.17073	247.54675
181.10263	236.63277
169.99594	274.0683
149.65323	235.85962
181.30888	253.7673
151.36145	262.17264
175.31355	231.93091
173.24901	268.1653
151.87778	245.20505
185.94339	248.52132
154.45947	267.10712
163.51634	231.64351
185.79996	258.19464
151.18527	255.05595
171.12227	423.49585
165.5974	434.66666
158.42807	421.18408
178.81967	423.42294
155.87936	434.53424
171.02995	414.80322
172.35266	431.0616
164.70187	429.66498
181.19298	419.3658
165.1173	444.17877
161.50252	411.69678
177.49863	436.0938
150.86324	428.97192
174.67784	410.6993
170.95769	439.43842
154.73904	415.33588
181.89772	430.43198
156.95047	440.14056
164.04807	417.83218
176.60445	441.59003
150.65211	421.86957
463.59375	68.56782
435.46027	84.685
438.03912	76.39996
450.96466	91.5117
457.1858	77.54385
458.00616	58.91897
466.78143	92.25128
455.2982	74.099686
443.83856	87.89595
447.937	69.68312
447.4772	63.957726
465.83603	86.19173
431.12933	77.423874
460.23276	55.72744
439.8969	95.40122
430.24878	62.594788
459.73804	84.07634
429.43414	96.53923
444.66608	53.151894
459.92807	97.70009
428.60684	72.08156
466.5271	62.413593
446.90137	104.053055
440.55005	49.645172
469.05215	77.73051
429.49896	85.86643
447.91812	60.337513
452.65494	99.202194
434.1272	67.23058
470.2409	69.62291
796.0492	385.48035
800.473	370.53534
811.2345	380.35132
794.0722	373.53308
811.09735	369.8353
801.5339	382.3899
795.0237	366.60098
808.0882	375.20764
792.7706	379.1331
805.0255	366.4277
806.66003	385.1015
528.5105	380.66437
531.38025	372.04193
518.4584	388.0339
525.6278	372.5655
538.6043	382.34668
520.28064	381.4361
532.8156	366.21857
533.0894	386.58792
517.4924	361.0153
535.9282	377.6944
508.85986	384.1942
525.3966	364.21625
534.242	393.15924
519.4845	370.9826
543.0543	365.49313
526.58734	395.48077
511.0393	361.49216
544.7256	378.63147
508.74707	377.70926
530.4487	358.3311
525.3799	388.00238
509.53534	369.10086
543.4108	371.52277
512.83356	392.08173
523.1883	357.27307
542.9136	388.50632
514.24915	375.59296
537.02606	362.3302
172.51685	362.7593
162.29819	334.9693
170.7587	351.40125
162.80658	345.66055
168.23392	341.6659
175.74445	354.6756
155.68211	338.65155
178.72493	340.17902
164.55716	355.74112
165.22131	328.53058
183.29546	351.09027
144.8074	347.81952
172.81335	339.0323
164.19174	361.84152
149.77658	333.44205
186.73135	338.248
156.83806	348.6412
170.85742	324.47107
182.10324	357.7625
150.17606	343.60355
178.08188	332.0769
157.88457	363.88568
157.2378	330.37433
186.45163	345.6562
152.16364	353.03015
173.22086	330.6231
167.58923	490.00513
160.54471	485.88412
178.06949	484.9375
163.54251	495.64932
166.22961	484.22125
179.21191	492.21103
153.52002	486.5687
173.71161	480.11597
164.66171	501.66827
159.77661	478.64178
173.46358	490.8439
157.04562	493.68805
167.65459	476.24884
172.34299	500.11615
661.64545	377.52786
673.19666	372.4218
667.90454	384.8197
664.8784	367.2017
679.75336	378.9267
655.1898	381.91708
679.19617	361.81973
673.4649	385.0606
656.48126	373.15167
666.99976	374.3428
662.52234	383.8519
667.66156	357.22498
680.0347	383.64804
648.2604	380.89923
675.4972	367.70117
669.7356	393.70657
654.9394	364.59113
684.11365	374.79413
656.2709	390.1098
671.38684	362.7481
678.31036	390.49374
649.7257	371.05362
683.5167	368.44318
664.125	391.19598
661.2301	360.05035
393.3887	381.63416
368.3034	383.79828
379.15167	365.8809
372.45187	377.4332
367.31332	364.9183
378.2866	377.16568
356.95743	390.26382
373.2067	371.74393
385.0949	385.8156
365.5235	375.1758
384.0583	369.5521
367.96268	389.07938
361.965	359.0185
384.5898	379.3371
354.6187	379.01343
376.01572	358.49564
375.4544	389.69543
354.31204	372.59152
392.86932	367.06342
364.97107	394.57413
370.59128	356.88925
388.4262	390.3172
360.87177	369.63702
386.84607	361.44855
374.09503	397.29144
355.65216	365.3681
389.4095	373.5554
361.25354	381.3972
382.69113	356.92682
381.31183	393.1978
759.0992	372.66132
780.4879	369.53485
769.4685	386.95154
766.546	371.9532
779.9067	379.18103
764.17993	379.39285
773.6353	367.405
770.8181	379.85794
760.87805	365.5632
775.4262	374.7718
762.16583	386.28595
768.78534	363.9284
777.30853	385.55377
757.30383	379.5753
736.9322	367.2204
724.5553	380.54065
719.7638	368.15936
739.45575	378.9393
711.77295	380.45413
724.2218	373.83746
730.4727	385.63455
711.6176	373.49408
737.50543	372.31635
720.6568	389.83917
722.56476	361.44077
737.25183	385.2763
718.31305	376.3063
731.72797	362.61456
728.32324	390.68787
714.06055	365.90402
731.369	376.4659
714.7543	386.1894
727.33875	366.8363
599.25037	385.22842
594.6333	375.07245
606.2548	364.39368
593.151	382.85138
591.43677	361.93954
611.45905	379.20615
586.36896	383.10324
605.3242	357.21063
598.13184	395.8696
583.8506	367.70215
605.7622	373.80292
588.6335	393.07562
596.86975	369.51083
611.79016	388.30405
583.2336	377.4097
612.02435	361.812
606.0335	381.21524
586.7605	360.4812
616.766	373.47983
582.0237	387.06503
600.3568	366.27563
605.0347	391.2382
580.6323	372.33994
612.77454	369.74643
595.8474	388.98993
597.12836	357.19452
618.3415	382.69196
160.73582	52.59083
174.6238	40.57327
168.84525	62.840374
160.33167	47.467148
172.37949	53.456165
160.17291	75.91414
168.63567	44.10032
182.12207	66.38301
151.23836	55.482838
182.96667	45.77839
173.63675	76.23036
159.6048	27.870255
178.3673	51.84027
149.01007	65.11345
175.26152	32.145515
171.13052	69.59936
153.18181	45.83146
188.69835	46.82815
159.65913	66.929825
161.92542	42.11075
183.75005	59.99983
146.92506	59.835835
180.01277	37.34094
163.80417	68.71729
152.49521	39.00964
188.44179	54.290394
159.26128	58.827972
163.38763	33.727707
173.95831	61.18232
145.49277	47.955452
748.3473	38.461143
726.75977	59.28991
726.1159	44.187824
747.72736	61.843628
713.8563	53.20925
737.0624	35.263702
731.2934	63.047264
721.08167	54.186657
733.07153	42.449085
722.54114	66.866554
729.9457	31.483612
740.8961	60.99671
707.3207	49.546608
741.03674	43.331417
726.9861	75.44278
726.34973	38.069305
738.36804	50.989426
714.5649	69.10204
729.8124	54.5635
742.05505	69.78806
718.8743	45.591755
752.53345	47.652054
730.0189	67.34429
718.5011	35.951363
754.29675	57.17382
709.16785	61.25849
742.5001	33.076622
734.14923	72.06471
711.41125	43.715923
746.8235	53.181786
