483.2166	74.788345
476.64484	83.03015
476.22662	71.5886
490.20135	74.11523
469.28897	71.084724
485.0309	66.07768
469.85358	86.601555
465.62167	57.92074
492.65836	83.5086
464.46954	80.34853
490.2381	51.933765
487.04224	87.40588
463.9179	72.64533
499.0974	64.08641
458.84613	96.39257
472.0131	64.83177
501.43546	88.52955
456.50357	84.59009
486.1562	61.586586
482.2683	97.11633
462.0125	62.448616
505.41144	80.07493
463.97836	89.83476
475.3541	60.2017
484.079	103.31606
454.12964	75.64967
496.43726	76.737015
468.99945	98.88972
478.5834	54.209057
495.87152	96.56288
170.2092	226.02954
178.65738	225.40755
179.6578	232.86494
168.48184	212.90707
190.03302	233.2797
173.5803	233.60283
185.66196	219.95808
182.76613	236.93152
167.00522	230.90079
188.06177	226.47871
175.83138	242.50668
166.15172	220.48308
196.58989	230.74255
167.04214	235.57231
178.14334	215.77116
181.70639	245.7601
160.69354	221.3024
193.86937	220.16487
167.74852	244.31357
176.3157	210.446
187.24326	241.41699
159.9434	230.96858
187.13174	213.36026
890.0326	381.95682
878.0641	371.17902
892.12775	375.73923
881.29297	384.28723
889.67126	365.94562
894.369	387.5863
884.6328	374.84897
899.946	373.71805
886.08215	387.68604
883.44025	366.74536
898.5664	381.32718
878.2357	378.6963
896.0001	366.97787
626.11145	385.93744
619.8326	374.79718
626.99774	377.493
618.45764	383.1748
626.51215	363.2742
632.4554	382.13266
612.6874	370.38538
630.9837	371.4007
621.28217	391.20685
623.2055	368.0996
637.46063	377.4744
609.5579	383.0735
628.3279	357.9366
633.3896	391.146
605.4777	377.09286
639.2801	369.38794
614.94867	390.83908
618.5862	360.879
639.7988	384.5912
613.4939	377.34564
633.8783	365.46225
626.40344	394.90192
612.9682	364.79495
855.4779	375.77582
841.6556	386.02408
847.8973	371.47656
852.6924	381.29373
845.92957	377.2777
856.93195	368.20355
848.1284	385.84958
844.1463	366.1721
860.63464	382.79233
838.44543	378.49207
851.48645	365.10345
854.3011	388.53323
838.9598	371.72235
861.528	373.2474
174.36874	315.15533
174.68056	303.99484
192.47849	321.3333
172.64096	310.23877
184.51164	309.91718
172.962	320.45148
167.0207	296.97226
182.24748	315.49194
164.90364	319.92395
179.86076	300.1695
185.99998	322.98514
164.60297	309.5086
194.17685	301.81882
174.63756	328.09784
173.56602	295.3531
190.15057	314.4723
159.92705	316.6646
186.48491	300.22763
181.12645	325.81793
161.95224	302.0289
193.50491	308.83774
167.33818	326.31085
183.03421	292.38394
184.14816	153.05927
172.51483	145.9212
189.48605	142.27058
178.96277	148.42532
171.64436	131.81223
182.80539	143.58835
166.45496	149.06773
173.64975	138.06155
175.99638	155.23758
166.25652	138.26913
194.47852	154.93169
172.18196	160.70593
173.99426	124.52224
193.84904	146.4963
159.1438	146.75958
184.33102	127.354385
179.92302	161.014
163.18399	131.42905
195.35913	138.32323
165.1449	156.40567
179.39558	133.59964
188.22916	159.33365
161.75562	140.65027
190.10104	130.09613
748.7093	385.42755
742.3949	363.27127
756.2966	379.64914
738.166	378.69656
750.1534	372.588
749.9522	378.65967
732.8726	375.06552
756.5523	371.6539
742.3268	385.9191
744.7741	368.3664
759.86383	385.0032
742.8366	374.081
759.12976	366.2349
744.97766	392.56567
736.1978	367.31973
762.8634	376.51114
735.0232	384.8322
751.3934	362.5593
754.6689	390.58817
166.74843	42.172554
189.53192	45.070786
167.07312	61.14502
171.2031	37.2635
188.78749	53.909454
183.60864	55.70938
176.33731	39.43934
176.89168	61.87301
161.44144	37.292076
200.03772	54.75686
172.53836	50.445145
182.10759	48.610065
187.07571	62.476166
165.16489	55.346233
180.84106	35.138344
175.41855	68.53602
167.16974	31.08836
193.56546	53.65141
161.5745	63.030518
184.79547	31.299734
182.65356	68.358475
160.79642	45.97203
196.99512	45.317554
166.16357	69.97268
176.66534	30.590897
190.26082	68.647606
157.0537	52.672096
190.68341	37.11424
687.2795	377.7623
680.386	367.9706
695.09344	381.7106
683.16064	382.69073
692.794	363.90482
696.34436	387.8041
683.2779	372.89267
696.04865	372.95178
687.274	386.93103
685.1518	362.03424
700.8349	376.82928
676.46185	379.88358
694.2965	358.3685
690.38293	392.3604
675.05756	366.05682
706.1969	375.93198
675.39996	387.01886
689.8473	371.30188
702.6268	386.8698
672.48157	374.69775
700.8937	367.3404
682.20306	393.56604
173.94388	520.4953
184.10516	526.34265
171.1616	533.05743
177.97798	526.1549
180.80246	539.3373
169.07138	526.0284
186.4212	519.44135
172.91933	538.48663
175.46811	513.72437
187.13855	534.8813
164.88367	531.2848
183.5419	514.64813
178.41895	533.30286
166.87926	519.52734
190.8272	526.25964
169.0543	478.5572
177.29256	457.74707
180.28998	468.1674
164.85135	463.32404
183.7262	460.5633
174.27823	469.1356
171.45486	457.1496
194.86575	471.08807
161.99905	472.79877
182.28476	452.26514
184.60909	479.1524
165.18826	457.36743
191.40115	464.03693
175.98932	479.21027
172.0928	450.216
187.10117	471.0667
169.03763	467.3911
190.25298	455.4146
179.86313	474.97842
793.8663	365.53778
806.79126	378.2984
795.6814	381.44748
804.97845	368.80975
806.84735	389.42413
802.2206	374.3429
811.8794	373.54633
800.3539	384.28418
799.1481	364.50613
815.3052	382.04056
788.16754	379.70657
813.131	364.36734
800.8809	391.26773
788.3983	370.80594
817.38947	375.72015
792.24976	388.6651
804.7418	361.3119
812.17194	388.02655
792.68713	374.98145
783.3764	41.56922
779.05133	52.867493
770.348	35.62222
790.06976	56.201805
760.4807	58.759514
781.8014	35.050076
785.3191	65.75028
761.7294	38.2351
789.5509	49.04885
774.6139	59.898407
771.6007	50.451225
792.9741	61.889576
766.87354	55.401264
789.4542	35.92358
782.2682	46.73188
771.8683	43.165627
800.71875	51.64859
767.7929	69.58429
784.4159	28.560156
788.8412	70.254166
766.7535	48.36698
796.18146	45.62896
774.7882	65.81051
774.56506	32.648964
799.2774	60.34147
760.9672	48.159386
797.6368	36.574043
779.14813	68.75691
551.43066	374.5445
559.0253	375.32382
551.02594	386.51215
555.1371	365.06592
570.3284	386.82043
544.6876	380.3525
561.0012	369.2448
559.8717	383.1738
545.4064	363.99457
566.42004	377.07425
539.64935	382.60333
565.18677	364.50214
564.67554	390.38245
539.2039	373.2688
570.6383	367.1234
551.44446	393.1046
551.4501	358.70367
572.9396	380.64606
553.098	380.08527
562.8351	358.92877
558.2026	391.84085
544.74084	370.40698
574.0373	374.17737
544.5545	391.01492
398.99646	363.50226
402.20343	383.06488
389.09485	376.99652
410.22217	371.58527
396.84674	378.08542
396.6332	368.60382
411.22006	385.07343
383.41043	386.77786
400.95624	374.19666
401.24622	388.38962
384.6227	371.09708
418.69937	376.47498
390.6698	387.63544
397.62125	357.04123
406.73575	392.02444
377.3744	375.01978
404.61777	364.51062
396.91034	395.7138
386.09366	362.7481
407.9574	377.94733
383.51312	392.98273
406.15698	357.6801
403.46527	399.14874
379.6225	365.54794
416.74722	367.20715
390.38602	396.64734
390.99323	356.25513
417.33478	385.16132
382.20792	380.95966
413.5189	360.64847
176.16501	392.78583
168.73906	384.0787
181.4041	389.38837
172.41624	402.84253
177.94148	372.80112
187.31009	397.56866
167.65762	391.40707
185.40775	384.40552
178.19685	400.7377
168.76666	376.77142
187.36172	391.60077
158.09991	394.44366
178.65671	379.7147
186.13016	406.15213
161.43307	387.18793
195.2365	389.39325
167.80582	406.94986
174.40068	386.28113
193.06703	400.76865
164.94272	399.86703
189.2713	378.8587
179.7831	407.06882
472.9354	373.95294
496.00787	384.06836
469.10406	392.78958
479.0263	362.2113
484.04922	385.25662
480.43222	374.47318
492.3875	367.514
484.89117	378.5251
475.44818	369.17926
496.74692	390.4204
471.67758	379.10553
485.53912	367.16574
480.95624	393.24063
465.05478	367.54324
493.2313	375.7114
474.91104	393.11746
477.89154	356.1419
489.79892	386.1257
462.86914	379.38644
495.34122	361.70007
479.01392	386.5223
469.44516	360.59235
501.15894	377.83627
465.32095	388.19357
487.2299	356.3642
488.1014	395.20032
466.88837	373.25516
501.3045	369.10712
