159.7298	495.288
139.64786	450.87018
185.82495	444.0433
193.44443	488.77515
149.46097	441.7292
160.63232	501.0357
143.56499	495.153
148.35562	449.13803
176.79842	427.87677
138.32504	477.68335
160.8468	431.78436
200.44086	488.54254
156.49272	428.11566
197.92111	464.07983
150.67833	491.57382
179.80298	469.41815
196.06018	479.7088
138.09244	464.8029
203.44734	456.2766
136.05087	493.5294
168.37013	439.3781
193.757	451.47437
134.65704	486.30527
153.2255	439.0563
180.32327	499.85538
135.10922	187.6476
136.21153	198.47894
150.65108	203.12724
151.98007	180.24678
205.24023	211.06612
173.2429	248.85019
166.2516	169.26491
136.19463	213.26921
188.58556	214.00876
202.35475	218.57434
150.49313	230.30704
186.79584	182.18466
191.04556	236.13899
160.54898	178.0304
169.37268	208.76184
174.60986	243.17465
149.13292	172.7174
192.31259	230.41023
147.9216	235.91153
203.29196	188.33643
163.62846	237.17563
144.51175	233.67737
192.32478	184.09573
142.52094	240.10674
182.16782	175.91866
199.87068	192.02232
130.81578	209.52475
525.1817	89.48085
463.28336	84.03182
473.70734	64.20435
451.97412	64.99336
430.43585	107.68107
444.64566	50.765373
511.6479	108.36051
486.28302	40.009266
513.04126	77.06629
487.97144	132.86537
511.96127	82.690056
525.6095	110.309204
434.79425	54.25826
520.1411	58.30648
475.0833	119.73287
516.86487	64.46132
521.10376	68.575874
436.88623	115.674194
425.79425	82.7144
508.16617	122.57924
449.40723	127.88479
462.93994	39.728546
444.254	122.50127
453.67462	53.80409
519.0441	113.92096
451.26236	86.03502
435.83237	66.574066
505.55194	133.31877
430.97247	75.24448
504.31097	56.487274
385.70078	376.40244
419.36505	409.7736
432.28937	376.82407
388.17105	358.06738
398.94806	397.43085
424.62115	390.10464
385.87524	396.9062
409.20557	407.71576
363.5668	405.5906
370.1165	358.71954
360.9606	389.17975
360.9791	369.23663
405.66528	361.94403
411.11298	418.81097
373.79565	363.85336
416.49103	373.54083
381.37994	416.05145
421.53156	370.22833
390.04877	417.34406
374.51306	381.39774
435.25873	391.4833
360.69388	378.33917
425.4856	354.8376
429.49258	395.95636
371.9452	405.93356
406.6701	352.40805
403.79706	423.4204
396.3146	354.8332
427.28418	372.10767
370.18546	395.7275
782.31104	31.317734
787.567	58.45276
763.08264	62.8079
797.43933	55.729378
790.27527	88.35979
789.4989	21.73284
823.06775	47.04527
797.1204	89.629875
810.379	32.55518
755.5515	71.23018
758.59735	40.100964
805.62195	68.90473
813.754	66.63698
779.911	26.437891
814.3744	80.7173
760.5565	58.110218
818.9373	62.09427
786.86035	94.37959
786.4076	76.61311
820.6166	74.1999
753.6254	59.79838
801.4968	31.018671
775.5587	92.403786
805.82007	24.354515
795.676	379.3062
811.08606	408.69897
800.7816	369.01892
800.0178	376.5981
793.6863	390.79172
839.34265	374.5173
824.40686	411.29044
825.4915	365.72202
829.5926	390.90173
800.64716	405.7128
803.5302	356.1147
822.4054	396.81274
814.32947	365.088
831.21155	362.40854
816.077	414.09454
811.792	374.6947
836.5892	401.95316
798.09656	401.93878
836.109	369.2427
832.20276	410.88837
791.51337	383.76132
841.40546	397.444
625.8578	413.5065
631.24615	365.2506
638.0776	362.01468
593.3502	387.299
642.4928	354.9805
628.69183	375.54126
594.1193	377.32867
631.3377	390.20776
601.5074	415.26685
621.97217	360.24295
610.67267	419.1936
603.4236	374.9702
623.7378	353.13892
615.59845	414.64346
606.146	360.8841
630.97406	415.3707
587.0339	385.87067
652.7335	388.56848
650.18945	393.65567
600.125	364.8066
642.23413	373.62476
593.542	399.99423
646.7712	378.86285
642.1842	407.05072
588.58276	378.08347
644.50464	396.68695
605.5644	404.0696
484.63086	372.77618
510.14566	411.69913
500.9025	415.68677
516.58673	418.75595
528.49524	408.3859
484.2603	378.81406
513.581	374.30856
492.71173	413.59772
524.8595	358.71072
522.9845	418.3514
478.16846	380.86816
512.3799	364.7848
506.37817	411.74872
491.70673	363.9511
537.16003	363.84036
483.90375	407.2707
487.95062	410.77115
537.252	395.8426
483.3453	364.8229
544.5001	371.70117
499.41254	377.68924
514.4992	355.1563
532.8689	402.742
515.0006	423.78238
531.25775	364.83765
539.11096	406.1363
501.21982	357.95935
541.5199	402.4125
164.25853	50.16465
135.84831	56.31118
194.7412	97.81374
130.57806	88.99837
203.1335	53.460167
145.72928	101.024826
213.28345	61.15246
206.23926	95.852684
162.31255	112.694664
141.43039	74.41014
168.96938	109.52925
165.54654	43.59052
194.17027	73.03627
157.50674	115.84898
169.988	94.90147
194.92072	44.923214
129.27226	82.963524
151.58029	34.68804
165.72388	97.45946
141.7337	42.433365
214.0712	89.71365
138.20456	98.06257
191.524	41.198856
196.86441	104.1591
148.7981	42.010365
173.50067	33.645317
175.28635	105.554245
138.87605	37.558193
204.1182	69.04378
872.83136	380.48813
901.4435	399.74197
896.46747	399.60934
877.08203	374.2794
898.8905	372.08777
883.2425	382.26602
883.96075	367.98718
908.9584	395.93118
878.0272	400.19394
905.0721	371.36362
883.67957	407.40442
891.3592	369.97833
909.20276	385.8983
890.9495	396.60873
881.5133	377.78256
901.20605	406.22382
166.50906	307.0207
161.76463	326.31152
130.69016	348.57675
143.3587	321.81177
206.13728	320.1432
129.45824	367.89395
147.52013	325.2211
150.01572	310.2603
126.74324	337.39227
206.51929	334.14865
168.27798	377.44476
180.22424	308.46805
186.90878	376.04327
177.31935	313.56332
201.32909	331.65088
154.11398	356.44366
156.66023	374.19174
198.63637	357.7444
144.65593	365.28156
191.13954	314.0706
192.8077	368.255
135.13554	328.85852
207.93701	361.83136
138.67775	365.60333
171.35861	301.3932
181.82535	324.4115
135.29904	347.53693
751.94196	378.04495
716.91785	410.96475
717.7226	400.3869
744.25806	364.40717
726.73303	375.59885
713.1614	365.96234
740.87067	406.94928
697.44226	376.22098
709.7446	393.26874
695.39636	400.17917
735.1066	368.26324
727.5545	417.60004
701.0447	403.60648
740.40784	369.2986
712.20056	425.77823
690.1622	387.46362
753.71625	389.8481
708.6122	397.7838
709.9804	358.27414
752.72473	402.2127
723.8948	383.5528
716.75464	355.89587
746.13306	416.29956
697.3248	366.9213
745.39264	398.8665
689.5122	395.62646
