425.55365	129.5881
485.2473	122.70387
483.3348	69.66884
475.51987	51.310753
432.51733	51.86035
501.91693	110.122375
448.2105	143.14662
443.94458	44.894142
484.95923	57.6531
403.8727	81.19824
416.38306	59.30128
471.56308	142.05728
449.34756	56.132133
484.06104	136.60568
453.8288	128.35686
393.7626	92.62124
475.88934	138.71117
465.36237	149.93382
489.12924	77.2228
403.41214	111.10005
393.229	107.06801
460.46063	145.45547
442.58878	151.6871
458.0932	52.58271
453.28482	149.60788
393.62933	82.030975
470.07755	55.80058
403.03717	85.80429
712.20276	64.370995
785.2186	80.918465
729.1636	102.70561
714.7486	59.980938
741.2572	91.07037
724.93384	61.40457
753.78644	58.854134
734.6135	96.43758
752.8408	30.567577
750.9747	103.37421
710.6127	52.718147
763.30554	33.01072
733.95825	101.39552
747.2642	68.58899
784.82117	76.169464
700.25946	79.61334
774.6527	44.317497
762.8176	103.60237
730.36035	30.516438
783.48816	70.276115
143.54684	394.33136
163.9558	343.9785
129.51309	354.65143
149.53311	372.50125
140.69527	345.73358
151.98618	395.1209
166.29147	376.3225
156.43175	345.66638
127.31781	390.89484
174.0162	342.3946
142.97086	402.55313
120.57922	347.93597
177.46689	374.21234
148.97037	399.91153
131.41725	347.82272
179.73688	362.79892
673.28503	415.35938
686.23895	379.5886
676.978	404.24295
707.7937	391.79764
707.42816	404.57196
680.52844	396.5635
657.7297	387.2652
686.6779	396.39713
670.0519	383.36475
697.92206	373.99094
676.7944	423.41245
669.5002	378.73492
700.1906	411.28717
690.3689	422.95132
676.1463	375.34503
693.6635	419.24673
118.00804	478.3609
178.81706	472.68195
130.55148	474.0582
132.35783	460.71387
153.4454	484.6867
135.64604	455.13852
164.10667	461.34512
162.78554	511.25473
142.52266	451.8191
169.4022	461.1416
137.44855	507.35284
149.49194	481.0103
159.13376	504.11954
124.87105	489.6516
163.95737	454.37207
152.92744	510.6433
839.784	401.6826
810.4816	397.34387
804.1797	399.8875
841.6162	395.11005
831.2334	412.7857
802.5092	391.7229
839.0872	408.78162
822.2876	416.1508
834.63007	385.18558
835.3047	392.414
808.4193	389.53885
829.0884	379.1723
392.43347	396.6411
381.4022	405.3987
384.6984	371.8863
372.2714	362.5488
398.02365	368.45306
364.6903	435.74863
329.0432	391.50934
380.43344	414.7259
369.57468	407.39517
378.65482	354.53458
383.3611	432.27612
349.63882	418.16855
383.5867	363.07956
359.5768	430.5716
340.22522	375.81296
369.5378	391.7105
325.68228	403.92993
337.1772	418.64893
375.4781	440.49213
335.64874	394.34998
393.7448	376.78085
356.05447	435.7142
330.06293	386.29852
404.68088	384.83258
340.77158	399.80862
377.4701	364.35892
174.45752	264.18112
122.03898	252.99448
189.2645	261.42868
150.73465	286.8985
174.10944	214.4177
177.66776	272.00153
108.120224	261.94565
131.44621	215.38882
127.20687	250.89969
152.4286	206.94589
153.4031	242.56253
137.7292	282.47504
140.08224	200.99258
135.19458	262.51123
117.96604	219.05374
186.01422	242.9166
149.74161	246.47855
105.14667	251.68298
180.8737	215.98325
117.00987	241.20651
171.0184	234.28218
757.04156	400.37027
765.2635	381.9233
776.79614	396.5896
754.14636	414.24683
752.8047	380.6563
769.7681	400.00143
742.31006	394.12265
757.19073	418.4423
773.18884	408.37433
739.3298	398.36078
759.4882	395.169
741.0537	405.0125
771.4137	384.04343
523.43494	401.03317
466.05646	411.92352
521.4586	372.56467
484.1837	396.0673
469.93927	380.26984
519.2874	408.66385
474.3711	388.09186
520.69556	378.76147
509.07413	429.2138
494.05502	427.45428
528.4851	399.1667
461.1546	394.04938
527.181	415.82275
487.57675	408.67703
483.66254	366.01132
527.6454	387.21097
487.6214	427.8045
483.91632	372.16983
523.38605	394.14685
460.76367	406.78775
469.6668	398.04822
519.2258	419.96158
462.2066	387.96295
124.31179	74.407104
154.24338	134.40414
127.94541	38.248
177.00932	54.476326
105.91628	75.38809
187.9848	107.08147
183.70624	120.10226
124.254654	53.567467
192.90082	70.26845
118.55626	112.8427
114.63948	51.74065
158.26736	81.22405
139.86006	47.674156
176.38675	118.137634
135.77316	98.73183
110.877625	63.39441
181.96982	112.80416
172.76186	123.62477
152.62825	40.397945
162.24376	137.87733
106.16276	88.62645
205.811	104.71028
114.49719	125.14543
179.96109	50.58851
133.95662	140.9251
589.75635	374.64557
615.1122	381.74246
582.1842	420.44214
618.65125	377.80203
614.2558	421.89633
576.6334	405.77658
595.05096	374.67572
616.40454	402.88718
601.36096	380.19507
627.62933	404.00775
589.9578	421.3129
574.6562	393.1933
580.4398	398.70685
579.6247	417.17465
621.66125	404.43304
606.52136	419.0298
574.7204	416.48837
