190.0001	119.25742
224.91353	70.87792
149.91173	126.62936
204.77959	84.383156
133.24184	130.88503
115.16752	49.995205
175.39886	58.334198
138.05386	48.546562
184.1661	73.608986
140.2536	128.74988
183.54225	41.838844
197.83777	124.02681
163.22102	76.63313
205.9738	53.866188
159.6567	131.87366
172.7903	42.849663
204.31992	99.60219
114.8622	87.798935
125.47904	93.10431
150.03221	136.86848
163.29068	41.989067
205.24438	111.12749
116.09776	104.009926
198.88899	62.09423
127.5475	116.87804
133.3225	56.715557
179.62657	48.608624
140.674	134.36977
119.68396	58.340405
506.51987	391.86774
509.9874	375.5046
555.1452	397.89508
538.3424	428.10895
507.7758	383.4218
517.38586	372.86642
528.1306	436.346
517.17535	410.32642
561.52826	406.8049
534.3019	427.29208
578.5171	381.8641
546.70325	431.63788
529.81464	360.8802
570.6773	375.4556
501.24966	407.1293
567.42834	373.37057
559.935	416.74432
543.5427	355.715
576.1288	403.21674
572.72296	414.17352
515.3102	364.5088
571.62146	409.65582
543.4814	359.66827
558.1446	365.9031
572.4242	427.97177
551.73083	352.26245
581.78076	406.5536
528.00665	427.3974
775.06757	34.984013
812.4799	25.20853
773.661	40.884
808.75525	29.214834
783.9625	62.10323
796.0565	43.412754
815.1138	54.753777
778.01917	55.446247
818.45215	47.86359
797.82336	66.001366
776.62195	27.632452
785.13654	29.251095
809.86194	60.80655
804.8507	22.110188
183.89752	295.02094
171.81735	217.07922
148.20692	303.58295
123.25505	255.04984
128.8898	273.34073
193.53381	284.20886
153.20647	320.2286
209.00647	245.35576
180.98894	274.2676
149.80519	297.11362
175.37387	218.87833
117.87892	265.289
168.28865	228.33907
202.75027	285.66138
186.53053	224.26888
145.76765	227.78165
171.47702	299.45486
161.35376	216.983
153.67523	286.5691
118.95668	255.08887
193.7365	238.3707
205.88142	274.53317
126.829544	238.84131
156.54945	211.97769
162.75214	307.67133
137.84631	224.05075
203.2806	248.00117
758.83325	402.90833
781.2816	389.22766
774.8602	417.47183
755.244	396.22415
793.2319	390.19577
791.1664	407.3908
767.6024	375.67114
791.53455	395.10614
759.5767	388.67065
797.3333	388.27255
797.7961	399.49417
789.25824	380.3057
767.78644	411.96777
773.1245	396.57294
155.5744	544.6918
177.42781	530.2909
152.95007	527.0991
141.86931	535.5476
186.09929	558.28546
161.51712	521.693
148.61386	549.838
149.80371	542.4052
188.41628	542.23553
165.5563	567.45844
183.72105	554.03
179.62274	554.8518
148.38098	566.519
663.15283	392.8355
685.5529	424.15225
655.43054	392.16254
700.73444	379.68335
675.0062	367.13904
643.89124	416.23715
685.5791	386.21417
686.8587	430.29785
661.0648	365.99545
708.0187	419.21582
642.36414	400.83533
675.89557	420.83627
645.28644	377.3061
686.1769	355.0345
696.36316	369.16135
659.2605	432.17303
676.3229	360.1765
661.7189	418.5523
638.0356	384.1203
710.03375	387.33856
644.83875	405.7367
706.3721	374.47107
662.1062	427.0473
631.6684	410.45428
712.6596	383.10022
675.61206	435.40656
664.7931	360.32666
834.6307	377.15634
819.4053	386.26614
851.55774	400.02316
831.6095	411.96802
822.14026	394.4809
843.67236	399.22675
820.29816	402.3236
824.8745	386.42114
843.26746	408.26996
843.8053	390.39548
839.91943	381.8593
156.23946	451.2264
200.7753	408.53522
176.65512	469.7763
160.77635	398.37003
149.56654	406.96988
171.73445	466.99683
135.06552	400.0214
144.47159	421.3628
127.98972	459.04507
189.62488	389.06122
205.08432	401.50937
146.03627	468.31396
193.80226	451.64346
207.81677	447.28998
141.46416	384.65692
202.33243	429.15707
147.80545	388.31302
160.83676	375.42783
202.13335	446.65594
130.61502	452.7455
127.49744	392.55148
190.39975	451.0582
125.94891	411.0153
209.48715	433.8581
120.03788	427.77353
174.4179	378.50958
161.6899	468.4835
435.49384	87.82539
477.81915	109.2332
431.99933	123.18929
491.3059	137.62164
514.6434	85.990036
433.48648	92.53838
527.46375	101.28664
438.2418	127.38464
456.2535	35.094536
527.57697	81.895645
512.66864	128.94165
470.5363	46.079205
513.6671	119.341774
430.98868	74.47549
520.45966	69.56202
475.421	147.2712
447.01694	60.181934
504.57446	146.9686
432.09784	118.30757
531.8933	81.10983
487.5721	144.53394
442.61664	67.70357
467.13495	133.59286
454.8829	141.26855
492.80576	51.941612
517.91864	129.47852
452.77823	52.611626
507.24	51.991047
423.40933	102.63635
448.05023	66.82922
898.1041	388.70795
891.9794	407.90674
902.9181	396.89703
896.6077	403.8215
874.47546	388.29953
884.35724	391.39154
871.4684	396.2552
890.02606	379.9602
885.3317	415.8976
878.3124	404.58908
436.26074	370.83487
381.48273	426.64374
345.68808	387.31003
436.9638	393.1878
364.06158	401.53235
366.85114	378.78424
406.92563	379.8567
360.3135	412.92535
424.20752	401.50995
410.57123	424.25665
397.6497	352.7545
439.3729	397.64456
389.19653	391.48895
387.65955	360.03424
430.496	425.9029
430.25723	414.3102
433.177	381.0941
371.48743	418.67828
432.6447	366.47183
395.0914	432.57944
363.47226	370.64835
400.02106	361.35837
408.60168	435.78217
364.8493	365.65213
431.0896	373.51654
380.56888	433.65656
413.17944	360.27997
393.06744	442.46323
383.01865	371.64655
425.60016	393.497
