513.6958	427.68585
505.06512	413.54144
509.27582	406.58276
512.4584	412.7857
514.4632	379.3871
576.6869	421.95746
546.86365	370.61038
520.57324	371.06384
560.0247	436.05762
537.29767	434.17902
544.0749	383.1916
520.8787	388.08707
535.38715	370.1345
571.2195	382.89392
520.105	431.3912
507.3687	430.5561
568.29913	419.59497
548.3622	439.23306
560.7401	373.45612
573.3155	419.17334
533.67053	360.87518
405.3271	445.4208
394.11966	374.59128
371.92874	363.75275
383.1324	442.99332
370.34418	372.305
404.60107	424.83115
380.51773	427.90814
389.22247	366.87033
357.5867	414.20923
352.70053	383.0653
414.39566	372.16998
381.3202	358.54868
351.37054	398.78256
428.74625	414.26593
419.5048	431.42145
411.73047	368.33148
430.1451	423.71503
353.91678	427.59537
421.55328	373.40738
347.1916	395.65045
355.21378	377.07202
436.1723	395.02783
368.1978	439.13013
392.60413	357.45514
157.06947	497.96866
159.46953	525.7005
180.91585	518.56134
134.96565	511.1931
141.8968	523.60425
177.9999	508.97308
132.53998	522.8683
158.077	491.6813
147.01266	535.1367
152.88678	487.0876
826.18396	384.4654
825.4466	422.03174
818.14514	384.58017
821.96075	406.50467
805.24243	393.59238
838.8732	409.45288
818.1176	403.23846
839.6709	402.05322
830.6164	412.10205
804.0606	400.7331
161.24574	382.572
153.03772	414.03043
155.71144	408.55118
193.06956	405.0349
131.41537	424.68768
163.81024	387.6512
184.47647	422.99536
157.53787	413.74017
129.00377	410.73077
136.16212	436.14462
138.53682	442.31195
180.39738	402.03305
122.045975	417.68146
163.95035	446.80502
767.29944	414.08823
730.62585	389.07855
749.7267	390.08963
751.72906	425.3287
742.9606	383.66168
756.5805	426.39697
731.11505	417.4974
747.1845	379.9229
759.1779	418.07037
736.8756	388.15295
765.90234	388.70517
733.41144	399.5428
500.74472	56.399994
529.30554	93.30584
453.89056	150.1963
519.754	66.78923
445.92548	118.95449
508.08798	52.369987
456.42798	148.63962
482.85254	67.56627
513.165	65.79588
487.2875	151.15337
448.76767	76.92027
482.8915	85.08267
443.21103	141.0441
534.6671	116.538246
537.7074	139.50436
417.58252	125.15897
459.69507	68.47752
519.621	138.67212
423.26495	102.518776
536.959	106.15193
443.8168	147.37187
448.52826	63.210926
490.31943	155.88293
409.23206	87.17095
530.8541	112.41408
472.25528	49.633183
435.4909	70.367676
201.11166	104.6234
198.0758	99.89946
128.1305	49.25466
153.68907	143.95229
121.07455	105.14016
162.65219	51.338196
108.99614	80.94838
179.42976	51.539314
161.56635	137.72066
126.50664	52.68284
180.249	46.378883
145.46004	148.36285
207.52328	76.90887
204.1801	113.39705
127.978455	132.32869
144.45346	50.92867
105.18838	115.492775
132.38492	123.21236
152.26567	102.520836
100.30385	89.948746
155.88333	47.58372
207.28706	91.89509
112.32534	107.15643
878.96405	401.89023
901.02234	413.94843
867.44025	397.928
907.27966	403.98175
870.1012	405.23602
878.53973	386.5211
872.8335	416.25162
872.7831	396.39706
898.91345	393.10693
889.931	423.1932
107.229164	278.1997
169.44644	311.23224
123.88057	299.36768
171.57104	232.03337
128.2967	299.62543
125.79146	309.56696
148.3447	312.6017
187.01584	298.88605
116.49916	245.10733
197.13617	268.59637
119.281265	291.00677
186.2999	246.52612
125.57277	246.42436
189.88985	238.40813
144.62341	224.17346
189.14297	268.42865
154.65569	233.62325
195.39572	299.51862
134.38835	239.04752
194.72025	281.54138
834.88214	51.552124
797.87933	57.29381
807.18054	87.367455
773.9368	74.03474
803.16296	56.747833
831.40216	68.632576
827.41956	37.23539
784.2407	60.641045
820.5521	84.86875
798.48846	27.133871
831.95917	44.75455
783.4986	32.518833
831.0703	62.90687
799.97675	88.07002
646.8464	379.51575
663.9711	400.41757
630.9464	405.10486
680.2428	384.297
669.39734	428.14105
657.57947	402.32892
651.9448	418.4521
642.6073	426.05014
653.98346	377.07117
662.26044	407.0739
684.23267	416.50766
631.97656	394.153
632.2012	411.36557
635.1893	401.12613
686.725	403.24078
