180.03073	406.44232
138.62296	374.00906
176.6734	403.45868
158.7567	389.35352
187.1079	375.54578
161.07582	384.04196
148.90457	411.95636
143.43369	360.46747
177.79984	365.85458
131.4417	385.31165
143.99797	366.84918
174.70721	411.88617
138.6223	365.93082
186.72888	382.84686
132.90762	368.9285
807.4592	394.08286
835.86584	408.6609
808.0002	405.28717
823.5028	381.49518
812.81213	415.96274
841.77655	385.4844
846.11584	406.72635
811.734	411.06827
809.34314	386.90585
844.01843	400.2127
819.5508	377.26788
846.03546	395.43884
850.5697	408.2457
170.44206	266.3803
198.48517	252.3848
123.573364	275.02267
182.25943	216.0051
161.61905	294.08563
137.36821	225.65152
202.70224	269.24542
125.09502	229.13435
142.12115	245.3848
140.5698	287.56433
137.3411	213.7345
199.20206	240.95149
169.45303	298.2669
169.44519	210.85437
183.02008	223.602
121.17307	252.92976
147.72162	220.97794
206.37749	245.5853
117.00305	268.11722
161.65042	224.5074
140.65842	296.4764
147.76932	204.44211
428.29883	415.27188
381.52515	382.59137
411.34985	370.3486
390.54282	441.49408
361.706	378.94836
426.85394	394.62134
370.56754	439.61703
363.78177	370.21335
390.14288	385.1181
360.39246	424.2068
423.90558	374.9306
379.32843	435.27704
381.29794	358.8332
402.72076	428.45343
395.20135	396.85123
373.34268	370.25555
386.72516	438.05835
395.3636	352.02692
416.46625	417.63705
369.31708	415.74072
375.5316	350.24368
404.1904	438.52213
346.82455	386.63208
424.56573	386.65567
365.04218	427.5236
628.5021	384.59952
672.1867	410.36752
650.1488	424.92328
643.408	378.242
636.426	425.6792
623.2728	405.66083
675.2715	377.59903
633.58136	420.42783
659.3809	370.1839
677.6106	394.56927
618.35187	394.24173
622.5684	390.18137
669.26483	419.34283
623.77924	379.1814
673.63336	416.31903
630.27576	398.71597
670.0005	382.97546
681.40985	412.61465
645.9939	368.75122
815.0941	32.216724
769.77936	56.743305
780.9785	33.827965
774.0467	71.279175
793.0736	85.09522
799.85175	27.190634
816.21234	78.19538
791.95044	77.64845
797.35583	51.190453
795.58105	50.042305
792.47003	19.705318
822.1258	46.950268
780.5751	80.40114
829.5957	51.198982
805.7665	84.284584
742.3041	376.78192
770.4356	398.34415
726.94543	402.81085
730.1898	384.9898
723.6113	389.83566
734.40204	378.0609
728.4084	414.21582
723.2514	397.88025
737.4247	391.8205
769.76105	410.34586
737.3478	418.11166
754.732	377.4181
763.7914	417.16592
769.8115	383.77167
762.49646	409.64908
145.04166	515.1611
178.14548	468.3483
184.58252	508.5333
137.96797	492.4332
152.54764	464.21063
149.1095	481.72916
187.63571	484.7726
164.27243	483.8166
136.39873	470.4922
185.25708	469.9205
159.14905	489.0069
131.04654	487.9459
183.88467	491.79672
175.1256	509.3855
493.5385	382.21405
550.5968	367.49884
533.2381	434.555
542.5851	368.67386
537.35095	428.58057
495.50748	376.61816
549.952	409.1981
511.10263	360.96344
557.7882	403.5268
524.99194	439.5104
504.85367	382.60077
524.68994	361.1559
552.1225	428.39386
517.7335	359.09378
567.68195	412.7713
505.85303	425.07495
515.42523	423.4284
504.58658	419.48233
515.322	367.4771
561.2274	389.9341
499.65796	424.30298
502.93008	371.04745
562.16833	409.97763
564.5351	400.98953
176.2403	99.44756
108.157814	107.06262
114.01803	60.97986
149.97925	46.89458
193.50967	110.53666
144.25787	110.276535
179.76176	128.56691
136.67252	56.845284
170.52649	65.43468
190.32079	136.24353
109.06743	93.21637
210.30069	79.10033
129.19316	57.486023
205.29001	100.80824
153.69469	131.26163
120.13994	110.50569
204.33401	112.77582
132.38608	103.59287
155.36365	37.491108
199.76462	112.27659
115.99744	87.52373
187.14328	47.019405
106.2381	81.81899
186.54794	78.480835
168.50511	140.87253
883.46545	408.9351
906.9326	379.62396
918.2928	400.1319
882	387.931
920.0495	407.29684
890.52814	403.1009
889.92883	382.403
899.9113	417.84418
914.8005	414.2964
915.0631	389.81442
893.2363	418.26895
877.31024	404.7753
919.3463	387.555
449.90298	140.75966
432.19733	78.06547
522.3627	132.64505
470.93497	50.842995
472.1631	37.62844
455.7033	54.41112
461.46674	58.609444
478.64957	151.53053
441.4042	127.10825
464.97186	103.18699
505.11972	140.66063
449.01212	71.88838
444.41757	112.42887
524.6368	129.66133
528.4006	101.21773
524.83453	83.12053
461.94464	48.594093
504.57098	57.415394
494.72784	144.68942
427.84082	80.057686
497.6142	148.33644
447.3353	58.30132
490.4151	46.334282
532.8884	109.88521
426.87247	141.31653
508.81537	57.107075
487.2644	154.0126
436.90854	66.67677
