766.1727	382.3981
739.16785	392.33713
750.25916	381.62286
777.07666	399.8615
734.4747	401.15805
773.37164	403.8402
747.45105	420.30786
755.7213	401.20255
760.36096	421.90924
738.4648	414.7208
753.35	377.41425
750.9541	424.4541
736.28375	386.51996
769.67664	383.8602
844.7879	406.70966
815.2435	400.30728
846.7829	397.20416
810.9254	407.55273
841.5666	392.43155
814.60046	383.68146
836.839	384.5719
828.0321	404.40118
812.8332	413.3666
827.849	398.40546
830.0339	419.1978
814.2831	391.57968
521.2465	383.85394
557.77313	368.69388
577.107	393.70773
533.7055	430.99478
527.00037	416.3011
532.0702	390.389
544.1795	431.73822
524.60376	370.82294
583.34894	403.32043
515.074	410.46182
545.4097	373.20428
520.90326	402.03723
512.13513	403.89264
555.41876	377.35077
559.99426	432.66754
532.496	368.0591
571.67834	418.1032
561.808	435.71844
577.04944	383.03156
564.57434	430.7272
515.7069	388.81705
582.13586	392.61002
523.4373	425.56793
138.06136	212.04282
129.97968	227.76978
144.51709	297.11786
186.21948	224.18137
117.65877	228.1564
142.319	216.49619
201.3489	262.9745
148.66475	287.87338
146.94804	253.17651
158.93439	287.59235
158.95148	253.36104
200.79874	240.53354
159.98784	295.0427
157.55644	216.17053
137.17075	274.82187
117.465065	270.40234
193.27646	266.51764
176.8209	244.52425
116.40609	258.71027
200.5751	246.03336
111.377914	248.98557
125.50154	227.04639
192.59169	283.22937
114.02102	93.55084
208.15762	121.129906
168.90245	52.30436
145.64856	39.950676
200.6239	98.78202
107.746925	96.8676
155.79335	38.16602
186.98662	108.09563
155.35483	84.81853
196.8758	71.71286
117.981834	92.72215
184.56384	48.550854
134.77713	121.72528
147.24759	124.54507
129.24088	62.874035
206.6748	94.51922
109.08872	87.09652
194.03522	109.15414
116.12569	78.847664
132.35739	50.23266
177.63188	119.75731
119.901505	67.626045
192.0593	88.50338
173.90616	128.31487
178.9589	45.700554
439.01025	135.37923
466.94073	100.35875
452.6684	83.21429
443.5476	157.21121
513.7084	69.104965
511.38412	75.678085
456.69122	142.95638
429.2492	79.72945
528.8211	114.23755
441.7501	80.09743
525.8056	102.19498
504.49115	49.0165
487.71075	51.652576
515.47705	132.01901
458.44385	152.09592
519.42926	61.220783
463.67426	138.41685
425.54272	85.18344
498.37827	52.612457
546.40546	125.541
528.82367	55.04757
519.55414	110.79037
436.7477	141.38443
459.2206	49.92967
444.421	137.32895
431.46176	91.250084
458.38882	68.66118
488.12613	154.17783
529.9745	80.92317
507.14093	157.56744
128.02283	374.35416
183.14084	397.8266
136.85422	427.89835
160.35043	363.2901
185.21544	373.63605
171.27902	386.1835
183.96442	382.35022
159.63835	428.03726
137.49152	412.39902
176.23605	368.2536
124.706985	402.48077
152.90225	363.37177
165.96375	360.22488
161.79877	402.4125
140.94351	359.31015
174.29321	421.23907
124.010376	395.92032
178.71115	422.00552
144.00717	479.63898
155.04233	482.1981
149.31737	517.64954
133.61093	511.95306
177.34344	523.0984
152.51793	534.38074
167.47363	484.26324
182.56454	506.85083
139.31479	525.7785
146.00774	484.54742
163.0635	529.7239
135.40924	496.60504
175.16347	484.4982
175.79967	529.75287
888.529	409.12314
877.59454	413.04816
885.6454	396.57233
902.0988	388.93472
892.3605	400.3034
871.00085	395.55258
896.647	411.05646
883.49396	403.44522
878.9756	388.1966
902.6945	407.24274
438.45126	419.25308
434.60126	430.10077
379.7516	366.7203
364.13736	372.07642
440.36334	401.52213
406.35748	415.76587
442.10806	393.13696
400.3037	444.24814
363.6023	379.93066
401.18442	384.36044
415.9812	382.32834
401.10226	360.46613
380.5667	440.73285
353.78485	392.85773
435.80133	378.123
387.11002	439.4708
353.00775	410.23062
424.8228	365.98254
362.25195	405.26935
353.27466	387.1139
414.1726	439.48965
358.67572	399.2743
449.93872	395.1678
392.76733	455.95825
379.4355	360.5028
370.97443	426.03485
361.5263	428.60287
438.72485	372.53552
423.15298	450.07788
431.4395	400.92755
813.6046	33.44343
809.5238	48.65016
799.42145	58.690216
784.2166	92.19994
773.47504	39.00595
809.19763	36.156513
795.36536	89.74713
769.6489	53.039562
778.59534	65.08456
786.2311	88.81183
818.38666	28.11178
798.9104	77.08123
781.40125	33.662483
832.5267	54.294548
806.7185	90.56204
820.94226	64.88243
797.4398	86.27535
636.8144	385.13882
691.5623	405.48392
685.0527	419.8366
654.5681	373.76544
663.82855	400.51556
631.6952	406.92642
694.7066	401.44434
671.2326	425.29865
640.8641	380.60614
642.3232	376.6468
641.1627	418.8354
639.14075	393.8093
685.0068	399.7934
652.73413	413.72308
678.9674	378.0956
666.42	430.19586
669.45355	370.67676
688.89386	390.79657
639.8389	412.85278
