754.9563	77.22469
740.3923	46.89027
774.848	53.956
765.7208	79.12442
736.09296	28.579721
762.383	32.057835
746.25977	79.2511
743.3185	20.386341
773.0543	75.34386
728.47815	72.89513
741.4248	28.750065
734.15643	76.65608
730.1664	27.806494
760.5332	26.942547
739.7899	83.17573
103.289085	283.95404
171.54349	305.63107
109.748856	278.79623
181.26819	264.6319
121.122055	256.43484
174.65326	265.3396
156.32916	322.22586
146.98143	319.70535
147.31442	249.84793
186.6939	263.38947
159.31827	290.13727
191.41928	277.18985
187.21977	301.31183
124.02788	240.67725
187.16913	239.54163
108.46832	259.18204
184.41403	256.75128
134.8074	322.94623
110.630226	275.87067
147.46205	311.0638
116.05815	310.7872
130.72568	238.50664
173.82088	312.5462
157.73741	430.76578
171.81357	393.78647
153.13727	437.64618
172.6513	411.78452
169.35432	426.4505
125.99489	422.84375
148.16757	386.43997
155.25978	382.05072
128.68317	395.7751
131.7441	389.1804
123.081345	402.49823
143.68451	381.8898
175.54092	400.48788
124.30492	397.85748
621.7784	379.77032
625.81177	422.0377
605.30023	412.07382
631.881	376.30576
609.1698	414.04077
604.98737	385.51923
633.8781	394.34308
640.46783	398.8333
645.517	405.4867
611.8048	419.3935
633.90356	383.1918
637.9718	413.64276
602.7279	393.0939
610.1309	385.95462
648.49066	408.20834
133.98888	527.38324
143.70056	522.3131
127.77528	514.0971
153.70755	479.40396
158.92891	482.03912
149.63107	505.05762
174.24557	496.01337
141.18571	528.74695
123.05969	507.33682
173.33061	511.92172
137.21707	482.61945
142.97267	486.21405
168.39848	523.51056
347.81287	408.183
400.33563	402.9598
344.211	412.51074
368.97385	362.1944
349.60947	427.42416
401.68008	418.36322
384.25775	375.03156
393.42133	397.35043
357.12415	370.17154
376.55548	376.56943
368.13983	391.7178
378.45172	357.39926
398.87527	431.6529
336.30325	404.89154
402.80518	434.6704
342.9843	435.30157
335.271	384.72375
410.36554	419.8907
353.5988	434.96884
399.4961	375.6961
346.09833	443.3361
331.97006	419.87973
385.38385	364.878
358.52704	436.173
347.07294	367.24323
396.58994	426.34503
330.49197	388.68332
402.8885	364.73315
691.42175	415.2542
682.6224	403.80212
720.1617	400.4654
682.45056	410.84357
716.74976	391.88257
704.95905	422.3043
686.809	379.10468
724.7693	396.04218
699.15674	422.45297
704.90906	380.00568
718.8042	405.62704
678.06775	398.06277
693.2373	380.8342
700.3204	399.55515
515.3478	367.61182
521.0515	358.38477
523.74347	429.14935
523.84973	364.4897
515.8927	436.30023
486.9192	382.242
544.5252	380.1431
508.78204	440.41327
501.6338	371.4678
489.757	407.5694
498.1734	433.80972
540.40826	379.5439
536.7431	429.26724
486.80347	373.75613
551.65344	409.08038
505.60562	431.1395
526.1484	424.775
550.60187	388.0429
484.16592	421.2189
528.1109	375.9438
516.3205	360.02362
508.5936	361.64728
552.98236	395.4215
482.11127	399.41058
487.0556	367.94604
527.0043	436.29303
821.8211	405.1781
850.39307	388.22723
832.151	415.58658
837.35315	384.74054
837.9744	398.81927
823.3929	413.37735
840.99835	381.705
855.8968	387.64883
818.7976	399.8482
839.42444	417.87686
842.341	408.40933
855.2044	401.1851
133.59274	133.92015
136.33022	40.40659
125.50368	58.167095
171.9097	114.9469
128.53136	51.209175
194.11734	69.4162
181.41971	61.014473
179.11206	46.930233
171.43222	125.45852
112.664	121.160904
195.85034	109.23723
132.10551	142.29192
102.68445	67.09233
137.56165	148.62491
99.98681	100.7745
158.59378	50.84571
165.31706	154.96141
148.58818	45.612305
193.62326	89.72839
125.683914	144.35307
105.3965	124.82188
181.50117	139.59877
111.80621	63.239788
180.44637	70.93921
131.30367	148.80083
120.11399	59.26244
186.82523	130.71873
115.53514	65.86812
419.06195	61.096363
473.54492	133.62242
404.01236	114.47404
465.73056	56.233204
419.9706	152.9474
393.90836	120.30493
485.70084	136.57712
484.5206	80.25517
487.80014	75.33264
453.04083	163.11722
454.51114	149.11063
498.95013	87.6642
410.844	68.039085
424.50897	58.080315
435.21576	148.22789
428.4537	53.07369
498.9362	80.8012
479.2849	55.464417
479.549	50.791107
491.20972	142.26498
398.78165	96.234634
430.75375	46.1318
407.0312	134.61954
400.85452	76.427315
464.61288	146.87813
437.15912	124.41994
488.14093	67.10132
489.148	125.067055
413.233	131.36224
781.6935	381.59662
787.35706	409.84146
775.5673	382.08856
779.4248	422.93124
759.8226	405.0015
766.23065	381.39917
785.7226	384.2304
751.33813	390.15982
790.95935	401.612
769.0234	421.10956
773.36633	395.63562
772.60815	416.22552
759.1361	414.70453
