509.5184	381.1163
487.58154	401.05673
501.26108	369.59552
504.58954	414.1955
456.0407	385.2032
515.21075	375.29288
443.2584	398.42914
462.4395	389.3865
461.63364	412.90997
516.56244	403.49335
510.7775	421.99298
470.927	432.23325
457.70865	407.24078
482.30234	431.44547
463.12616	426.15155
464.69638	375.12518
522.5729	402.77252
479.903	369.70563
509.68985	371.7663
471.79254	426.45956
486.9563	395.4793
499.68246	408.40826
125.85106	501.26294
152.40121	504.1398
171.7465	499.13785
148.50423	507.77783
174.2552	514.395
125.54154	508.35953
138.30344	485.6595
164.10599	526.1655
130.5751	524.1654
161.38358	483.50513
146.37515	530.1469
126.43347	518.88257
147.23698	534.99414
824.68146	393.18542
817.8544	396.83286
845.01874	415.78735
835.68164	384.30722
854.69434	396.6059
838.88983	415.58887
837.1803	379.66742
858.9798	399.75867
832.2409	416.05698
848.24854	385.65472
853.16376	407.9193
820.91895	404.5154
178.41269	259.93387
128.3177	265.00925
138.9014	206.54575
119.60056	262.904
147.64612	277.462
179.34644	218.02815
147.93948	237.78915
120.0612	225.42876
182.2973	222.40332
108.07249	261.6845
183.72885	247.9165
188.8087	253.35274
130.48624	207.9968
144.51079	208.38387
115.79407	254.25679
125.52987	203.32686
192.01978	222.93079
123.19318	271.85748
189.06363	231.58475
167.77237	274.91168
116.53136	218.5407
195.6397	101.575554
118.90554	60.183655
189.56271	69.992065
193.53963	94.42513
123.28483	113.11564
173.43811	44.471733
108.65468	89.49068
153.93376	42.849373
165.17097	75.18122
112.79114	55.962364
189.17514	79.08549
124.32068	121.0364
150.2482	126.85252
196.90128	84.44166
190.14969	56.383568
118.95107	50.790413
174.9528	125.19142
139.26167	120.748535
126.89242	60.68264
187.87383	100.89183
103.680466	76.84051
187.68097	87.610214
113.090904	110.885666
747.56586	23.830526
764.2665	63.05648
738.1974	24.474024
762.0752	25.130617
727.68964	28.989996
763.9977	31.950253
748.4604	74.08523
740.70325	71.87494
748.6729	20.42059
750.4352	79.679886
726.6659	43.531563
774.98846	56.558094
738.28406	78.01589
732.84204	74.9686
624.16296	380.57715
598.745	434.38617
632.9614	406.55276
588.1846	422.89282
597.0543	413.4813
638.0025	399.35083
572.1808	380.64777
603.66815	368.87787
607.3991	430.88712
574.62134	393.48694
632.21405	389.4897
559.8961	399.51816
581.0541	373.7681
619.775	425.0586
623.76166	428.1979
611.0646	375.94077
607.7262	423.7329
581.96075	382.17416
638.44836	385.3604
599.2582	428.1844
620.79877	377.142
475.1747	139.23099
505.90497	107.79806
461.90097	141.33958
492.0647	124.181435
449.8421	110.11516
445.3767	50.79476
405.72498	79.446
435.61792	43.960743
490.04443	65.74126
399.2036	110.74973
496.86987	82.27991
405.13022	87.73332
393.84488	115.081055
485.4921	114.15532
401.2254	127.46434
463.2046	47.532158
489.74506	79.43107
425.18066	47.90322
474.6148	150.92181
447.71582	141.59572
481.0232	106.31637
433.0873	145.81079
395.80963	89.7077
500.42032	91.41224
406.13553	136.84804
473.77472	58.852467
452.4402	41.715847
401.9	113.3828
352.8505	364.79834
376.07635	433.88412
347.25854	433.76797
343.8353	440.04388
348.83398	410.15576
362.095	374.29767
346.50085	425.74576
329.50427	379.19824
385.53696	383.4534
326.74347	393.3313
379.6916	411.49048
381.76187	407.3296
332.0943	400.69565
382.4545	367.00647
395.60553	399.88824
346.7038	377.63718
387.24823	426.30853
378.08957	426.5958
378.5284	374.53818
399.65604	393.32498
330.7463	417.02075
376.86627	363.76373
356.75037	427.71515
333.94937	378.95135
782.7128	415.94818
763.5882	417.9668
790.7689	407.51044
786.5123	386.59134
751.76373	396.83096
777.60046	384.0502
769.03796	403.25522
766.3279	379.05182
773.6108	377.9145
759.34985	380.8521
772.172	398.77997
775.4886	419.64542
759.28796	387.56256
133.03531	427.0501
116.49892	375.37177
159.10663	342.2788
201.4391	387.09567
130.75325	390.39325
126.50946	354.2716
128.60974	358.70544
111.63883	371.94928
184.82098	384.69513
187.34555	403.78842
186.66818	381.35672
154.0441	424.42023
107.9828	389.3784
164.39923	353.27722
143.66902	426.8636
183.01534	393.97357
171.24162	391.43292
116.86902	410.92813
149.10623	387.68622
169.26639	415.4411
679.7011	394.48947
711.5194	383.69293
711.4742	416.35464
681.6935	385.70294
717.36597	409.2901
689.9952	380.09885
717.7638	397.897
697.39215	403.2226
719.73914	391.62393
716.6161	402.85175
679.1847	406.17627
698.2033	397.11902
685.56647	417.34653
675.81555	398.82242
