419.1209	113.92129
392.93073	79.72564
463.06534	61.23501
506.27792	100.31792
409.60336	88.66776
449.06006	42.923668
477.93463	51.410076
414.9449	122.26184
491.208	104.32585
426.2125	59.325397
475.8475	77.35334
484.66568	95.16
403.45245	67.03621
497.88092	110.34535
408.0904	98.832245
483.28842	58.739998
439.02612	139.8363
432.14624	136.33743
502.41684	86.94418
443.25815	159.38332
452.38412	52.66688
495.73602	85.68971
399.14835	84.550095
425.261	46.20524
406.7988	120.35598
405.55527	81.47691
485.52988	122.242386
470.10028	129.8665
395.26068	72.42874
168.33177	83.42595
188.37914	95.150116
156.03125	42.034283
165.85356	107.667564
154.57813	117.30326
125.13869	73.78017
185.5282	54.672413
136.4038	82.19515
151.55074	124.76605
126.73629	45.239876
162.79904	32.40944
117.40485	100.17769
156.63998	34.589108
191.30246	79.90601
119.59269	64.70848
146.76892	25.085394
173.69232	109.97499
114.227295	76.654526
137.88667	104.65298
166.78229	113.60856
149.94727	34.45834
196.14204	93.21431
136.98674	115.09271
192.18454	55.35058
163.41321	122.03815
149.1861	41.75707
194.19638	63.344
134.72667	483.4771
155.32635	449.46573
136.00308	492.0433
161.91934	471.4061
161.32153	497.29208
181.7266	468.43912
174.76006	460.83072
175.19133	469.86386
138.23593	487.4732
182.58488	456.99054
177.76178	476.60718
139.95175	459.8077
171.21082	483.48886
141.374	476.9455
133.9542	463.78583
517.6874	404.40262
480.37924	394.20987
487.0357	360.3401
477.82797	363.91452
503.56534	368.33502
456.02164	394.57773
509.79907	418.2746
464.21735	360.06662
470.86603	421.9603
456.73593	376.2657
515.2074	384.23737
458.09546	401.1827
475.46686	414.02402
505.27042	413.3592
468.4214	411.06573
507.57974	365.23032
463.4833	418.89594
461.60147	371.48688
511.6918	400.6945
459.21143	380.9936
520.3134	381.81427
520.7991	417.202
459.4178	412.87738
516.2079	376.44366
478.9481	420.32574
501.85733	357.8492
519.91296	392.49127
618.7299	404.13925
611.10187	394.31296
574.3865	373.8057
562.34796	389.76462
617.109	367.98135
569.70764	388.9438
606.58887	366.24622
613.35925	418.96225
567.8687	402.16788
627.7389	395.70996
609.6442	422.85654
609.40063	359.61392
625.9133	404.22
579.97424	411.59995
587.01074	359.87674
589.5568	422.7342
573.76715	383.521
586.912	391.61075
617.9042	409.9134
570.15753	369.74326
590.8013	416.72354
577.76764	425.34067
593.22363	359.60434
573.4829	413.84775
586.47784	380.2646
145.22122	563.44464
147.19131	556.6915
167.48845	532.7982
165.59157	563.8681
139.40237	539.6275
170.50455	537.5768
163.08919	538.4316
140.91692	532.9083
172.11018	545.34924
139.23463	554.19025
140.77306	548.8947
385.3553	412.17514
372.22772	360.1767
392.21353	369.4345
352.01877	422.1502
392.66998	405.39667
360.9931	358.5948
346.21747	371.2008
373.60504	423.75812
348.3352	405.0854
378.50204	364.65222
373.29474	433.16895
340.82007	413.23917
389.56476	418.5717
360.65057	424.49658
335.0773	396.79333
404.33942	396.8654
370.76602	387.0983
351.39737	359.25287
385.91034	359.7195
337.20648	366.62143
365.26587	357.43054
398.82468	407.711
350.4587	378.83588
402.62128	381.72015
359.30096	418.93353
351.698	368.7167
399.21542	389.17587
386.02954	425.9454
154.762	191.9972
171.81448	245.4456
149.70517	184.26152
154.36118	220.01492
122.83038	228.77339
135.97842	185.82
170.00558	263.58224
124.7004	213.28186
189.0924	254.70132
134.34444	197.68289
198.83725	226.66812
188.79883	243.55167
146.84897	263.01724
168.14578	187.38353
187.79886	232.9522
113.83762	226.05635
188.4279	207.23447
120.29691	212.46635
167.92007	180.34135
152.21721	263.4439
119.87981	237.69658
189.74538	229.90909
161.5902	269.45706
114.88766	222.06213
137.86853	264.03482
115.71118	204.16129
163.05234	336.83362
187.94131	369.76163
134.75125	368.94684
199.82886	361.3622
130.85976	387.77435
146.43329	327.12238
183.91306	379.0605
166.0262	402.7245
192.80214	373.69598
136.61188	360.48038
131.05975	356.2441
119.24599	354.59998
127.5292	391.84073
187.64087	357.03217
169.97046	394.60342
144.17917	335.7423
178.89522	342.738
151.84409	392.64264
126.84127	338.96515
181.45442	390.92694
178.63486	335.6779
176.8122	326.0882
121.68793	370.9397
667.4452	374.0701
708.7027	385.68768
700.04193	392.07587
677.2109	404.118
681.65704	395.40027
670.07385	387.42755
728.249	382.06128
681.37244	406.34723
690.7517	366.64697
718.12744	417.21738
673.7732	407.3785
698.8027	364.20294
704.9269	416.2907
682.1736	367.2957
707.8646	363.29428
667.8198	399.23877
689.6168	378.6695
724.7233	388.19897
711.35315	407.50418
718.3541	371.63287
713.06934	418.77118
689.7108	401.55518
723.5141	400.38327
722.4162	114.3901
731.7404	50.063942
708.9546	93.89045
765.26996	57.070717
720.3448	59.50724
732.95496	119.82794
723.542	35.610596
770.5768	79.36318
738.32477	82.71884
748.8757	40.260307
774.1832	86.170265
703.43414	86.21684
783.3781	83.082275
703.7965	73.79193
735.1876	36.684654
777.45325	99.51439
705.665	68.313194
779.6642	60.655518
726.2075	109.63853
696.70996	51.94682
730.74756	88.64066
741.9078	115.88713
774.0402	45.58279
767.5287	109.64742
705.8056	60.48116
783.9474	62.297436
779.21045	406.67078
775.92957	374.71375
792.33417	406.1518
763.285	395.9538
789.3256	373.90997
790.5999	411.52402
765.18713	377.98886
793.4597	379.02295
774.62585	409.05676
769.75903	375.21664
789.2475	402.18552
767.99335	407.67224
783.35614	390.21204
777.4142	392.10025
784.9093	373.34433
