779.14923	388.22467
771.70074	393.83844
783.81134	380.1667
784.956	391.7375
773.1851	386.154
789.99304	380.16977
776.5734	399.52585
774.5242	374.20584
790.5605	392.53522
766.5655	387.7392
781.3428	374.65433
781.87085	396.26837
767.9262	380.23773
188.62141	222.25754
180.40625	209.15874
180.24332	199.15837
183.84145	217.61858
172.37933	212.26328
197.0907	204.31012
159.38676	214.89673
147.90211	188.60403
180.43216	192.3124
151.13406	205.95476
158.13477	190.16711
173.32991	217.77222
159.59341	204.42267
183.78836	182.53865
158.72415	231.46692
172.72934	180.05075
189.92917	209.28003
151.02414	213.58582
170.44228	200.78629
162.83809	220.0676
161.3107	196.7468
190.94102	196.66986
150.9209	229.93314
164.37411	182.41806
186.36314	230.3892
148.72952	197.0226
493.3213	59.148376
462.9065	116.74874
454.07544	75.0551
478.13574	90.47121
459.37003	70.868454
454.8668	96.43037
475.97577	123.61241
451.70233	80.20954
495.85742	81.82063
446.55923	82.992325
469.82086	61.093086
509.79037	87.66942
480.04068	101.85897
484.73334	65.34902
478.39316	72.246635
468.21274	87.73201
504.225	93.97966
462.5752	107.9529
507.7631	63.36366
503.91342	106.30873
461.648	83.72612
504.73175	78.52332
478.5604	110.367355
478.93442	64.58901
493.81967	97.098045
456.60596	107.812546
500.5468	74.46792
489.60626	116.693825
463.91812	64.19917
493.8471	91.71268
162.13058	448.20068
169.36888	423.3986
172.32674	447.4394
161.37466	437.28336
180.4771	435.9682
164.77007	442.34344
156.75574	432.00253
174.19614	430.10718
159.934	455.9786
174.08308	419.78842
170.37254	455.1251
154.54665	421.46713
185.38255	441.78256
164.28696	453.61295
169.5095	437.29947
181.95486	445.71762
151.59772	434.19418
184.66943	430.89117
179.22682	455.3542
158.20654	560.67737
176.74886	563.2142
163.74582	581.31085
169.54483	560.7148
174.70293	579.72144
167.55801	569.9816
180.2808	559.30774
170.08965	574.77783
164.9157	563.5833
178.16199	574.32715
158.67128	569.63965
376.29028	367.17462
411.3392	396.26178
409.29886	384.50217
393.67368	381.36908
378.5411	404.96027
391.9341	389.2281
419.3413	387.33804
384.86746	379.30496
406.1142	375.745
393.6474	406.9964
407.43576	369.99744
415.96442	404.17346
374.96686	384.235
387.0512	363.96365
404.7069	403.12213
381.3407	375.90652
416.0645	378.97314
392.08746	412.3012
381.64236	363.37372
419.11954	396.7757
382.67218	392.06995
394.24686	362.77295
394.95074	395.43015
394.18143	372.12543
405.3265	391.72205
387.14096	413.6795
402.22916	360.92624
401.82983	409.90698
371.71188	389.87827
418.9371	371.1322
869.2633	391.79022
867.73083	381.92688
877.4007	388.436
863.0172	388.5679
879.85254	378.63052
872.2376	397.71564
859.8208	381.05994
874.7703	382.63422
860.9486	394.28928
871.1029	375.5579
880.34357	392.95715
162.01903	513.33826
180.2655	504.5711
172.81946	524.5556
162.00528	504.4589
180.17369	516.38525
158.05681	519.54346
172.12044	501.16193
177.59308	522.17676
156.577	510.083
176.32578	509.5707
164.93924	524.5154
169.28903	509.0401
504.4139	375.43027
490.63556	398.7699
498.95303	383.69598
508.12012	386.95633
497.64648	373.14206
519.89246	397.2343
497.62445	400.8663
500.02704	361.03632
514.08606	392.2361
492.3645	393.39676
527.86707	370.35052
510.0755	394.62076
490.42755	368.64465
525.33813	387.46515
485.7653	397.54797
520.3147	376.57498
512.99713	410.0753
495.27728	387.32474
511.69644	382.7354
500.8708	406.93173
512.6518	371.60382
521.76514	404.72604
485.61362	377.84488
519.6557	368.7694
506.0971	400.50116
490.1834	381.89948
532.56506	384.87286
819.15845	396.26346
824.43225	376.67297
837.3879	392.47467
825.9876	385.45447
835.8249	383.14542
826.7925	390.9987
816.87714	377.66156
832.2433	388.1694
816.5221	388.5018
833.5	376.3281
829.8468	398.95572
820.23596	383.1677
709.3495	370.25177
695.29016	406.5506
694.67255	381.9352
712.4894	395.7175
702.19836	379.64517
715.36707	389.3508
700.80725	395.1218
702.0141	372.92276
715.8815	375.17343
711.18225	378.452
707.109	390.0432
723.22217	392.9888
684.8297	392.44684
728.18713	377.21017
698.75757	401.3531
689.73987	370.3299
727.895	394.6855
692.6441	388.05707
716.6231	368.83142
707.948	407.47412
686.57434	377.20746
722.54553	385.52365
687.01526	399.5389
705.30286	363.69775
715.32733	400.78464
156.92233	57.08317
186.31808	63.133728
179.25322	75.65058
149.38951	70.131966
166.2821	72.26305
158.78024	87.7874
177.02402	56.740406
171.51877	76.36928
169.01651	82.97311
194.70305	63.572773
157.00842	75.06071
159.21141	42.864815
198.48296	79.30948
150.22905	89.519325
194.49112	53.36358
148.87807	97.725876
142.5835	78.24278
190.75345	71.11028
156.88681	95.45799
172.16687	60.104332
188.46701	87.478745
139.51968	59.78945
185.41222	69.74297
177.00131	89.43811
161.48051	49.10289
197.95956	73.123726
153.15625	74.97192
180.50423	47.119442
169.69043	103.64256
146.462	51.555836
606.205	382.75372
616.64905	385.82098
600.8122	384.36914
629.6859	399.55765
602.2025	367.25302
628.1543	376.1047
613.51575	407.314
611.6953	370.0567
622.6086	397.3703
594.9466	398.53845
615.08435	365.93405
599.1269	406.94876
587.6692	387.94427
616.8854	381.31805
609.4784	388.19186
595.2916	377.79538
630.57275	388.93814
594.79016	392.85187
608.0277	376.26337
605.3022	395.6137
588.9146	375.87
618.62787	391.08118
586.07007	398.36722
627.7355	369.36163
614.0752	398.42206
586.7626	380.43683
790.4685	43.88974
787.0207	47.51809
778.75214	44.393692
807.47943	52.772743
782.0805	50.37604
795.22864	32.70185
803.223	57.345715
773.6334	39.723915
808.58997	38.022408
775.31274	63.70576
778.1804	29.756598
801.83997	46.379883
769.19104	47.605164
798.8958	38.581932
789.3987	60.35479
788.99524	36.705708
794.83167	50.43937
780.9347	58.308228
787.14874	24.939384
175.0657	343.80115
151.41777	325.1831
183.53592	319.8863
185.44478	327.91156
165.96397	310.14694
178.15488	336.99115
164.7637	347.30145
163.67816	333.29315
163.47716	353.36917
161.98033	321.35413
191.25919	315.90826
168.3898	337.02972
166.87622	301.11713
190.88884	347.9887
154.70981	332.45096
175.74913	312.87595
171.8195	329.40863
147.57089	314.59058
186.4583	342.7539
154.3818	343.42657
175.32315	321.62085
171.85542	351.70728
145.59433	339.74338
195.38109	330.38443
158.95105	355.51062
160.21965	308.7379
