160.58171	318.0976
146.24854	320.83524
150.62115	302.31143
151.66759	325.45572
145.65219	312.9339
152.03728	311.1308
144.12349	334.36237
144.56854	307.21515
158.60052	326.9984
137.83902	320.9352
159.55553	309.04034
172.0488	323.1376
137.03804	309.66815
165.1151	310.58624
358.9776	394.9818
349.0337	399.28918
378.91714	403.8272
350.42313	389.7688
373.0713	387.35388
368.1855	403.35226
368.5195	397.46326
381.0018	375.21375
335.7635	394.4268
360.47888	369.42853
375.24493	421.50897
355.96088	367.54898
382.27237	389.41104
361.32855	411.24994
363.06622	386.4163
384.99	422.25015
350.15225	408.37836
378.66327	370.3757
373.89716	413.9239
347.45438	379.3504
378.5006	398.65625
358.25647	417.35016
352.64883	380.53033
388.71698	407.8538
343.18698	400.12115
394.30658	391.99844
362.90863	422.92862
633.1278	389.07013
644.3473	395.294
626.7799	401.97992
636.50134	398.01688
640.0729	410.97345
621.49286	392.60406
643.5155	386.78827
634.1647	408.1754
631.5326	380.07596
644.3582	400.7426
619.8734	402.10666
637.71277	386.90594
632.0978	402.43628
627.8924	388.7978
492.97174	393.9015
462.9124	398.66443
478.5586	377.25848
477.74286	413.2286
473.12637	383.93896
492.93716	381.83145
474.29303	401.88394
481.86823	394.39243
495.7193	405.99503
456.84833	403.86224
482.54752	399.61142
492.5389	416.81436
467.3536	388.69687
500.80176	389.36444
469.71967	410.0914
481.85483	387.5108
484.1765	406.3719
458.03378	393.9631
485.60443	377.10983
473.58234	416.91205
468.0572	374.5844
506.6813	396.5934
140.23256	85.95095
138.14815	73.391266
169.50246	101.106
129.39526	70.33769
172.82281	92.42677
155.95021	113.39722
152.09506	63.93852
165.69595	74.75719
112.01809	86.602486
187.31723	78.15776
153.84521	88.50047
146.2279	48.674725
165.59299	90.69324
123.16219	71.85892
176.52594	63.380627
180.14984	100.91783
144.24733	75.877716
185.70773	88.10681
140.18367	109.43947
135.6545	62.485558
170.28574	68.30096
127.01681	107.53634
138.94643	59.006615
159.76709	100.06441
133.08516	94.523575
134.50938	72.172
144.4706	97.313736
159.93253	528.8986
160.61044	543.5672
144.15047	541.2999
158.72484	535.74536
153.91483	549.66235
141.56682	532.5214
152.72974	538.44574
143.87668	548.5762
150.06018	531.79535
153.05478	543.9457
137.576	220.44629
165.7897	217.28865
153.03026	241.17978
156.82692	210.15854
156.89705	236.54306
144.41806	232.67595
146.47606	226.82669
153.17278	220.79907
140.66531	204.32971
172.08246	225.23581
136.31659	236.25745
166.09073	208.37549
161.19284	224.62068
129.45901	218.36673
165.93605	200.98209
145.5415	217.1737
144.74445	211.82605
443.79263	98.86383
439.03693	106.72264
462.59064	64.0243
452.40747	92.22298
409.65875	79.64176
437.70004	91.73985
454.88843	125.94222
421.17865	83.70354
475.8499	104.850365
427.8603	116.94835
481.10724	67.19832
431.83868	133.35315
415.0931	95.90407
469.13672	134.32747
450.4848	114.99077
459.3969	84.31172
444.0874	85.96927
431.1981	81.8918
468.46054	101.642654
461.95743	127.68644
446.09113	82.15403
471.38632	91.372574
460.2972	108.29973
432.40536	74.65904
449.601	133.42943
431.4436	60.63444
477.5025	96.160385
404.7652	105.114235
454.95572	56.430756
484.6461	125.845604
695.0233	397.3069
704.65216	390.35056
693.2422	404.96356
686.14746	387.8288
704.84033	404.29272
685.6629	397.46332
695.1345	389.27716
698.83325	402.56436
682.31726	393.94348
704.98236	396.53827
689.34955	408.20273
692.6576	382.31158
571.0377	404.91452
558.863	392.59497
567.22205	389.29242
564.0145	412.34418
566.5445	398.75943
579.6051	393.4339
562.68677	405.08508
570.9574	380.25665
581.23425	402.2017
551.7088	390.29538
576.86664	381.48923
555.2834	407.0186
561.1691	384.06284
575.3175	399.13068
551.95294	401.25766
158.22842	387.6601
150.56003	409.77798
135.89777	400.3563
163.54935	395.3828
143.09654	409.652
149.98276	387.80304
163.20554	399.95135
142.17517	400.41556
153.32808	404.26434
155.81186	415.21198
139.82376	388.38733
165.40384	409.88336
149.87613	398.63486
154.33731	465.5464
164.83023	480.16754
151.00208	481.70908
161.58745	469.05664
144.02579	475.81396
143.88617	468.91684
156.00485	477.49194
139.3417	478.99518
153.73308	471.9899
152.5169	487.4815
146.97786	460.59122
767.1901	68.611565
728.45764	85.23628
728.91705	55.009277
760.75696	96.44387
736.3419	105.820496
746.4735	66.26424
735.2254	89.55742
722.6329	69.81674
771.3868	89.43682
718.6433	81.94292
766.1185	61.35387
757.7346	90.66156
735.7475	65.57038
775.0371	73.38201
752.4319	102.01005
740.20233	50.22653
767.40875	79.6311
744.02905	57.724407
749.136	47.6233
741.2037	77.664085
744.6217	43.267456
753.3766	64.16203
723.8719	95.96165
744.7796	75.44419
753.226	401.7531
737.08484	392.96182
753.7859	385.03516
744.18005	411.2785
747.67505	385.81226
760.0868	399.09247
739.44934	398.87225
747.5177	397.1028
748.4259	405.83762
741.1559	389.05167
754.0443	392.85492
791.7677	405.8037
791.7163	385.19446
802.67706	402.36688
787.5096	393.48596
806.15485	391.77798
797.6284	406.30637
794.5414	391.91174
805.9767	398.2657
787.5631	401.15228
801.6836	388.5668
