168.64029	66.28301
163.66257	76.951614
180.15288	51.449005
185.7423	63.22718
145.42642	74.193405
170.22133	81.48694
153.37413	59.064953
151.35818	51.29131
187.64926	54.611195
158.34888	79.92969
177.16277	61.867058
175.85052	86.71034
141.86871	55.46706
194.15953	72.675064
153.91298	89.048386
166.30136	50.58254
187.05908	74.82163
148.36508	62.22699
176.1961	40.087715
164.44952	89.06989
164.71582	43.089863
178.69333	90.97513
147.9208	82.69979
153.42624	42.44374
806.1404	401.45618
788.0441	383.46246
802.8287	387.16348
792.62646	393.66608
799.789	393.26385
809.4413	393.52698
785.7937	391.32767
806.2618	381.00284
798.3148	397.99854
793.31165	378.07098
812.27655	387.0174
794.2484	402.548
799.88684	377.10294
174.76021	575.22864
166.90056	559.06976
178.08322	557.1068
161.56851	575.534
159.11029	551.5574
171.68123	565.8749
157.29166	569.6084
163.00874	554.76575
167.57468	574.76245
157.72592	563.44403
179.17493	564.39825
664.5096	394.34784
674.72864	387.18854
671.29803	392.9845
665.21765	387.36276
668.17926	377.10345
665.42053	401.192
653.42474	392.16672
678.99207	384.01056
653.877	398.81668
666.9199	370.90317
676.4749	403.301
652.7973	382.9104
687.84106	383.91962
658.2568	401.90546
661.6778	380.36484
677.41095	396.1736
777.6641	60.809185
802.8887	42.614777
809.4838	68.10482
767.657	56.90693
777.13153	70.685295
792.48376	77.60857
798.4593	52.018078
800.808	69.49785
769.4476	67.42931
782.98346	56.417694
807.3659	46.509987
786.80286	42.15893
812.9083	64.13582
773.6338	59.86952
794.6461	44.86737
799.1104	76.846825
776.71643	47.409122
810.6239	58.42745
788.28644	81.926704
786.23883	35.31737
797.331	63.08477
169.00272	500.03442
165.83003	479.75128
178.96745	500.36176
156.75925	486.88907
171.2009	495.39203
154.76718	503.77148
174.1896	486.58643
170.53757	508.45294
153.11406	480.14566
180.59052	482.87778
162.60213	509.0423
164.79079	494.87225
179.70047	494.4598
157.35196	496.0733
509.78003	83.18823
516.5355	107.84426
497.67227	68.45787
464.9765	74.07571
484.3603	95.79544
463.85748	111.17273
489.0831	71.2667
453.23984	85.53811
459.97046	90.18247
448.86102	95.02073
450.4461	77.37807
511.4494	112.59859
478.07706	125.76637
495.684	86.504456
478.26733	97.005905
438.53574	90.8361
499.8352	84.59267
471.44574	111.54606
462.77032	60.741985
489.08105	120.99989
449.07086	71.2888
492.2752	50.710114
485.88916	106.66166
472.3492	94.53395
505.6542	100.25625
460.9947	122.45509
490.3759	56.200775
494.03094	95.005974
736.3339	390.4063
745.5458	388.41425
726.3343	404.14972
728.0366	379.7819
743.72876	394.28937
727.3898	398.43127
735.22156	385.37238
751.45856	401.2387
723.54675	383.8129
749.5031	383.16843
732.5773	395.87915
734.46246	374.87543
740.5143	401.21774
726.83984	391.837
739.2607	379.96057
854.4139	399.52206
841.98047	386.04498
860.78107	387.1389
841.2277	394.13232
854.60046	379.83966
858.1175	394.63635
848.69794	390.6367
854.0358	386.16006
847.4847	401.00293
846.93604	378.90753
598.3208	393.6638
583.8273	396.13184
592.61206	387.25357
590.3917	390.33655
580.7771	390.596
587.5187	379.53558
577.8597	398.91547
594.0222	372.97495
605.58826	400.72043
575.3101	393.4891
603.4116	378.7381
594.7485	406.98016
581.60754	371.04984
606.1815	389.67273
581.1485	405.8515
598.9678	383.76865
595.4444	399.13522
577.6589	376.22363
392.72614	380.2566
393.66983	414.41968
382.99222	379.4503
410.81934	387.3884
369.92413	385.21527
400.56003	373.65283
385.74847	398.61835
376.79437	384.56873
405.73193	381.65524
376.6813	399.3559
389.869	371.41956
397.01617	391.65848
381.91864	389.3669
413.9389	399.63528
376.325	413.7892
390.11304	390.54587
407.52664	398.40118
367.54285	395.11148
396.92267	368.76752
394.61713	404.02792
365.34338	376.26666
416.37555	384.4104
375.528	404.526
378.54718	371.19806
400.92987	409.03363
153.69295	319.82846
180.48842	306.5501
156.95395	326.40588
159.53943	294.0965
164.08315	307.97644
151.22	327.51248
157.88766	310.87695
177.14734	319.69052
159.64098	316.50708
177.81198	313.8167
165.54453	334.72873
166.8822	295.21838
186.66634	313.33282
171.17093	324.45795
172.04524	300.8023
179.07259	328.81476
159.66716	301.119
166.10197	320.3526
493.72647	396.21588
489.55948	370.48257
502.3976	379.32007
478.86792	398.76974
513.1627	382.55692
498.48535	393.0456
486.81036	381.15256
513.6547	401.4687
478.22577	381.81805
501.23383	389.9538
504.13998	408.8189
486.71982	394.08197
523.09595	390.83688
486.06158	411.79858
497.50787	370.92288
510.2116	406.641
499.54395	406.04425
510.47696	377.51447
510.8189	390.15283
478.06696	376.70898
491.08392	384.67487
491.1835	406.35516
511.93393	371.46423
170.21532	410.4312
169.4093	417.53156
185.79366	405.75146
162.728	416.91684
159.51465	395.30545
178.88742	420.10333
150.3768	408.82623
165.82303	402.56476
171.7256	427.73453
159.21732	402.17975
177.0273	402.83127
160.58972	424.70343
156.2539	414.0528
180.22198	408.25333
152.84851	401.17853
170.45842	396.52045
144.33937	208.56775
159.95642	195.15828
169.8765	210.59402
149.46378	221.0293
175.15959	190.24107
174.63148	224.67398
168.89975	205.84146
187.84937	189.99297
158.86307	204.12115
168.1375	193.89095
177.9178	200.05827
138.15306	193.59886
164.26428	181.70976
178.33961	208.07954
146.12718	202.16039
188.26624	214.71
164.09436	222.06885
166.26805	173.63687
186.61273	202.37534
147.798	181.95541
182.14383	186.69632
166.66763	216.78276
155.3354	175.48486
