159.3357	487.96136
152.60007	488.47324
159.21039	478.1583
167.29324	496.8579
141.46759	479.9586
169.32101	477.3977
150.12138	495.40512
151.03725	476.96234
168.39282	490.21762
143.67729	491.5852
160.01437	472.6021
160.8473	501.10626
149.99863	483.6124
173.50194	486.67365
460.85254	383.08725
474.62656	404.46185
487.4601	402.99725
472.79428	381.34268
478.32675	385.26035
463.6075	391.09
454.86188	386.87292
468.89362	392.06848
456.88126	397.87018
469.38013	370.1839
479.51263	395.0533
448.55133	385.67807
483.68668	381.2156
464.03644	403.1488
465.60513	378.24155
487.4875	391.61594
453.93353	393.8414
477.11322	370.87973
469.7309	398.69684
464.3797	371.6128
743.7659	383.60287
737.54706	398.80646
739.93604	377.94748
751.41223	397.81952
738.7179	386.21234
755.57764	385.84906
742.23157	391.27423
732.7529	379.97418
749.96136	389.9784
731.376	389.9677
745.9695	375.89606
744.4137	396.9175
452.64606	101.41441
465.57822	58.735344
463.56192	66.71188
465.58325	85.21706
439.68954	93.1578
446.3187	120.173096
419.43597	70.92462
439.88422	109.40645
434.12897	53.360558
473.3382	88.47374
419.91772	89.38069
457.8439	92.54447
455.7538	114.726746
411.02216	73.95922
473.216	73.81534
430.19882	111.97577
429.5069	81.01775
478.58368	101.37488
414.68903	91.38132
454.64166	60.76894
472.76343	114.29659
447.0429	79.38466
464.49252	93.214584
440.5783	73.80492
448.72006	63.729687
458.514	108.40057
430.44232	88.49035
168.36954	390.84244
149.2293	420.3598
145.3281	394.77997
166.69682	401.33435
156.97983	418.26
156.47926	401.11267
159.161	410.93716
154.55951	407.11078
171.9772	407.4723
145.38345	411.77368
162.45383	393.4572
168.68631	414.2959
146.31143	403.85574
154.71698	396.42822
163.00552	420.9698
743.3097	52.786396
742.4059	67.88499
727.32623	70.50618
735.263	38.780106
758.3978	64.79926
748.7269	76.84374
753.4833	44.31475
717.64325	85.63376
718.78235	49.655
760.74646	79.2576
713.1583	68.34063
750.35846	64.24756
743.1986	94.85984
720.2471	58.20539
765.08453	59.626366
739.2654	89.747025
734.5746	72.53429
751.27203	81.96224
733.1816	62.163074
743.9649	48.417873
736.17645	75.830025
735.92145	47.054565
775.0663	63.68327
717.84564	75.4678
155.0233	548.09265
161.11334	565.0559
159.68384	555.3555
163.232	546.487
147.99509	564.09045
145.79243	549.4848
165.73466	569.3739
155.18535	558.3675
164.99374	555.71515
156.69977	569.7261
144.40028	558.33154
172.34212	557.3872
542.6361	389.64697
555.38586	392.7475
565.61316	401.13312
536.75916	386.86066
557.67	381.1212
547.23645	392.58588
548.40607	382.37543
567.31866	389.24664
533.4729	397.92023
554.07965	367.7874
554.1844	399.33002
536.8978	378.81976
564.45056	384.11456
542.0229	400.01654
542.72614	373.92267
562.7967	394.79935
531.9431	385.35617
553.575	373.10626
553.2619	404.16785
612.5241	376.51794
627.11646	388.98224
621.39984	387.8205
624.92126	372.06122
631.5368	396.64145
612.64386	393.657
631.6212	382.54874
618.6089	395.64624
618.6674	375.88705
637.53796	395.9906
607.4883	390.0504
626.31445	380.49075
624.07263	399.6102
616.5532	384.41418
639.30804	385.03613
615.90985	402.2693
785.7321	380.74515
797.18134	392.97546
782.10046	387.49835
798.9864	386.43097
787.11084	400.67535
778.0619	381.57794
791.2544	386.8055
782.2832	393.18036
794.83844	378.20758
789.2485	394.76913
140.16768	196.07564
180.3986	198.11526
157.46986	222.40866
151.80685	186.67699
165.35298	225.82173
141.99184	213.52933
168.10556	189.89606
164.97263	206.49423
146.01416	200.27628
179.51884	187.26051
148.60677	210.45462
158.14578	200.48022
165.92471	217.12688
140.75815	207.26323
174.31827	192.9151
160.82126	214.14664
145.85965	188.15384
176.54158	211.57578
146.83588	219.248
163.12334	187.50757
688.5595	402.82196
685.2948	387.69843
697.0425	384.92502
678.64435	400.83163
687.8511	381.51514
699.6258	390.9121
679.6885	386.27075
695.704	374.0283
687.22375	394.2781
676.83496	376.74487
690.99945	390.6131
671.08704	391.33072
689.0436	375.13284
694.7423	397.49155
677.1438	382.37833
165.82736	315.46454
164.40462	321.69086
150.79533	294.17688
172.80437	317.07642
148.84578	317.81302
162.95665	301.14032
169.57639	330.65262
133.31894	305.53406
175.41422	306.7198
149.03073	327.77383
150.39029	307.7321
157.92929	329.66986
163.26842	308.98395
170.0644	298.39307
154.47403	321.7139
141.71617	299.45502
174.78064	323.57297
138.80972	311.3867
156.68272	295.15665
349.11813	392.558
350.8954	401.04123
397.90094	375.83655
367.72507	376.48462
349.45987	379.24387
371.50616	398.16467
370.07147	405.59607
385.3023	376.9733
380.53473	413.13177
356.57327	369.71292
374.02557	383.41766
362.64636	403.0617
371.01416	364.1802
383.98398	405.75375
355.69354	385.91217
377.81348	372.33826
365.82062	411.4651
368.0895	388.54303
384.67294	385.55377
347.93137	384.78818
387.16876	364.94098
373.5419	411.77042
378.68243	360.81464
390.71503	391.10974
383.35837	396.61328
368.5629	371.7597
392.04327	398.84906
119.75875	74.34561
176.49014	64.847206
146.9649	77.793236
152.43906	52.31321
179.21475	79.923294
165.51767	47.861374
144.47237	46.66668
153.04749	85.040695
132.53488	81.22041
191.98541	78.44093
166.4173	82.63996
143.23636	69.502304
170.90154	59.052967
135.99638	105.05853
187.77428	69.334076
162.59294	88.03563
163.47943	73.95174
167.12405	77.44907
158.16214	92.55876
161.51105	67.96181
170.62007	104.851524
140.6735	53.74586
154.10783	45.17291
163.97948	97.27977
161.58354	60.01576
184.73053	75.446945
142.48941	93.04111
