770.1634	388.28162
764.5483	392.51788
763.19006	375.8223
776.8874	398.11987
753.3275	387.5972
770.92773	382.00076
760.6331	397.42914
759.619	380.9434
775.43256	390.84027
754.2642	393.76733
773.68756	376.12155
768.42065	402.3756
756.1026	383.4646
780.882	385.84583
162.39114	76.87533
179.47974	74.08211
186.9695	57.898144
150.09808	44.283836
158.1979	53.95823
177.39648	78.86055
168.0308	82.13467
181.50667	84.10072
161.09457	67.24318
166.3245	67.78909
166.16982	89.59696
152.28592	72.62972
197.21567	69.47482
165.84727	97.57185
161.5914	48.766327
190.72879	78.68872
147.55197	87.19411
191.6523	53.893837
148.61465	80.834404
154.19366	62.328484
177.51189	65.03394
151.10672	77.01754
175.9484	36.882187
196.24738	86.68672
143.78204	64.33977
174.56523	54.061504
180.56131	98.479034
164.73483	43.057137
474.74023	101.492035
497.80923	108.268456
474.66962	72.23076
494.29736	86.931076
451.01352	81.60307
487.76117	99.46291
447.98602	91.45509
464.04297	75.16391
501.92667	64.25102
464.8603	88.698975
496.19742	77.589325
465.16977	98.6294
459.8296	70.27261
514.1957	92.10634
468.36517	111.819435
488.9506	72.28891
495.96915	95.17202
455.60968	93.01344
502.73663	84.687035
467.08942	123.12113
477.14136	65.36208
509.1483	99.70137
476.34528	80.91888
486.74512	54.20272
473.4003	116.29492
451.51328	67.393105
504.663	97.58459
460.3974	112.170654
468.56464	63.9021
483.75458	110.333336
697.0057	392.24835
703.0029	379.11774
703.2791	388.81854
698.41724	373.81744
707.8019	389.71973
686.22034	398.89426
698.3324	384.26642
713.6393	403.19342
691.75793	383.88852
718.7307	383.58978
698.4699	397.81955
709.50824	373.4698
716.8131	396.86038
689.44727	391.47162
711.28375	379.90994
703.2207	398.6159
688.95575	378.89325
714.0123	388.52838
604.8952	393.33267
620.9011	388.98135
632.4916	400.14645
614.3351	402.9057
625.8489	372.05264
630.6676	405.7882
611.8453	374.9176
614.2521	393.15073
616.88196	383.45053
620.15674	367.8701
625.9796	397.17096
608.9271	386.90622
613.02637	370.7511
597.3931	406.49402
608.61884	365.8448
634.3435	392.90225
597.2894	386.8648
636.42975	382.89822
606.70123	408.95697
597.2553	380.17133
637.7496	386.03445
594.9919	397.8188
615.4447	363.80972
617.4071	406.57553
591.4569	387.25485
637.08905	372.30728
783.4786	59.96742
778.3649	48.346794
796.9619	60.94045
762.3231	62.013885
797.39374	30.049168
801.5582	67.57784
780.4888	38.00403
783.33264	40.612606
778.9451	66.90984
793.00543	44.593197
803.64215	55.669086
787.06445	52.939617
805.2227	40.100185
787.75525	66.15086
779.673	31.988983
797.22925	50.089867
778.79724	56.609924
793.9627	38.488113
791.9904	71.983086
772.22424	55.522327
810.1918	55.384113
400.91867	380.66013
378.47644	387.69885
392.60114	399.5771
383.27557	389.83783
385.96658	375.15085
394.20148	413.51508
409.86066	386.92242
408.307	394.93594
386.6943	402.89142
396.5479	376.4149
380.1672	402.0113
379.44284	375.4615
406.5673	381.25537
381.7968	412.5958
378.63483	368.30365
418.09082	400.04523
373.1601	403.8285
406.24884	365.58664
410.32184	402.96252
366.0905	374.09482
424.80255	378.66327
373.106	383.34128
392.37555	367.8605
399.9851	391.3527
391.29816	395.01883
417.48178	376.76865
407.94122	410.2458
384.7497	362.35712
418.83307	391.4227
811.85834	397.59464
822.987	378.09448
824.13196	396.88318
810.9873	386.11038
818.2503	384.26215
820.06067	390.45636
816.42114	375.6734
830.213	392.80524
806.7823	393.22488
828.39026	382.78546
817.1134	397.6428
806.9305	379.08133
201.26971	209.38689
154.3399	199.29675
165.01471	211.448
194.2449	220.8341
161.48055	195.814
157.77637	206.25838
153.63748	213.39182
166.03091	187.58763
166.9489	221.2229
150.6847	232.10725
171.23929	172.88715
171.29907	205.02725
156.38141	184.49425
184.15213	203.08824
160.30888	229.06738
169.96844	198.77148
181.50119	213.27579
143.53255	210.09636
173.9827	194.0019
175.27267	219.57092
143.98015	189.76248
188.98326	209.56705
153.12286	219.86185
182.98967	185.88644
180.94652	232.32124
148.5729	192.6542
192.58777	192.07022
161.35374	346.95065
170.87292	312.73355
184.51921	341.54547
145.12206	321.5713
177.3491	324.9178
162.66475	327.81918
151.06985	317.09003
178.86687	313.3571
165.69324	320.42966
174.1678	333.46912
193.66418	328.34027
148.08968	335.0845
182.9687	307.9888
155.41348	343.96918
164.80542	308.1612
182.83292	334.48227
161.5496	335.32016
172.38327	320.00812
170.56056	343.9406
151.38576	343.52182
185.90991	324.3618
166.6276	336.81482
164.0094	486.1898
182.29407	500.00385
156.09929	496.3249
162.50098	493.45688
169.08755	508.46283
159.11005	482.81363
180.0915	487.16757
158.24895	503.0769
172.93576	481.91046
174.77188	503.9196
171.63858	496.89078
174.5452	489.53998
164.38821	501.25928
497.48633	373.9789
527.10547	392.03107
484.5275	403.3361
521.4933	380.03458
498.41122	403.30496
493.07974	382.03693
504.79922	380.68835
501.00333	389.63266
506.98306	375.9754
527.82025	411.43954
482.6809	393.88376
528.7362	370.6159
515.7774	413.4687
488.37067	368.9223
518.84296	390.9043
496.61053	397.76358
503.52197	369.67908
514.9313	399.55484
509.96454	390.86523
529.8882	381.09796
506.681	405.31903
500.2416	363.57385
522.35803	398.8615
501.93124	383.6266
519.50836	371.95477
490.46207	402.54694
486.99844	378.65433
532.2593	389.21332
151.67612	426.883
168.65923	416.30664
172.37193	432.91553
155.77522	420.0236
174.54198	417.1983
169.5532	427.4995
158.93823	415.30176
178.40227	430.5027
160.8764	425.3373
174.40964	406.57404
169.63043	438.20816
167.00783	421.63556
181.50534	416.58047
160.60608	433.1103
165.78798	407.50894
184.01352	424.70313
160.19034	556.5336
177.26654	546.63654
171.13353	560.21875
156.7501	552.5851
179.43665	560.8995
156.46432	562.96344
172.32628	549.55554
175.68205	566.1437
166.95146	554.91156
176.64711	554.9013
166.90172	566.18005
160.13132	547.1379
877.90735	390.67484
853.7098	392.0956
866.41565	381.4303
865.36755	398.0366
857.2624	382.3671
874.105	385.69525
857.4874	396.58673
863.00476	376.01593
872.4326	397.55377
861.3224	387.6825
873.2215	378.0143
868.7135	389.39288
