563.3046	390.17435
562.5636	399.7
568.83246	386.41388
566.43243	392.85995
550.7098	394.04767
576.3398	389.2754
561.2395	409.5645
559.42114	384.33096
575.49805	395.93747
555.9928	401.58075
578.6012	383.85605
576.9562	407.9676
555.90576	381.2265
581.6964	394.95956
555.41925	409.46344
566.78986	379.53036
162.58157	83.298996
138.70541	74.85656
169.18478	53.693066
159.69351	52.21815
152.16064	62.43244
171.9166	68.75293
128.8567	67.08339
160.34062	48.442253
151.05905	87.916275
142.35025	54.884315
158.23195	75.80915
141.52902	87.10873
137.57248	43.263084
164.4566	58.85494
137.21935	60.123524
177.82791	49.888435
155.88585	95.9561
151.97656	70.17421
176.18694	73.352905
151.47325	103.7052
152.08238	47.598732
176.46762	91.72902
130.08737	83.27921
159.83865	394.6526
145.79448	404.1979
144.95004	371.13876
170.4176	389.20175
140.81323	401.7056
155.9849	371.80948
158.9586	404.3762
143.57448	389.425
158.60269	385.50717
152.03906	387.38422
149.543	377.04364
146.88226	394.24805
136.99294	384.53467
165.94441	376.316
453.53607	47.58338
460.4896	96.151596
462.46524	101.240845
437.68213	121.36039
456.22852	70.13977
447.74838	115.25336
441.18652	96.190216
451.17603	89.07951
419.73993	86.044846
444.51263	58.98681
477.69928	117.53618
412.8537	88.13225
476.4955	67.07682
454.48975	137.42087
437.06647	106.32356
471.33286	113.94132
428.70197	110.70158
458.3498	61.78369
478.4853	124.0623
431.32098	98.0822
461.76328	80.712135
432.33008	116.56686
426.85513	91.591446
467.4791	91.03171
440.41025	126.02993
432.14688	59.501648
462.8413	126.07249
436.91977	62.55407
478.99478	76.93311
462.5541	403.59357
466.9729	378.3843
473.3998	404.6194
486.57343	402.55063
483.8043	385.79486
486.7754	390.33954
467.13434	390.48907
494.91333	384.3261
470.2171	396.16864
475.31024	379.9754
500.68823	401.5455
458.4649	391.54767
495.53354	378.10196
490.2928	414.25543
477.046	375.16016
491.07513	406.16937
460.01163	413.61075
486.5561	380.69827
479.49878	409.9178
465.57642	384.7696
503.01767	390.29974
477.92572	416.052
375.8963	391.497
351.37006	398.24835
339.13156	390.5382
384.9042	397.9281
367.94443	410.87564
344.27887	406.07285
383.8804	404.16013
371.899	416.4992
380.79736	375.79407
391.64523	402.2857
350.81213	373.4797
383.42923	389.77606
352.56683	419.0792
361.95392	394.38297
398.5751	395.7071
358.25107	407.30835
371.57907	368.49948
377.40967	410.36078
351.9865	381.16367
394.77325	389.22623
366.66208	391.96988
364.36163	369.12927
374.18524	396.76736
350.7144	386.64923
363.37488	385.7624
359.61893	415.68573
375.67157	381.5015
162.89963	315.1433
137.70578	308.15286
150.59158	283.1125
160.8683	306.13342
137.762	300.4842
156.45148	285.71747
141.98328	313.17905
140.95888	286.0732
168.90851	306.4164
153.38062	303.03815
169.38261	292.45566
152.25044	311.34113
150.24672	294.2259
160.80763	292.1978
145.04013	300.7582
811.3663	382.58963
813.1344	402.9135
799.30084	394.7315
817.262	389.2861
805.653	395.76144
801.0014	385.87778
812.0458	396.696
796.1328	399.7044
809.2899	389.69302
804.65375	403.8086
695.30457	389.08356
714.6349	390.50653
695.9374	408.23227
706.64124	385.82416
714.7834	399.7143
704.96155	391.65784
713.7502	383.64233
699.61304	402.8686
696.07263	379.0694
705.9456	399.79813
689.18555	399.37735
703.3455	379.45297
706.15076	408.72696
688.9899	392.2287
163.54779	460.82333
153.26393	480.5291
150.27911	453.09506
169.40335	464.34506
142.51114	469.80917
158.98738	454.4645
152.68915	471.58902
145.17975	454.18732
157.53194	468.49423
147.58952	469.4922
149.50006	461.36737
765.1891	398.245
749.2332	394.97925
763.0266	388.1483
758.8596	406.54865
759.32446	392.87683
771.3286	400.13586
751.30493	402.40503
757.7522	383.31024
758.0062	397.92728
751.24976	385.10132
769.18665	388.41937
140.60939	201.83946
154.00801	173.72314
167.04193	205.78975
129.48483	201.55707
168.21677	187.53801
158.8177	216.9954
139.46983	187.57887
174.76718	206.19731
151.63652	196.80544
162.82217	191.07925
167.43123	216.84286
130.38913	190.91995
157.30446	182.8898
150.6984	202.47272
146.09033	190.42343
158.0991	195.17242
139.55716	217.08159
147.17802	183.66403
155.35643	206.75896
145.35347	523.704
157.63957	530.45544
146.67421	540.293
152.56573	520.3367
160.05219	543.2003
148.11465	536.54474
160.2793	520.8954
157.09676	536.7191
151.29941	528.67737
165.36832	526.3331
139.32549	531.6977
637.3716	385.51947
638.5878	407.9371
628.8868	384.48566
651.02985	396.7319
629.15625	389.7927
632.85144	379.9254
639.9465	393.9432
622.89484	398.58798
649.0184	388.4362
634.64465	401.79807
621.91797	392.118
642.9591	400.34998
626.837	405.3721
641.142	376.48117
649.17737	401.74857
749.6139	96.28609
737.3642	75.46908
736.71436	99.97241
749.17474	57.873028
745.8097	74.6196
733.1515	72.29449
766.73535	57.14324
748.5151	86.973
711.15094	64.8232
732.336	62.33255
743.0097	83.500435
739.67175	47.58593
764.20105	62.441124
728.5497	64.080765
759.6561	61.89875
752.64355	63.973713
735.0731	36.54937
770.95953	64.771835
726.49524	85.555534
761.44446	45.126904
757.1436	88.05254
719.33514	69.64088
758.89856	73.59773
