701.06433	389.31308
693.8635	395.20917
699.11017	379.48657
706.0568	393.11615
693.1124	387.4358
705.20526	383.71857
698.72845	406.49036
691.12976	377.13632
709.9605	402.28906
686.80664	393.2846
703.21716	376.65054
699.9361	400.33575
688.5767	384.23373
711.33826	388.4068
691.24475	400.30927
753.0722	54.06142
733.97217	74.840034
715.7737	64.12951
757.7748	65.55727
742.9464	89.394966
732.0727	44.761845
747.1497	77.30042
742.21643	79.53449
733.6823	51.97033
751.1447	93.23343
735.902	58.017048
757.59924	57.306427
734.86224	82.00975
740.2628	45.431473
764.60516	59.123108
731.9248	68.45742
757.9869	48.031387
739.0912	97.123505
725.6691	56.201344
768.6516	70.17481
728.0097	74.97795
743.92316	50.877056
752.88586	80.149734
720.0312	72.24681
628.76086	389.4035
627.70605	402.7488
636.27454	385.0018
631.6593	393.6651
614.9872	400.17776
634.7479	372.28833
635.5647	404.5616
622.61694	385.91592
643.5061	375.0716
621.9723	400.25992
633.64685	380.23935
646.34143	399.91547
615.05853	389.92075
642.939	384.68494
644.0725	402.7512
627.8856	377.38977
645.8908	390.79816
545.4292	399.6302
565.0293	385.3382
556.6672	379.98553
540.9456	393.27182
566.12585	399.43085
552.31067	386.98624
566.77844	369.6163
572.6692	392.5725
539.2786	399.24045
561.1339	376.62335
563.8319	404.91095
540.0173	382.46707
552.7103	396.47928
546.64215	404.28647
568.96106	383.57248
573.88116	400.45593
545.6898	384.14246
573.40216	384.02167
553.78827	407.7819
541.8734	371.8535
363.25043	376.27972
361.14474	400.82233
390.7195	385.30634
373.66708	400.61755
364.82788	380.62506
369.9017	386.34525
349.91367	411.3725
354.01825	382.9381
368.24524	408.29077
354.49695	392.6056
380.4553	386.56427
355.42093	404.3252
346.1011	377.40326
378.5543	403.89923
344.4038	405.32123
355.3248	367.89063
375.76117	393.27142
364.33563	389.74747
373.0508	370.11304
377.1178	412.83252
366.4517	369.7888
394.12177	390.97577
343.67242	394.32587
384.66336	374.74017
386.53156	390.96585
347.5467	387.48416
448.1983	61.11732
446.67545	74.9401
464.00153	59.32627
456.82877	115.690994
430.5153	84.9099
450.1347	67.337296
439.5511	84.635704
413.3772	95.05827
465.5311	122.179344
426.5009	117.25692
460.10654	81.186295
474.6087	97.36897
438.81342	58.616158
468.7578	95.992935
445.30145	121.389305
450.7334	92.12829
482.45416	103.60659
413.28638	105.74961
462.44122	52.84903
458.82404	105.223145
436.8935	105.6028
483.60635	76.76739
424.9918	106.79806
441.41855	67.42028
444.25497	109.00504
418.48828	78.9932
478.0638	81.07221
448.3376	128.6132
436.7067	77.863266
764.6062	393.95508
743.9813	396.695
749.8673	386.49942
755.7415	392.6521
741.398	387.2068
760.34174	387.02332
750.3325	401.12115
751.84454	379.4255
756.4391	398.91156
747.7212	391.5755
757.6418	378.79617
154.27505	321.84912
149.81288	306.16425
172.60538	317.99866
139.95895	316.81616
154.26364	293.63513
162.04681	329.33215
152.14792	314.01117
173.62971	310.5439
152.92894	330.92938
145.83911	296.55258
160.03328	305.03217
142.45401	302.32184
172.40442	302.71988
158.24818	297.8747
133.69876	312.4451
161.36377	310.12607
146.04349	332.19034
165.12332	289.59863
169.15686	328.5904
146.9747	484.23355
158.37837	477.7436
157.26797	498.14453
155.25516	485.05365
161.65591	488.6962
144.83519	490.8283
165.79944	475.2719
167.49623	491.56454
145.26663	479.30283
166.64273	483.0187
151.74551	496.06525
151.05075	474.99634
457.4186	393.92938
461.15048	407.8888
480.40656	373.99414
474.84674	400.70355
462.80902	374.55255
466.63226	393.09433
450.58844	401.4977
475.25845	375.09528
480.22543	402.97983
461.23145	381.02097
479.23868	383.50848
468.46844	402.10693
451.71405	387.21548
472.10223	385.59784
455.66315	389.7138
470.1631	365.30316
471.72266	408.77252
450.92993	379.84695
486.73373	386.04443
458.84253	413.01147
470.49927	372.36893
486.77628	407.25217
446.8498	397.30322
173.12222	405.61288
155.30884	421.8671
158.7886	401.91852
153.98988	415.4729
148.09467	409.4327
157.36295	386.73224
161.91513	412.24115
137.81749	407.55634
165.51122	405.4926
146.58958	422.9001
148.99008	390.71323
171.27036	415.2269
154.98965	406.1588
145.71933	398.238
166.27408	421.3881
141.65244	403.49237
167.45615	547.6339
155.55983	561.7301
155.30116	535.7418
160.1188	556.0972
151.36818	548.5337
160.42291	539.356
152.3913	554.31
147.35182	540.95746
165.22641	553.8823
145.75114	553.4054
157.68927	546.13135
170.62027	91.7847
165.69461	67.87181
165.24234	44.991074
138.80362	94.46657
157.60623	60.859947
163.02199	55.797405
142.27615	49.66015
179.75465	66.01478
153.36186	72.33278
145.23215	61.7801
157.72684	80.02852
138.55508	87.69146
154.81252	41.434364
175.36154	77.99417
130.89491	65.28804
173.2872	49.694088
158.99626	92.296394
164.83261	51.537586
168.22978	75.953064
151.88916	64.51583
140.12766	75.96216
155.79028	100.65254
124.293625	76.576355
173.77939	67.00578
137.1711	67.45922
797.4058	386.3944
807.1498	396.84857
791.90063	392.25427
806.4353	385.59814
800.15076	393.45624
792.9252	380.9013
806.34924	390.79544
788.6767	399.6833
801.02075	379.2195
798.4924	401.14957
788.17914	387.10785
164.53854	190.62775
159.24715	198.27437
160.63881	180.54973
177.35664	207.28833
140.2557	210.94113
176.49327	199.19139
163.18121	209.49707
143.15857	197.41171
171.14496	203.3335
143.82558	205.2211
149.40738	185.2241
163.78691	219.48544
148.55612	200.1191
167.90628	179.69061
147.91061	225.32976
130.24434	182.78745
166.29713	197.29938
135.36078	204.24684
142.55524	175.34407
156.37076	222.40117
148.38686	179.8106
168.84367	185.5311
