405.3708	382.56348
382.09375	412.1981
384.77847	379.62207
399.71863	403.24457
415.65314	393.3797
411.14398	378.42062
399.24313	383.88284
384.28815	368.2474
424.0245	387.49548
380.80267	399.0578
392.73825	365.372
390.45706	406.2116
394.53595	391.34735
412.75024	388.5599
371.17188	407.08853
379.073	364.98062
404.71893	403.33673
370.1612	388.9983
418.05356	374.75674
384.70187	393.24774
378.44397	387.47113
412.24805	398.0578
372.94092	396.53915
391.72687	375.63943
403.09735	412.03278
368.55075	379.42383
399.4759	375.86108
388.11902	401.03394
181.38564	52.845795
192.07309	78.18446
174.1406	64.13999
175.8801	42.63807
176.68506	75.07307
168.90752	69.229576
179.1515	67.99024
163.1788	53.317394
153.53891	59.696938
158.7457	77.92332
149.38089	70.49009
186.14395	69.37773
164.73648	73.949615
145.79385	57.51589
179.80916	44.82424
147.71799	80.83164
167.71863	38.709953
171.86658	80.94762
158.08063	48.24067
193.32108	49.453896
159.5362	85.604164
146.03691	47.684418
175.93054	90.31184
143.94751	67.7105
178.97913	61.25172
609.4751	377.47653
597.5841	383.2018
592.22864	397.23718
588.0594	384.83325
585.22955	364.062
583.9144	399.05292
569.79706	379.51364
604.0151	394.77618
595.7709	405.70908
577.8	379.5764
608.62054	391.0657
573.9672	395.82657
598.6448	370.54495
597.50885	391.96088
570.3058	389.20334
601.70636	385.19235
578.60315	399.6956
589.8529	371.3519
602.5417	403.86664
584.5663	390.39285
588.5741	379.55627
581.94165	407.75726
791.13525	48.401524
780.07306	56.12607
773.5687	66.95557
799.725	46.182655
794.18274	71.993706
764.31915	69.872025
798.24426	55.8868
780.0425	80.83706
786.6587	42.78285
800.06775	65.717735
776.11804	59.30725
797.86145	31.22078
803.57043	81.34875
767.8852	39.9284
808.0737	69.31564
785.90137	65.635796
803.3827	41.66343
795.38873	77.51424
771.936	72.780106
807.2841	55.109
786.37665	75.551315
778.46185	42.03654
816.9396	48.77681
499.5634	390.74747
507.38715	382.8646
500.66983	414.04132
493.12704	387.1094
501.3007	398.26932
490.40643	400.906
497.2355	380.78268
510.4476	386.31152
481.3274	389.21973
509.13095	372.4071
495.1376	398.2639
485.57706	383.37982
515.2444	390.96692
472.5682	389.67474
498.14093	368.94153
503.68976	402.967
477.68433	375.3123
514.76526	379.21387
495.9218	406.51108
488.91666	366.2271
511.07813	401.00992
481.89038	396.83197
496.78735	376.5351
474.0445	109.09204
461.35718	78.704636
485.84326	66.84766
460.40317	111.390236
478.0926	92.050156
505.11353	99.20081
482.6902	102.28264
477.1976	71.44771
469.42593	123.23234
467.6164	50.946648
513.39026	97.03445
474.36588	78.785446
498.07086	57.688087
494.61215	110.701126
448.67944	95.316086
508.82855	86.97431
499.70737	114.89889
509.68204	72.159744
493.23505	91.895386
443.57538	64.73012
490.82855	79.6897
457.89545	123.955795
464.00113	72.0107
485.7519	86.05873
458.31708	103.63572
460.6057	67.085175
480.1336	117.08655
453.09464	83.32039
501.6972	62.82967
464.7202	116.11977
166.07233	287.08215
174.79518	308.5947
149.94331	305.7307
165.95268	298.20682
164.56668	312.39862
169.93625	306.68484
181.30173	292.99677
156.18689	298.04947
160.42743	280.02512
179.78134	311.15506
156.77095	275.90802
173.74289	279.2355
165.28958	319.18256
152.6005	285.76727
189.04123	296.59796
155.59552	307.18387
176.31503	291.12943
181.17941	318.7899
150.30495	291.35345
180.80576	283.5837
158.68083	490.3602
161.64218	463.58032
179.86105	485.84457
167.2032	487.52368
174.26498	472.58026
178.97235	492.88983
150.13538	478.3968
178.7793	477.90787
158.22247	484.87988
171.60709	463.05576
170.83183	481.71005
157.56987	479.9383
180.45815	471.9666
171.12912	491.70908
161.0301	470.30713
824.94904	388.15936
813.3094	392.04355
812.47144	377.32605
820.3994	398.12927
803.1972	386.09924
819.702	388.5622
807.37164	398.81268
813.0496	385.666
826.98456	397.6045
804.2831	393.93857
823.01794	377.08994
814.5394	402.9255
806.42334	377.36566
828.244	385.4444
157.0148	409.49493
171.68184	393.1514
166.80759	411.92105
161.6044	380.6665
176.45537	393.7453
169.74326	405.01022
142.98624	387.9743
180.24225	404.3438
151.00337	389.7361
176.77501	383.786
171.98007	399.87054
158.74815	387.0009
184.16154	399.7439
163.64682	403.94138
170.8056	378.3675
174.79657	409.13217
158.60437	400.4312
178.86417	377.23517
867.1969	397.7918
859.5416	378.9567
866.3719	389.14423
853.1873	391.93564
870.40314	379.4882
873.1901	396.31558
857.83545	388.4382
874.0853	386.63544
859.9051	397.15918
864.32324	383.7597
178.85727	555.43036
158.26997	550.558
169.10992	537.4953
166.96184	551.8585
161.81602	538.90845
180.66942	543.4882
157.24422	559.1742
168.28781	546.9268
172.05191	558.2794
159.16154	543.43933
173.53139	542.7394
164.17003	557.3683
662.122	374.47733
679.6063	396.45886
666.5976	387.69342
682.4745	371.05457
682.13043	409.17642
679.4994	389.03622
683.55554	386.34637
669.6293	405.0204
674.069	384.8435
676.6798	400.82675
657.5017	392.24005
687.1603	380.89148
673.9965	391.36862
661.8604	383.0035
695.5609	383.3774
668.97314	397.6618
680.0248	379.8216
689.8427	396.01263
654.3051	382.66974
690.1018	391.73956
743.6964	397.25278
751.921	375.4584
761.0354	392.6394
736.97327	392.03088
757.05786	379.52856
752.1959	395.53522
743.4225	387.82477
758.94543	387.74106
741.32294	405.1255
755.7161	372.09158
758.85443	400.66187
737.88495	384.07986
767.23334	383.53915
750.38196	404.97043
744.7682	375.13596
767.83386	392.04877
750.2551	388.38068
176.42657	187.92044
174.51414	193.79218
150.06258	174.15721
177.65256	177.2344
163.9004	210.26694
156.37021	167.73615
165.35843	203.66725
153.83215	176.83673
182.3912	170.85358
158.64517	182.08882
165.89027	179.94281
185.7275	201.59529
162.83118	194.1236
174.82962	167.21315
182.69557	209.26433
156.42563	193.22194
185.7435	188.54749
143.702	206.74007
142.4332	182.63086
191.62085	179.9759
149.09149	200.77666
165.18631	168.85178
176.91115	200.78714
