511.37457	396.5263
503.41113	384.01297
500.6971	371.35077
524.3508	397.87543
486.27368	390.2011
521.1085	393.4144
501.79718	414.7023
495.7819	365.05878
533.1715	402.93408
504.86508	396.7884
520.9812	367.3042
514.3294	404.40244
497.01324	380.26874
514.2557	369.8749
496.4099	405.19632
509.8081	365.88342
507.38687	410.42294
483.5988	397.8864
509.96283	387.0193
504.3531	403.3631
493.21906	372.9145
530.1221	386.77716
493.35498	397.93015
525.9979	376.88214
519.8455	409.7101
489.28793	379.3273
528.0088	382.73032
764.75476	388.88913
766.2009	380.52304
782.45154	390.75803
754.39355	394.9689
770.582	388.55185
772.97473	401.38803
759.645	378.66357
776.20715	387.70563
763.05566	394.8653
773.5829	379.29913
776.52325	396.9312
751.849	385.99478
777.97656	380.57068
765.0785	403.11987
763.79956	373.80807
705.2601	386.27234
684.0089	403.77548
698.7074	381.92575
699.6586	395.60635
688.4325	391.0433
710.23834	389.84344
693.5	395.15533
691.98987	377.45346
714.8744	400.00714
699.8933	388.3151
705.89453	378.95
696.6915	402.9895
684.69324	374.10333
715.11584	388.1537
688.93414	399.346
702.73773	372.1388
700.1465	406.48615
684.1654	384.68216
712.7152	372.55905
479.23926	93.18621
454.2874	99.83312
508.30396	98.543655
445.03165	101.72
478.0711	73.235214
471.83673	120.633446
465.39532	64.53518
474.7448	109.94358
470.6019	101.10038
490.6701	72.37319
489.1132	103.07765
454.8388	78.08287
473.85992	82.05092
487.96396	112.918686
469.95117	92.99
493.8694	84.6409
470.41782	114.26711
487.54083	57.196358
505.43423	106.326515
450.7934	77.75479
498.4374	57.26937
501.7316	91.83805
500.6415	70.580696
513.1308	96.009636
459.1935	90.18543
492.9848	78.37609
463.75195	121.914795
465.84814	55.145874
502.97925	87.011345
450.59195	112.72023
170.82156	549.6439
175.61302	568.96106
162.84407	563.72485
179.2151	562.29724
167.33324	571.42615
162.113	549.84094
166.92921	556.349
159.17433	567.1173
175.81982	553.5122
171.42076	563.7794
156.0481	556.6471
181.49081	497.56696
162.46248	511.49713
163.28049	484.91977
174.0347	506.8903
163.41771	497.4937
170.85507	485.68546
168.4617	504.46747
165.28493	492.63287
176.26488	499.81885
158.4448	505.16205
171.5788	493.86206
172.94997	512.5737
155.25142	496.87582
178.44661	323.67508
164.17322	347.3647
153.5336	324.66962
167.33109	328.86948
156.9219	346.4434
161.68228	319.47626
170.95822	317.67462
164.73929	325.10135
190.56886	332.08038
161.14572	336.61185
170.37495	307.0767
180.90794	331.57773
151.31029	331.77173
186.12022	315.3128
172.03445	340.66284
154.3063	309.3341
180.21979	344.5511
144.66525	331.11755
170.63333	313.02527
173.26155	348.05194
144.20348	82.58032
161.77632	77.232605
170.9505	70.07391
188.6872	75.335594
198.65398	70.91172
166.31912	91.34597
185.31897	81.33388
149.31367	86.24083
156.53818	50.529015
151.90797	60.504852
155.99164	73.8196
161.75064	54.926556
176.48225	60.8919
139.87428	52.01956
194.501	64.537964
166.5498	97.29393
160.85837	64.80394
187.75272	90.45557
144.25243	94.744156
168.50894	54.730976
178.64409	76.03757
149.1111	42.426895
170.1308	58.33565
155.67342	98.492546
182.33627	45.20849
185.58371	97.782745
146.46742	62.112103
196.05435	54.739918
791.6376	68.982925
788.9965	37.90785
798.97986	60.166668
782.7861	52.017204
787.1356	26.931915
796.9522	52.304512
777.02466	42.11737
807.06104	46.977604
779.29	65.37667
797.58344	38.91376
810.1808	63.03705
790.6598	51.18563
785.1666	46.791534
791.45667	58.137676
769.4135	46.761868
798.65753	46.21751
785.806	62.990852
783.1979	34.707073
803.50305	68.96513
776.67993	52.437878
166.42218	420.94247
163.17587	438.88208
155.81454	416.5262
181.56973	429.9611
159.86244	426.7486
172.6457	413.5818
168.74979	425.78882
149.91318	425.5152
177.5628	423.0533
155.75252	434.9271
165.51547	410.38925
178.50337	436.54605
163.02074	416.33124
176.55313	408.62225
169.50891	438.8584
158.45886	406.1972
184.08133	422.52213
148.90529	221.46379
174.26823	182.70172
171.26755	200.09914
170.85564	194.86508
166.42516	231.95537
167.79657	205.27473
159.52957	193.25836
171.16776	236.9714
148.8942	208.13705
179.69698	191.4388
161.88382	240.14133
142.4616	196.08011
186.03595	197.56723
154.46938	211.26485
179.76855	217.49728
187.24734	230.061
140.8387	217.07512
197.44624	196.77281
158.289	231.91768
163.5418	214.49385
197.90498	207.64278
155.0216	226.84387
151.58937	186.0224
186.32236	217.09866
154.68964	199.99295
183.46718	205.87418
167.17813	218.69247
864.2204	380.9899
878.90546	393.05402
859.6273	390.5768
879.9424	380.70282
872.0441	387.78717
866.2928	389.61847
878.8595	387.12814
866.78955	398.40936
871.44006	379.16168
873.7078	397.35776
602.4328	382.9229
629.3291	373.97943
611.5058	408.21097
619.2958	375.6969
626.84235	399.25302
598.2182	396.71335
620.094	381.0578
621.54285	407.50043
608.4186	367.99307
625.57886	389.7861
602.5771	400.95847
612.7795	384.17636
620.4044	390.13895
595.17474	380.24948
614.2986	367.59625
610.8072	390.1876
593.08246	375.01935
632.86206	390.90726
589.2133	397.16885
607.9957	378.59766
608.716	397.20004
594.0863	392.96524
632.7661	384.01447
601.34705	409.14615
397.62335	380.62683
420.50067	397.7541
372.23096	407.18292
416.02954	375.05396
384.8508	390.17178
382.04874	398.2204
407.2326	382.2165
373.44385	396.49857
385.97076	361.91833
414.36035	400.55246
393.68805	391.29092
402.01617	366.96606
395.50653	403.76874
386.30255	370.5103
407.0501	387.89557
378.7928	381.91187
412.87067	371.3247
409.3134	409.38373
367.1751	386.28268
404.1371	376.0009
387.8327	401.86816
389.11917	377.55783
402.01007	403.8701
375.85858	388.45963
417.45752	379.9698
388.5965	414.64462
382.45593	372.7824
409.68927	393.56598
384.5273	408.0052
821.79724	378.04953
831.53876	395.1629
815.4032	386.2326
833.57874	380.16693
823.4916	401.58258
815.444	380.07135
837.38464	394.7352
811.86633	392.46808
827.70886	378.587
825.26184	395.45355
823.49963	387.45602
834.67804	387.38623
818.6171	395.72556
