634.4107	387.07916
640.5226	392.01932
643.1363	381.1099
648.0707	392.09814
628.34515	385.84213
647.9258	382.96112
636.6913	398.06848
636.6191	380.8869
656.0475	393.42636
631.0564	396.29865
651.0624	375.98334
645.07135	400.46402
634.2155	375.81552
655.0532	385.67926
696.828	393.2825
689.9557	386.4409
697.51984	386.16168
681.3155	390.90155
700.5595	379.07343
691.2347	396.68472
690.4353	376.40027
707.80475	390.84354
686.2775	395.21735
695.0021	377.08487
697.4125	399.74277
684.73083	380.1331
704.51843	385.16656
156.42802	360.89917
153.95284	347.1584
170.27505	344.9174
145.26799	339.62936
159.67072	337.8181
162.01123	347.15625
152.14458	327.10434
170.46906	336.00055
142.6989	345.19608
163.34944	326.12897
169.11613	349.77472
142.98819	334.75528
168.33632	329.69647
156.23628	351.34418
156.99991	328.08435
170.53848	479.47256
148.8027	483.7015
160.66226	475.50433
168.82559	492.50806
151.52756	468.0276
157.90329	482.16098
149.53267	490.20752
156.42496	471.74756
164.73338	484.3786
145.46353	479.44073
165.83232	472.44073
156.04425	493.41254
508.32504	384.1309
532.7335	392.5899
518.0695	393.63434
524.72424	378.23462
525.53467	400.6216
518.3431	385.25836
522.9121	390.52765
512.74054	398.2649
513.23	372.31927
535.83624	387.07977
506.45126	389.38416
525.5089	371.2597
515.77234	405.15414
503.6787	377.1675
531.04724	384.22638
507.2985	396.41556
518.2973	378.14246
530.2592	397.10968
355.12735	396.07355
367.67218	376.29935
368.75244	389.07123
349.2046	371.2812
370.35748	398.2176
350.72437	404.4601
363.11176	370.04102
363.84894	396.80035
350.68915	383.00616
376.4558	388.40826
358.57504	399.06973
358.93378	373.32434
380.69202	392.6741
352.31354	392.48148
385.35123	376.4333
372.93018	406.144
344.14413	380.45447
386.94327	390.22168
339.463	396.2994
377.7811	374.5797
380.4937	400.67517
362.99283	387.99142
381.47052	382.07562
358.02332	405.87112
359.22882	364.43228
168.95132	44.481705
164.3963	67.80241
164.70389	34.630245
167.39438	57.290253
136.83289	58.395485
172.88353	65.80504
142.75014	76.18434
150.50449	64.9281
161.94226	49.54778
147.2128	49.938248
174.2724	57.522194
152.7762	71.142624
147.9746	34.417458
179.7761	66.644104
145.8125	60.112465
159.67313	32.986183
168.27722	78.03985
132.63794	64.60733
174.72656	48.64881
152.45232	80.32944
157.10771	46.284447
173.28836	80.44594
139.00117	66.91362
747.0648	58.480965
755.70123	63.727844
725.47	73.48021
736.7571	66.305115
719.33704	75.718
736.4021	45.319073
759.66455	76.71034
739.3464	59.188637
750.09607	48.88833
720.9113	37.84731
734.40173	37.247612
751.66705	75.48172
721.19684	63.241344
744.7709	44.24499
746.00433	70.73164
727.7987	46.414787
754.90735	45.179188
735.5922	82.65401
732.04553	51.691185
760.8276	58.08436
720.0695	56.868103
750.9818	38.054253
730.4606	74.062836
770.5195	381.14288
787.66223	385.3743
771.8493	394.78244
781.60876	383.82895
784.16437	397.04056
777.22595	390.06244
788.5192	379.846
778.7804	395.9166
776.59143	378.50665
788.8429	391.95935
148.41138	259.10297
154.1362	256.4347
164.09976	263.35736
144.18115	247.31319
159.97183	257.30496
149.15768	271.9791
164.22905	239.94461
173.19963	264.38654
140.71384	264.62164
176.66812	252.91731
160.99132	270.18936
149.48515	244.41008
170.29709	256.2075
154.55447	267.89743
163.15019	247.74326
170.0243	273.79086
144.1265	255.01033
160.60167	412.82465
150.76747	431.81592
146.48474	403.70148
158.77954	418.74017
147.47954	420.68018
169.72144	403.24924
161.70068	427.85995
155.82663	405.4546
168.02635	415.04385
152.6746	416.70566
163.85579	395.97296
173.89919	417.2348
145.22171	416.18246
166.72359	409.00018
818.4154	389.7564
814.3976	378.9916
829.4613	390.28494
809.7882	391.2542
822.52893	377.7869
822.1082	397.74722
809.7792	384.14383
828.0216	384.0409
813.411	397.0982
820.0757	384.01694
461.86328	385.92282
439.82187	389.26337
454.4402	373.41956
456.83276	390.90884
446.46518	387.49237
465.45856	395.832
450.2408	392.38742
440.18304	370.0752
454.44565	407.08408
431.69028	384.9951
459.8434	376.40906
440.33026	403.4803
443.19067	378.4108
452.70587	400.6822
430.9358	396.66202
453.05157	382.76288
441.8471	396.8395
436.98846	377.0623
464.15723	378.13678
729.0051	394.4107
740.5448	377.3191
751.13477	391.8399
730.69183	384.45782
751.2494	383.81235
739.9523	395.92514
734.99744	379.01447
741.0015	387.74814
734.617	392.82785
745.59875	381.68463
746.05237	395.28104
144.8534	152.35477
168.4243	160.14754
152.81133	186.97769
171.93225	154.80898
171.70999	169.74133
149.79416	171.19583
157.46541	174.23436
165.89627	168.02155
148.1531	160.42679
157.67508	162.10794
144.14032	180.3587
165.5355	147.09541
163.60245	185.03038
156.42276	167.04596
156.5703	155.77011
153.40378	178.69579
158.95914	147.89781
182.85172	164.8432
141.15103	167.72737
592.63513	374.66974
584.15125	403.70145
573.70917	372.17307
591.48334	387.78632
576.05164	401.73865
577.3153	378.44452
589.8223	397.33633
568.6564	388.34134
595.4149	380.91312
587.1177	389.51254
575.47815	388.12354
599.0864	385.51392
575.89166	395.39996
584.659	375.65796
598.39984	393.55295
581.8268	390.11188
156.32309	539.0982
160.51553	545.33655
156.19275	532.10724
159.83133	552.6647
145.80608	540.9395
166.14542	533.04236
168.01476	543.4486
144.9265	535.4632
164.43013	538.6506
152.55666	547.59186
160.62633	525.5317
442.97812	87.42638
427.85922	81.76081
473.726	92.77662
458.71924	94.75477
420.3183	71.64827
460.8177	97.889694
412.54755	94.336296
454.42242	74.20836
477.0399	110.098595
425.16803	97.324295
448.71664	83.16239
461.5876	124.93103
428.31085	60.893627
475.88248	103.26105
431.1547	71.551994
455.0279	80.59755
443.16635	123.825645
444.90094	59.243793
480.9335	95.888725
437.55103	101.98799
444.10312	69.61637
440.6434	117.23242
458.44647	107.88002
466.75458	59.887634
439.57867	109.486
452.47064	60.256054
466.9918	78.48868
434.8423	88.80785
472.78125	70.15227
