162.60466	571.51483
156.15945	575.86487
164.99313	563.20154
165.76657	580.68054
152.67105	570.10297
168.90111	569.56433
159.70119	582.9738
157.88766	563.3885
170.68906	577.2018
151.03828	578.3044
657.2213	376.96307
651.0248	385.8366
646.1111	381.3729
658.28235	383.64285
645.5537	395.7171
646.3338	375.34894
664.30676	391.86615
639.995	385.4469
664.7846	378.85147
651.65344	396.8329
647.932	370.21124
663.45276	386.06158
640.82263	390.90305
657.661	370.5161
656.4057	392.9291
639.66565	378.479
375.0271	376.92322
360.4876	386.51852
362.77325	372.35007
385.38815	385.69162
357.86746	375.794
367.9177	392.72623
377.33356	388.67413
372.19507	385.34552
380.68286	374.8592
361.2012	406.4363
371.91208	364.45508
378.55774	397.02887
349.44272	390.24646
385.99963	374.9201
370.28168	401.9371
351.45514	368.9478
392.09735	384.64902
357.86664	394.1307
388.0574	365.90247
382.9645	404.3448
345.21027	380.7481
389.71396	378.05988
351.9603	398.4228
369.331	357.3297
392.95245	398.3147
350.3819	379.69122
369.2981	372.38898
376.36993	407.0067
365.22226	364.39127
750.5412	383.5251
741.46106	387.2508
748.908	374.33136
754.78485	393.37454
742.15466	380.97714
759.64404	379.89722
749.1662	390.14948
743.2323	374.7267
758.72174	387.64636
735.68896	384.9165
754.68085	375.20212
743.67224	395.49448
150.41115	463.19107
168.81271	475.48926
155.74693	476.00723
163.41249	462.68515
162.83922	469.36615
156.25545	470.6559
170.17792	460.05518
157.81119	481.64078
156.43233	460.44034
173.98941	468.2862
147.81012	470.71368
162.62166	456.66748
167.75267	479.7833
782.8948	382.38104
790.33887	380.67462
786.63214	388.57794
783.6898	374.10892
793.6016	388.3902
776.66296	385.48053
793.7633	374.3853
790.9015	394.60968
777.6593	377.8184
797.7539	383.72192
781.8667	393.65125
152.09824	79.03024
162.57791	84.396255
152.61726	60.777504
159.0816	46.713436
176.0539	69.71108
161.24536	57.0606
175.75449	84.63704
157.22183	65.05835
177.28418	53.40687
160.81839	90.6348
131.41261	53.79532
186.71729	52.369316
140.38335	80.201225
166.24043	46.801224
187.0955	72.36886
144.74814	57.82187
174.24925	41.527786
171.19345	81.72893
142.62247	47.721138
168.35971	56.76167
151.37233	69.684296
157.40726	40.276077
162.12996	97.524635
137.38068	64.87529
182.12727	62.94034
147.01422	84.121506
154.65817	51.24508
175.98956	61.10746
139.23174	70.84938
162.69742	243.04007
166.21652	264.31967
156.84546	252.63774
163.29886	253.14502
164.86528	270.50488
154.9264	239.61386
167.46805	257.93494
153.27464	264.9513
169.42783	249.80864
160.19801	277.27634
151.46925	251.46721
176.10635	263.70932
147.53448	259.12433
172.08342	241.82475
170.16933	272.77597
146.63474	250.66377
178.1098	253.73714
144.8304	267.8682
161.26639	400.82648
156.62961	413.36508
160.38408	407.1474
171.56802	399.14142
160.35481	419.36603
148.19998	402.70862
171.1456	417.21622
149.16788	410.65973
165.28758	392.97604
166.85211	412.58408
154.81863	403.51736
167.67151	404.1219
151.324	417.25702
154.36076	393.69394
175.7257	406.26318
587.8861	386.12158
599.58685	375.5402
596.52545	395.29065
585.41235	375.81042
600.2212	383.79016
591.00385	398.62482
592.12695	375.79547
604.6891	387.95544
578.63885	385.45135
605.9551	373.2246
593.60333	388.35516
588.87317	369.6106
610.6282	391.34818
586.00726	395.07434
598.01276	367.0368
601.82495	397.07776
585.45905	382.43845
608.3036	380.85144
698.33167	395.69678
696.5694	381.26764
707.0404	384.00604
702.2895	384.78128
709.4616	372.8767
705.04346	391.76538
690.0059	376.94257
716.3917	383.35254
692.47644	390.89703
703.8021	376.84122
715.1422	390.64764
692.13934	385.93448
715.849	375.87955
709.4418	395.98007
698.74866	372.13995
764.1335	66.44317
725.04736	62.72799
737.119	58.936226
750.5706	78.92976
742.1603	39.021675
731.04626	77.12183
723.34485	69.2669
738.8578	70.82793
760.4713	57.687298
714.36304	73.85717
734.2748	51.43806
741.91516	77.2748
724.2966	50.972084
747.32825	62.453014
715.0946	86.624084
757.4021	43.7681
754.1283	70.81206
716.8518	64.29288
751.8784	46.31211
726.1356	72.141754
722.0531	44.67865
755.09344	89.449875
708.6735	60.49879
750.21893	52.237038
756.77936	78.41759
716.51685	59.56626
746.86456	69.624466
726.04675	82.1798
724.1117	37.058064
170.02621	529.62463
157.60905	522.87036
169.04984	517.91534
159.82329	533.84344
154.77507	514.50323
163.11601	524.74084
152.02222	525.50604
163.63937	512.4174
167.24759	535.4277
150.60529	518.8191
172.4868	523.93616
151.0118	531.0594
152.41196	165.34573
168.14415	175.71579
141.38298	175.72787
170.46634	164.15977
161.20564	182.99684
149.05092	157.54195
180.33682	175.08688
148.41092	184.01141
164.87308	163.25676
158.36589	189.1387
151.14279	176.61232
160.18155	169.5604
151.75485	192.94131
162.25693	156.07303
173.74356	178.82007
157.02689	178.141
175.56583	156.14613
173.53722	188.51724
139.62115	171.27202
176.33751	166.09988
522.24243	394.6643
525.5824	367.91827
543.68365	393.56387
530.2327	384.57178
540.59406	382.88162
534.75055	382.11987
516.7575	381.98358
544.5908	386.43466
517.9886	389.0668
538.12305	367.6517
540.46844	399.7904
523.9193	378.11026
542.6088	377.3603
532.5748	392.66702
529.5882	374.97888
551.82056	381.79578
525.4215	385.7634
545.1368	372.35236
532.223	398.53595
448.30826	379.1402
461.25677	374.60855
459.4344	397.05188
454.0434	378.9486
471.20328	392.7361
457.12396	387.06598
475.16177	384.09604
454.18317	401.02994
448.15338	368.24658
479.72086	393.3291
446.4046	390.98428
472.94287	366.8979
466.31488	400.48788
436.9001	381.36322
483.30063	381.09695
451.90582	405.78485
455.39813	365.52805
474.67914	399.08878
442.86713	380.61502
472.76065	375.11295
465.87933	387.52246
455.1642	372.84415
465.85367	380.23685
447.29312	397.52936
463.61636	362.52893
445.90787	109.3516
444.16016	71.15593
451.98032	97.57481
453.71222	104.593704
435.73633	72.411064
461.14972	68.48625
421.93878	104.06277
442.18613	87.05015
450.95273	82.7363
426.57162	64.58624
467.83334	76.01469
442.10214	96.8712
452.55865	53.825447
468.92676	86.45708
423.0288	74.765
453.94513	65.9943
437.9422	109.0603
427.76727	59.35697
481.07153	101.95494
429.91245	87.6266
448.17572	74.53961
475.26498	103.59967
437.62476	94.44667
483.248	80.623215
428.4908	97.09999
463.11026	61.452137
461.5126	97.3747
410.54095	86.656845
472.61832	67.659744
464.48627	106.71265
152.40535	333.4558
167.74074	341.23822
157.46944	345.28534
161.74307	329.8351
171.4461	345.7897
161.62386	335.85992
169.08092	332.34787
158.21387	338.70328
153.32578	324.8681
172.5678	326.0754
147.62115	339.6777
165.7082	321.76578
164.11601	351.081
146.56589	333.8343
178.3227	334.67737
152.22406	350.39444
158.1013	319.2337
