166.47081	537.6881
160.9025	532.8253
166.11653	530.3136
167.9262	543.1779
154.33017	530.03375
173.08527	529.7468
161.17937	543.7499
158.7497	524.8761
175.5839	535.5619
156.21706	537.67615
169.73056	522.2877
460.1748	81.02291
451.39615	89.34523
461.88452	92.984375
435.11166	110.453
435.70444	61.463165
461.53986	73.596725
430.68442	81.04823
454.43524	60.382732
441.42944	110.983864
453.8358	83.188675
441.35944	90.4396
443.65756	97.36802
446.94598	51.12512
462.0415	100.21202
451.3314	70.653435
469.6836	69.94853
419.7955	98.974945
431.2977	54.49477
474.32773	81.275246
430.00937	86.24809
468.24326	78.80742
471.21222	91.81633
418.12558	63.097492
476.77652	68.18021
423.2832	87.942276
463.48325	55.657654
460.20184	110.356
433.82047	66.661964
660.21094	375.85675
652.2414	384.56964
651.58777	376.99347
666.5307	381.64853
644.3545	386.67685
662.07886	367.19073
659.2622	387.00317
644.31683	371.68256
668.257	374.07867
650.15	391.9926
656.768	364.68808
665.31146	388.13593
644.3137	378.11755
668.7362	368.16437
658.98315	393.507
651.9371	369.66132
672.88245	386.26364
355.7904	386.94727
376.6789	363.82266
364.91083	387.62082
371.28394	372.58163
377.92722	375.80865
361.7312	384.24384
366.30963	361.26666
383.8045	386.21344
356.9588	372.0003
386.11777	381.5167
378.90756	395.29257
364.32236	373.7465
373.93732	383.435
370.45343	391.285
357.92975	361.49222
391.10947	388.26703
350.12286	379.91684
389.04575	364.30334
372.6672	401.73294
361.54645	368.07184
388.1396	374.59106
356.18134	398.56134
379.74884	357.35718
381.81046	398.5171
350.86823	371.10565
382.55722	368.4197
367.1799	397.02924
732.2643	122.218185
736.83527	128.49161
721.0199	129.56679
741.16223	120.239426
735.1085	138.75822
724.6098	118.46415
744.4713	125.78011
728.9199	134.20131
733.85364	115.81148
740.2614	132.94858
725.6356	125.91537
735.6665	51.079052
721.3884	64.637344
712.49567	48.994404
747.37225	59.079205
726.7224	47.784325
746.287	48.720715
730.488	78.10856
729.15027	43.015404
734.0044	42.968243
717.92883	58.612263
730.867	35.59418
736.79224	64.27567
713.18024	57.41806
741.7618	31.50806
736.7265	56.693962
718.1725	39.75033
753.3055	47.07954
725.7733	69.51825
740.307	39.925323
739.7318	67.94182
727.33044	55.94622
755.76025	39.975983
731.7438	65.91076
725.72205	29.033777
747.56116	70.39839
154.8474	411.79205
169.95535	412.06415
164.65656	416.9979
162.52533	405.1439
177.28433	411.4078
154.47546	425.49014
171.4172	405.31976
172.6264	419.30948
161.3546	412.03802
176.9076	403.64334
162.037	425.82202
154.3406	401.18283
179.634	422.07242
151.77766	418.58408
164.97238	397.84842
168.07	425.038
148.03221	409.03055
724.47864	375.5105
707.5764	382.24753
705.2261	377.83954
723.89734	387.88486
698.58185	381.19638
715.4811	367.23212
711.29016	388.49146
695.32	375.0495
715.8746	377.76886
699.97723	387.48975
710.0017	371.03845
716.1229	393.37262
702.09924	371.09683
722.0853	368.8656
704.8265	394.14572
705.89514	365.22394
719.18555	382.15997
153.36526	481.4313
174.75699	470.92773
161.53212	494.2958
151.13452	475.33408
166.85844	473.448
161.3206	487.45523
156.5815	468.7701
178.05042	485.8139
163.45781	481.28214
178.49738	476.0334
169.61702	488.63202
159.67802	474.98737
171.99564	481.62848
152.75702	486.8042
168.30176	464.309
760.8933	382.40854
758.4001	374.319
764.366	374.95084
757.58594	394.4684
754.7588	367.50644
768.76715	381.3706
754.8479	378.7956
769.9293	370.09875
761.62103	388.97272
749.1625	373.15656
773.7611	377.77573
751.2371	385.89218
763.0762	367.36758
771.46735	388.8581
747.5968	381.28134
174.52338	253.52481
160.36076	258.93524
161.1206	247.30843
174.90942	261.80627
147.02817	263.20306
167.70503	238.15356
162.8088	278.86072
148.94156	247.07181
177.13976	238.44724
158.7653	267.45648
169.57272	259.92288
178.98375	256.88025
157.95177	254.51494
168.50911	247.13953
167.43076	270.9141
153.96352	240.73047
183.48705	248.69226
153.02383	268.00803
161.15811	239.97574
173.61404	268.21808
142.64014	257.68472
602.2936	372.9794
593.7466	396.67194
596.3272	372.54657
606.5236	382.72238
581.6848	379.4859
610.13934	365.80792
602.7699	388.8555
589.81683	377.14047
608.5797	376.85565
588.3971	384.79742
593.90955	361.7755
611.24695	387.59055
599.098	383.35052
612.2435	371.42963
593.3728	388.18787
589.2834	368.6627
614.8047	380.94354
586.3048	392.3185
602.09937	363.60272
605.77625	394.82004
582.63983	371.53717
806.4729	375.06573
796.4547	384.36386
797.61444	371.09692
806.23895	385.84213
792.7527	377.49347
802.9905	369.8003
800.8102	388.7221
790.646	372.06155
807.19934	379.80865
789.9076	385.18256
150.03493	51.454323
182.64096	59.54947
150.71452	69.77491
162.72754	45.386276
155.1807	80.504005
159.79037	37.487892
189.18625	61.099976
147.58846	61.33305
173.51884	47.097523
177.02904	57.39323
140.8316	56.329792
166.27246	69.98173
160.96475	66.21846
167.62294	32.08445
182.98645	73.860306
153.40244	55.79371
190.45633	51.401844
159.34421	71.077835
154.05022	45.938164
181.44498	50.726974
150.54134	74.79031
176.18904	40.031017
166.00821	77.97525
147.74149	42.18236
181.67575	44.600285
161.0217	57.060658
165.45488	37.27654
450.37738	380.7502
447.17902	388.69736
455.6479	359.68607
453.40314	385.67523
438.72833	376.68655
469.44223	370.66995
440.98984	382.23294
447.63583	359.66354
463.65424	381.96237
447.18198	374.86633
460.8812	370.10968
447.16602	396.35132
444.31244	363.27838
471.9715	385.3581
435.9857	392.0202
457.43317	377.605
461.14096	392.6922
433.31732	364.93982
471.2342	379.0213
441.1801	395.46506
452.2523	370.1108
464.8956	397.82147
432.3602	376.505
466.1308	365.86545
455.73257	392.69986
153.98433	335.66107
182.61136	338.58673
151.79	351.9426
170.97427	330.37503
168.77347	351.02228
144.15326	336.54602
176.91574	335.44708
164.73906	346.6817
157.28125	331.83423
165.22205	337.44745
157.30038	346.36157
174.79587	326.06708
170.84091	342.47482
159.4386	323.04495
162.16512	333.34427
168.19823	359.29803
168.19815	319.90598
177.58904	346.392
148.89139	342.33942
183.12799	149.94815
147.75311	177.10799
156.009	158.88654
178.29443	174.89923
154.40067	169.80994
172.25133	148.88724
159.12125	171.96043
167.24832	167.74138
187.16234	169.26945
154.84875	179.77483
160.44446	149.33551
175.94864	166.46231
148.28894	164.24403
164.66899	148.75516
168.69275	172.40166
146.88992	145.76996
184.4855	161.60614
170.72229	158.26761
154.208	140.79843
172.51253	181.69662
144.5936	155.84825
171.03462	142.01291
165.05252	181.70804
154.24826	152.01917
548.8451	381.21744
522.24097	387.62042
534.56995	360.3197
524.10547	399.0722
513.34937	369.42996
535.19727	379.51932
523.86414	378.31207
518.2855	374.99734
542.8227	384.6005
515.61005	382.1578
530.2865	372.72296
533.0068	393.48663
524.7995	365.8089
546.3812	373.3237
517.87805	392.70468
529.1241	366.40396
535.7525	399.00076
511.40405	377.06976
541.07355	371.41425
526.89874	391.33978
520.085	357.9436
536.754	390.022
509.80975	386.44247
539.2889	365.24615
