370.06537	385.88217
363.73	385.0932
372.57397	364.02963
378.6059	386.0203
349.892	380.7199
372.60895	377.98505
357.3277	390.67108
368.13196	367.08618
382.35904	381.24103
358.28937	380.86575
365.11285	377.31958
368.9875	392.80197
360.5317	373.45114
380.24536	371.06177
374.72513	399.24924
369.07205	357.46188
386.94843	394.08487
349.2204	374.59802
382.45248	364.11325
378.76935	404.27557
356.27142	364.8965
391.43152	382.10413
350.7327	385.94257
375.67648	357.10767
381.1701	391.88412
351.50867	368.14355
389.32373	372.097
359.37103	395.88223
724.38776	39.026867
739.1874	47.631752
728.871	53.962963
756.7817	54.079124
730.91736	65.11437
710.11926	46.794018
747.6567	35.27808
716.8329	61.242332
734.20966	42.3982
747.01495	60.718678
708.3573	55.764668
751.7816	41.19979
727.32434	60.298023
722.20056	48.799355
748.5068	54.2466
723.4665	68.18821
741.8346	43.76945
738.98755	62.73101
719.2808	38.44866
752.9829	64.53301
727.13245	76.531555
732.61273	37.762043
742.09534	70.79805
718.0404	54.18403
742.2015	30.649765
735.3414	74.45077
726.7108	31.113811
662.7516	378.5351
654.0425	386.8321
655.5828	370.75113
666.5778	393.49796
654.30566	381.38593
669.5762	377.65677
661.5279	384.6457
650.29626	374.9289
673.6835	382.3403
645.45996	385.62213
663.39246	370.52805
658.5309	395.44583
649.5934	365.24585
675.4363	373.83994
653.69934	391.99835
662.597	363.711
671.80554	388.25214
643.2601	376.07245
670.0363	368.47656
159.20145	489.01434
162.76175	477.136
168.91283	484.3082
152.74106	486.22632
168.5696	477.39078
171.30669	493.50757
153.54184	474.34515
174.77725	478.84113
156.41882	496.7027
161.56322	468.5865
177.92786	484.89398
156.98518	480.3708
172.75732	472.73553
164.6276	489.86298
165.23843	155.6065
170.9672	165.08054
154.91559	166.97513
166.15892	138.54901
178.53218	176.0619
147.37573	159.32944
186.26451	150.57841
162.8037	165.32254
158.22882	144.90245
172.14604	154.34077
139.09537	161.03778
172.37326	149.33842
163.61168	174.6149
156.22787	154.1893
181.98276	156.04282
159.98222	177.80438
153.37772	136.53354
175.05585	168.9383
145.05075	153.04054
177.79733	142.41397
166.91965	169.41475
149.75032	143.04785
177.122	161.59706
153.20885	175.1697
171.79626	136.70596
753.9364	383.6911
747.9149	378.23633
754.3612	376.78113
748.90564	389.39948
746.85	370.55258
761.10156	380.88684
742.0054	380.80667
759.17505	370.4771
753.9342	391.97794
740.9418	373.25198
763.7204	375.20422
738.7154	384.64502
752.9297	366.78574
761.64905	386.84354
166.5774	42.401825
167.39847	54.102974
162.60643	61.870922
160.14859	43.115204
184.71608	60.800526
163.57266	71.82947
168.88676	33.60229
179.10434	71.60538
138.9924	51.91961
184.51292	54.15153
150.00278	69.08949
160.55856	33.973885
168.28067	73.62659
154.27043	52.541008
174.20663	43.77771
170.91534	77.76903
154.86049	40.601006
178.9794	52.955437
158.1575	63.96056
150.14857	36.79571
171.80043	54.577415
149.55191	60.222095
181.44736	45.334156
144.70212	76.1356
145.89014	41.634422
187.83849	66.05419
141.53995	55.851112
179.29883	35.215183
166.53134	541.739
163.76921	536.683
170.34125	534.6602
156.82976	540.3889
159.01945	532.73804
174.42497	542.2921
152.60754	531.7103
174.45682	527.822
160.28616	549.26843
158.89612	525.0185
177.0246	533.66644
153.75327	545.53455
165.03152	525.02496
168.44693	550.13513
599.60693	383.9439
602.28564	373.76105
606.2453	382.54022
595.13293	363.34088
607.61926	392.07425
581.9411	381.92038
599.35	369.23352
591.25616	392.41766
588.15607	374.1186
612.191	379.19717
590.62634	381.61014
592.81287	370.60938
614.07135	389.80933
579.42737	375.97003
608.78754	366.8892
590.4369	398.94522
586.063	363.47314
618.22217	380.91174
582.9482	392.075
602.6576	363.39255
601.46173	394.689
583.109	372.25165
610.74207	372.55075
588.1651	387.68207
161.38168	411.44833
179.25021	424.48358
161.38042	420.9168
182.02223	416.00043
158.7456	432.34442
153.58987	405.7898
166.48788	419.62817
154.3641	426.7373
166.04451	398.7266
173.98203	431.7509
148.48131	426.46198
174.91353	414.0291
167.02396	434.50235
162.53314	406.06183
171.67589	419.12875
155.08441	418.5249
170.0656	406.43823
166.13759	426.22382
150.80713	412.00043
168.83891	333.79
156.53842	352.48602
158.89249	328.1264
173.87996	352.44354
155.92894	345.9105
177.803	337.794
163.13802	335.35114
153.93565	327.921
182.87738	342.84583
150.64883	354.23773
168.90457	326.09238
176.71854	359.3963
149.29173	335.8078
171.67325	345.2048
164.21085	354.14404
156.57135	336.61542
164.09293	345.0902
145.87796	347.5127
178.50389	329.4639
168.39548	357.67545
782.9769	372.99335
796.875	378.27762
781.16376	386.3436
791.5376	374.8737
799.12585	388.86417
780.3341	378.6474
802.7412	374.18008
788.588	391.66827
787.16864	367.94818
802.4613	382.0827
786.45984	382.37662
794.75305	368.02814
792.5487	383.28302
513.6029	376.21725
526.38245	378.13507
523.8281	383.4092
518.2654	369.8586
533.4088	383.70392
516.8581	382.33508
542.2936	366.52255
525.40234	402.46973
517.2505	360.75443
538.5362	376.5456
516.48486	394.27902
532.2571	373.03387
543.1481	391.05872
508.78116	373.41168
544.30164	375.52408
522.6004	394.30243
528.1367	369.12946
534.51636	392.7676
505.76993	385.59665
533.67377	361.3708
527.44073	391.6047
511.90765	367.11002
541.1227	385.67688
511.66266	388.6922
526.6303	361.4516
178.28297	258.0008
147.52791	258.57355
175.46419	247.43741
167.89986	250.35709
162.71152	245.72603
173.36397	273.50983
147.92183	266.944
174.28078	241.12952
160.88583	276.7768
153.97592	245.83658
185.24069	249.73056
154.58241	277.809
157.84683	233.11069
183.19882	266.99335
144.70483	248.65674
167.88127	234.64127
172.63979	262.04083
149.71841	238.53433
171.2643	254.53772
159.61777	263.29425
161.27109	257.08633
168.45268	274.33673
153.71599	252.1691
181.8271	240.6033
164.18083	267.8697
444.45062	378.79303
461.95746	376.96973
432.11392	390.57397
459.46484	361.89276
457.18637	383.62106
438.748	369.68335
453.73016	378.60614
438.99664	390.7847
452.67252	372.89725
457.9983	390.99628
428.10513	372.81683
461.59302	371.25235
449.2281	388.35284
433.59653	361.79965
468.44614	382.46396
432.9521	395.6855
446.34482	358.51715
460.35382	398.71967
435.70978	377.4305
470.67715	376.39273
444.4518	394.8416
455.46136	367.00525
464.68573	391.18134
436.95908	384.24625
465.31894	364.22247
453.39566	399.29208
448.31778	365.03046
712.8038	380.22253
699.91895	384.86032
711.5897	365.9302
713.73816	385.4909
705.20825	376.6866
714.3003	374.06686
706.2996	386.27255
705.01843	367.44678
721.45514	384.98843
696.454	379.58255
717.9548	367.65057
714.35394	391.00937
699.27893	372.70087
722.3815	377.49023
704.99384	393.14252
732.39154	115.38365
742.3439	132.14351
725.70715	130.07224
739.89935	117.20144
732.984	132.45914
726.4795	117.96635
743.0997	123.081375
726.6052	136.04593
735.7847	124.82076
737.8815	136.73907
723.65295	124.45984
474.51285	74.66788
438.12506	96.63465
431.337	65.14543
446.98016	71.54144
434.97675	84.63041
463.0586	92.45085
459.24396	97.26719
431.13965	71.79246
478.274	80.56615
432.9839	106.45813
460.00824	48.880333
462.49	105.875015
424.84967	77.77974
456.62158	66.12184
449.39413	91.26751
448.2299	55.157715
473.5897	91.85234
421.26715	86.748726
444.0213	60.79082
447.14142	105.50411
455.61206	81.0786
467.55762	56.85456
423.36505	93.27225
430.94196	51.995384
480.08734	94.91346
421.69305	69.96029
460.80768	58.388103
444.01294	109.81865
440.43555	81.40773
464.567	76.771286
