167.81891	534.5525
164.32793	540.6033
159.90793	531.539
173.41653	544.1934
154.54715	533.47345
176.24242	531.08246
157.86514	547.1715
160.0978	525.8696
176.1744	537.9771
155.63593	540.82556
169.41559	527.61835
166.72478	547.02167
157.97594	406.52667
163.91377	404.50803
166.76167	413.07208
167.46011	400.1579
170.3134	419.75714
156.7881	414.57193
173.32135	399.65543
160.36215	417.15045
152.38177	397.22766
179.77701	409.7397
150.85596	416.03482
170.79202	392.52325
174.11905	422.33063
150.43155	404.9436
188.2886	408.59454
160.71658	423.06177
162.16321	396.61255
173.2424	411.22784
725.8198	129.82141
736.12933	122.6497
732.93317	128.6592
721.6163	119.24896
741.91974	125.62215
725.317	136.30565
731.4688	118.23073
742.2715	133.70212
725.47546	124.15375
740.3773	116.795555
735.1375	135.85835
753.28534	370.28104
761.8378	380.77985
753.3456	377.40494
761.1303	371.75262
760.8488	389.64597
741.70374	375.9256
766.7733	374.9727
753.87915	391.0074
755.7096	364.0103
766.43787	387.5776
746.97626	379.88678
765.08276	366.97617
755.1598	384.25006
746.0786	367.79037
770.88684	379.39325
746.7631	388.20844
799.2236	369.35834
803.76044	385.5313
789.3179	377.93762
798.6008	377.97894
791.9123	384.26324
793.3434	370.3482
805.7	379.0856
785.96014	383.26178
805.7425	371.05002
796.55444	387.75815
786.32886	371.29602
449.77496	105.55459
445.89688	102.31598
456.46173	75.31307
429.52628	71.05367
441.72723	58.825783
457.24243	59.410664
433.57965	95.0265
439.16205	48.5009
462.16486	77.93506
431.44696	84.09116
455.05902	54.374733
473.09918	90.90498
429.85294	77.56431
454.22128	86.41948
430.40778	102.22915
469.44037	60.39765
476.74307	68.91841
445.16782	81.36803
466.98663	70.42341
448.68228	89.093094
442.92743	69.61302
474.95084	82.55144
436.91022	88.87774
444.70013	54.71226
455.4095	94.020546
417.50284	93.372955
468.55753	80.05492
456.02335	110.523476
424.99078	66.43321
168.06941	241.45837
151.16942	256.55093
168.31934	233.67534
164.15285	257.97546
154.81056	241.88863
173.14082	248.6104
163.05392	245.7551
161.79648	232.65381
172.13159	255.22269
156.10489	249.77959
178.80418	233.96317
156.33191	265.27188
147.99568	238.59798
181.09384	255.05037
148.9422	261.2613
175.23581	235.88579
174.91771	265.28665
150.12949	245.46538
184.426	247.67326
164.39474	267.7603
157.04395	237.45073
178.69107	259.61655
586.2993	380.59344
601.57275	366.22617
602.9901	383.77875
593.0855	367.8899
591.2315	376.8855
588.0702	387.22644
598.131	372.05927
602.7686	391.27548
576.0881	376.71246
605.0697	372.4843
594.8815	385.25803
583.4323	368.75278
604.26733	377.32684
577.8734	388.6928
595.2115	362.49847
597.19006	397.3009
578.4989	370.5059
610.82227	372.04834
585.12335	393.96408
587.8813	361.93555
609.46625	382.60712
580.1295	381.35553
461.0398	380.24982
451.2115	386.07965
448.58405	378.01727
459.216	386.63782
442.1229	384.39966
450.22543	371.05603
465.17365	388.55942
443.69403	370.6136
460.28085	371.38364
457.13174	396.94348
449.19623	362.9146
466.752	376.17413
440.9877	376.5826
458.70404	365.02286
461.2001	391.92764
437.1935	369.3131
473.40268	371.20108
440.01312	391.30344
457.93863	358.04926
469.5208	390.95853
434.37524	375.53378
466.2104	366.58643
444.21957	397.18628
442.5668	360.19116
472.33984	382.01273
434.29672	387.15897
170.1005	332.07648
172.71744	346.11105
149.05559	325.6938
184.82884	329.42783
155.51372	340.23947
161.24678	317.95944
170.85089	341.49127
147.40129	343.65082
166.96465	314.08832
164.93852	338.4321
156.88933	322.14832
177.2785	331.66794
154.5283	332.08902
168.66196	322.08658
177.67227	344.2309
163.90024	330.52106
176.31776	320.51334
162.50854	346.74185
153.7831	317.1888
183.04863	341.51154
152.0538	347.56647
531.60675	373.029
529.49854	378.85004
515.8655	369.76837
538.5362	370.57388
515.12244	394.19553
515.162	377.35666
533.22736	386.88684
508.4925	370.45734
540.1539	361.0726
521.91736	381.58008
522.03235	361.8518
538.7395	384.95026
522.83997	388.21667
523.6004	370.7505
533.5717	394.58853
507.72574	379.61594
544.0899	376.07098
525.5008	398.25238
528.0846	362.61627
543.90027	387.18903
510.61835	384.92548
533.51086	365.2887
526.39294	392.40488
515.7813	363.35806
661.67535	374.5784
643.2013	389.0251
653.6238	367.19128
659.30084	384.33023
638.74506	376.46262
667.52313	371.60156
651.9065	387.6779
640.64417	369.10327
653.9803	378.95117
642.7526	380.3701
648.9316	363.05023
660.59357	391.57452
649.7782	377.2398
666.9974	378.06622
654.16504	392.89566
646.211	369.2961
667.9624	384.91266
637.7877	385.99115
659.0841	365.53287
702.8079	382.01755
699.99817	363.2602
722.8224	381.06967
696.128	384.44135
708.73926	368.5238
716.35	389.88138
699.95966	376.7187
710.00085	378.80927
705.7859	394.1991
702.23	370.0699
715.43176	380.90158
692.46643	379.14117
718.6917	367.59958
709.409	388.9903
694.0387	370.68207
718.9781	373.6816
699.1704	388.70517
711.7345	363.71857
179.76828	487.1391
153.48618	475.6289
172.15085	469.37915
160.84421	485.29752
162.19684	475.6898
170.66669	482.85223
155.15007	487.18774
167.01724	474.52838
172.0091	494.82632
156.53714	468.0175
176.87257	473.72186
161.22662	495.0328
163.35193	464.29706
182.54156	477.406
152.09943	480.6944
171.41252	463.25122
168.05208	486.72964
149.09375	467.9947
170.81058	43.605408
153.71997	60.7476
159.36736	46.92256
186.20981	70.01064
165.1504	64.02207
170.5264	56.70235
158.52505	68.56194
153.78702	49.792583
179.81203	68.33472
146.62315	50.34261
163.80045	36.362984
161.6822	55.17278
149.11507	42.486565
175.92978	48.869675
148.22388	61.990955
169.46262	27.78632
183.64401	55.924397
143.95584	68.64183
181.99567	40.88563
178.37283	75.03097
155.87015	34.49836
178.9282	60.121796
156.9023	77.48189
172.6272	35.767105
172.95676	63.6521
144.86769	36.074192
188.16978	43.949028
157.0327	72.25319
717.2494	51.645027
749.6387	53.770927
740.2687	46.20905
730.5396	45.358013
730.2782	61.87981
725.89526	41.024456
757.7392	42.459133
735.06464	74.48198
739.6483	55.796455
744.46875	63.39635
709.16876	50.78705
744.99426	37.935925
729.6145	55.60672
729.1065	35.415096
754.991	55.766487
710.2522	65.14322
740.52466	32.851673
736.7077	67.40619
718.944	45.469807
739.91797	61.65492
719.2003	67.88307
727.59607	25.690052
757.04083	60.09197
719.62854	61.466652
733.6999	39.48004
723.4783	72.85296
717.65436	38.199852
176.57515	155.92598
149.70168	171.5939
161.71086	161.89343
169.16983	167.78653
159.40953	146.16702
188.93239	149.04507
158.27773	163.34698
161.90186	153.31624
167.21967	158.54276
163.69666	177.4772
169.67972	147.77954
172.37077	176.7238
150.6575	144.51407
179.17793	147.93463
154.1475	178.56793
162.77759	143.5765
178.3226	165.39757
145.96288	152.85013
171.11713	142.46803
158.81413	169.33194
153.41377	139.18301
184.74792	161.79227
149.15292	162.64911
167.54903	136.06918
179.40414	171.56674
367.30597	377.19556
378.96207	382.57697
370.34985	384.35907
356.23703	365.5114
385.86957	385.22626
356.4453	380.45648
384.11713	363.66962
379.51376	369.69528
361.45407	359.21335
393.4846	387.3151
363.0771	388.4973
368.9974	370.45844
381.42136	392.826
350.0224	372.30884
393.24625	372.623
369.52454	401.26556
371.25623	356.63412
386.56366	377.2199
356.36517	391.4067
376.97595	359.59882
376.1549	400.9945
358.97263	373.5901
392.00406	364.54922
366.6778	396.1233
375.02924	369.35727
389.48846	392.7387
350.00543	384.28677
383.7605	356.07233
375.8746	390.56433
