162.15945	471.36768
161.344	475.91666
161.3439	458.25967
169.53624	475.9401
153.02194	471.9694
165.56442	467.5462
160.4006	486.5276
156.94986	461.142
180.54472	474.437
149.29877	475.3702
169.47482	460.69888
167.63748	482.20273
151.58243	463.8397
174.18503	468.84546
155.99452	478.06085
650.3084	377.90442
656.15594	385.76083
645.1435	385.454
657.67474	379.83655
656.55066	390.7572
641.4933	370.8371
669.65875	381.5788
645.88275	391.3266
654.61584	370.35287
659.55426	395.3329
641.1541	378.8532
667.82086	373.8692
650.7606	395.12912
647.2538	369.43408
664.90564	390.26715
639.4072	385.5703
661.6576	371.67926
456.15912	391.30884
448.87433	369.75214
471.68243	389.52856
448.969	383.33435
462.44653	367.83698
460.14423	385.1264
458.60638	376.46356
473.1021	382.26376
457.58676	396.91388
442.92474	376.36127
479.62646	394.83875
440.96893	390.44586
469.76456	365.63623
472.3729	402.799
452.497	377.5507
470.30084	372.4264
451.7422	401.66977
451.46527	363.3312
479.1734	385.8027
440.01044	379.5026
480.20395	371.41183
463.65265	399.7743
445.48462	367.50723
479.98145	379.89456
447.94208	394.72662
464.0062	362.62686
447.4943	88.935135
455.0008	69.617905
461.5704	71.774704
430.47104	99.140976
443.44717	66.75887
460.7705	83.213
453.68408	102.203316
463.0313	56.528023
458.8382	102.56488
430.61124	82.211105
489.19843	83.82985
437.91168	104.47099
450.64664	55.671528
458.65552	115.33901
414.50787	89.27131
469.60333	66.23534
444.51105	100.58243
430.93475	74.882614
461.5704	63.003162
441.01645	91.559326
444.3012	60.5001
478.62988	92.18315
429.45767	64.65354
479.31265	67.89095
426.4955	92.698364
436.46484	59.04373
466.01212	89.50114
422.4996	80.40965
469.2145	85.5233
440.5965	112.23897
156.9244	247.11882
166.90717	248.6569
157.55936	261.35773
162.88503	242.4688
169.49776	256.6193
160.70093	255.39214
179.44107	243.90405
164.1139	263.41348
152.83792	240.36899
178.32352	261.54367
149.1411	264.14597
167.41484	240.12004
165.23999	271.608
146.01595	247.69531
174.48248	251.53755
159.26028	268.10858
160.46689	234.93881
172.64189	266.2103
147.31355	254.56357
175.68188	157.67416
163.85045	166.68544
158.9155	166.53366
167.63554	175.00668
147.56075	173.6869
159.08173	155.57434
164.83463	180.2973
148.46687	166.99332
166.63857	160.79086
149.22488	185.26778
152.93466	155.51071
179.95323	175.20665
145.43448	180.03232
170.95042	152.21298
170.23068	184.13513
152.57481	148.306
173.47011	170.1169
156.8953	180.34627
164.69116	148.81763
174.07811	180.98318
142.7215	164.5921
183.4178	158.49724
384.92743	389.70877
362.4544	373.7651
389.0201	387.49576
359.97934	390.8132
373.4235	368.09393
372.56125	382.88214
367.81592	378.97748
382.4795	374.01212
369.25955	388.3431
375.0171	377.5062
387.95465	400.0566
360.30695	382.09988
385.92572	364.2877
371.95892	396.69437
356.3459	363.25046
376.52423	387.12598
351.50024	397.3133
376.98056	357.64578
372.98053	404.16217
349.73587	386.20416
392.75687	369.56052
366.27332	404.1415
361.6969	362.68488
393.72357	384.47855
354.9919	385.18134
376.73605	363.5278
379.24677	396.0272
359.41022	369.58945
394.56442	378.66675
360.36163	397.52814
172.56503	398.06894
158.15524	405.45682
162.9084	398.4715
165.69777	403.57013
171.2341	415.6831
153.31027	402.01392
166.12097	409.4544
151.63002	417.95224
164.27646	393.0691
162.90488	421.59784
148.25061	400.90558
178.69348	402.54962
159.82867	414.17462
156.44376	394.67786
176.17747	412.27765
152.64703	411.4804
737.7876	44.100407
732.65704	81.87934
742.81433	58.19809
749.03015	59.526295
722.25134	76.45586
728.36536	43.88057
749.6733	76.96318
733.13513	52.32256
745.7652	44.661137
713.316	69.80515
716.0477	40.340538
757.7747	67.29226
728.62933	68.60229
746.3853	29.833317
739.1263	75.808846
713.03	50.013287
760.36536	51.170807
730.0477	76.35536
730.92267	36.20263
737.17834	63.19967
714.3917	56.201496
749.18945	39.395756
732.36	62.611473
722.5334	46.718872
753.1173	51.63617
722.8196	63.142933
742.5634	38.615578
166.49701	531.2567
149.90904	529.363
171.6889	523.4327
158.25357	539.4794
159.22502	526.83954
173.81897	537.98505
160.8484	533.3983
166.80264	520.63586
166.33752	540.779
152.96121	521.87146
172.08379	531.1922
152.6958	536.61365
159.42474	516.4123
605.0645	393.76837
593.09644	381.73718
606.09924	375.54605
591.2292	396.2122
591.05115	367.77057
603.31366	382.9954
587.90515	382.32404
595.43225	376.02722
598.26013	386.77676
583.73914	379.77472
612.4808	376.40912
588.1558	390.5023
599.11395	368.62274
610.1444	390.18875
580.88196	388.81314
603.74567	367.06952
599.14606	395.3941
584.81946	372.16806
609.055	382.81717
785.44574	390.55255
794.0934	375.21588
801.3049	390.98483
783.5242	381.1761
805.331	380.17545
793.3505	392.62067
789.47534	370.80048
800.9494	383.63525
788.61993	385.46878
800.36017	373.35254
794.6894	384.34924
784.39465	374.852
835.16736	378.0947
821.5049	391.73004
827.60986	377.0424
832.7103	391.32114
818.6775	380.09164
831.5029	372.06522
830.00134	385.76678
821.5365	373.4014
837.72473	383.5476
822.32715	385.393
168.47061	316.68643
172.43985	333.41653
159.40791	339.7127
179.75009	326.51895
154.9151	352.50244
153.1727	317.9938
175.9036	345.07587
146.48929	333.9124
164.59297	332.48065
161.83961	349.1314
150.5622	329.57227
179.66747	338.02393
153.89157	336.24542
161.03342	319.30487
170.56598	341.5399
156.22493	324.5704
171.25914	324.98383
147.96846	340.5135
161.952	327.68634
175.94936	47.169765
152.56029	69.95793
164.96437	54.86366
165.82837	87.32823
141.46414	58.77358
177.23012	57.563835
148.76768	87.55978
153.69615	60.06829
158.88033	75.024605
146.28043	40.868584
181.86751	41.605602
159.3452	60.92589
156.05544	45.114876
166.99666	62.742554
146.75145	67.13889
170.92732	37.169956
173.25879	72.77686
137.6648	71.657715
185.32335	55.676422
169.34158	69.12979
158.51964	35.102177
181.1992	69.05074
148.21988	61.468464
165.95035	32.493095
176.12737	84.38115
146.68907	51.5312
187.50722	75.07492
154.27063	79.87418
165.85637	50.046593
537.17444	382.90967
515.7842	375.43326
546.2561	371.4107
532.0622	389.47455
525.48566	369.90872
544.9723	392.8865
517.5109	385.82874
538.98145	374.16132
537.9955	391.1654
530.4415	381.31506
550.82654	378.95438
531.25256	398.19492
533.16174	373.4914
551.9391	386.32062
524.5038	384.79678
537.6887	367.4461
540.8397	399.8963
523.22003	375.8053
542.1923	380.78616
524.0703	392.36768
529.3971	363.24603
714.92505	392.56683
690.90106	381.87506
717.6396	371.23877
702.5523	385.919
700.65753	368.49823
707.14966	380.8839
694.434	390.60876
708.40564	369.98584
708.9108	395.90814
693.95514	372.84576
718.5396	381.48224
700.7995	396.0227
702.761	375.6038
712.8065	385.998
699.4359	382.1906
713.0199	378.18384
750.4992	387.71295
743.1234	373.09558
754.86145	382.63983
742.1272	385.76242
757.5895	368.67917
760.70435	390.40256
748.71216	380.15213
758.617	379.1662
746.57886	393.2426
750.2269	372.63168
764.16174	383.8388
739.26263	380.0491
762.0763	374.31857
755.9538	392.80804
