376.46985	379.6918
354.48953	382.93146
374.72827	372.461
372.22122	386.71497
364.99667	375.94855
384.9524	366.93237
366.1327	387.36246
360.84814	364.62195
383.92117	385.7609
349.52637	391.88766
380.2674	375.84515
378.87454	392.89328
370.78546	368.35846
387.01074	379.28726
361.86334	398.32867
367.53247	362.24384
388.22192	394.16467
346.94308	381.60916
383.08112	361.03534
367.63037	403.4406
355.4627	370.32117
392.6417	387.68506
358.67206	391.3758
377.02658	362.82364
376.0837	398.33926
353.64825	378.78665
391.27393	372.68448
370.44168	394.01056
357.69385	359.78397
189.83641	57.49524
144.89517	59.874474
159.17337	47.69621
166.96849	59.615734
155.33295	42.318993
177.18149	55.582344
149.67276	73.3486
163.68948	38.62623
168.63522	75.32914
141.94955	52.019524
178.6506	41.04385
178.16794	70.40047
157.15636	37.332317
185.39455	66.4401
150.8021	66.69886
172.07767	36.45536
159.25201	81.65837
144.18326	43.971622
171.8616	50.34479
158.88907	75.12889
174.99408	43.443798
180.97083	59.491985
159.90865	56.829937
165.3169	49.388138
163.83517	67.6893
149.91592	54.501953
187.72238	44.90098
139.18529	66.39167
652.1119	377.20273
658.8619	383.065
645.91614	378.69016
665.7084	377.3689
653.83496	383.82288
648.79865	370.2506
664.7186	385.89117
641.52454	387.1781
657.15234	371.00232
658.4797	392.91156
643.19904	371.36258
671.3644	378.471
647.6312	392.60657
654.06067	365.10748
669.0339	389.23798
639.5499	379.8723
664.1213	369.3045
653.57904	392.10126
729.00244	39.317467
747.96423	50.185276
727.7182	70.26549
733.3667	31.671803
726.98254	57.134605
736.5114	52.959175
756.77167	49.59321
721.36804	72.04185
737.08167	47.865696
726.1362	79.597305
714.4971	68.29561
746.5787	34.40967
731.3324	65.04496
717.51965	44.252037
741.83685	56.998707
722.4149	62.559917
741.71936	40.956364
748.7145	72.98457
710.31793	50.14681
761.3168	55.813374
739.0282	69.885124
721.4375	39.436417
755.60815	65.42147
715.70276	52.690277
729.7751	25.785748
748.65	61.53405
726.58386	48.980473
465.35922	375.0289
455.95663	392.97992
443.78522	371.87625
464.00372	382.72995
452.30405	386.43826
458.29794	373.4854
452.78345	372.6048
442.37662	362.93164
471.54492	384.64566
448.1061	394.04343
454.3554	366.69202
461.40225	388.0288
447.27423	379.14365
466.73495	370.3782
444.18082	400.77744
450.7784	363.07016
473.01724	392.8908
441.01196	385.10446
465.6026	365.01047
455.962	398.9375
437.54453	372.4992
476.45807	383.14386
439.90546	396.91528
452.93707	356.60727
463.65082	398.29053
431.40347	378.91055
475.0542	373.73917
164.88689	171.06244
153.62527	163.05411
173.43393	174.81686
173.03922	166.4161
164.91235	163.79054
156.29694	178.63339
155.72389	153.91098
187.79433	161.44089
151.56007	168.85536
158.05922	148.85931
178.84787	161.87172
161.02371	167.53409
173.72147	154.89983
170.58954	181.50188
146.14885	149.31204
182.30533	177.30743
144.21196	173.95578
166.2021	156.09068
171.59952	188.55692
142.8978	155.87183
173.71835	144.94284
157.31746	184.306
158.16812	141.21165
188.25056	165.57585
144.09877	168.14322
168.62447	144.92792
168.89378	275.60016
157.99416	251.44756
164.91776	266.4344
153.48245	270.18018
167.43307	248.3606
175.76414	256.27795
172.28967	259.52246
180.61572	251.61601
162.9368	257.91504
149.91458	254.19722
182.44995	264.4896
146.88414	261.6065
162.07767	241.6676
173.70512	276.74026
140.97324	257.46436
183.30402	257.2066
148.25778	278.08047
145.67563	245.57698
176.7966	270.3554
152.88168	260.1358
168.4468	243.61203
161.1619	273.01767
599.4844	376.677
594.82086	380.95755
589.98157	384.79984
601.42737	369.05072
611.4193	395.12628
590.16125	376.241
606.36835	375.246
592.05975	391.04572
587.0234	366.4531
608.5491	382.0616
581.76556	389.7615
595.26514	362.31967
601.02826	387.53156
582.1603	374.09717
613.3207	378.0626
587.7178	394.747
591.48804	367.6353
605.4082	392.4157
578.6586	381.8719
607.4997	366.4222
595.1729	397.57275
149.91658	327.87018
176.99171	350.6361
159.0101	347.0338
166.91238	336.9178
172.49954	342.61395
168.41248	351.70462
180.57005	334.9156
155.35672	357.76544
159.01344	340.21893
181.44212	344.59717
153.19167	338.9789
167.28633	326.66718
166.07135	360.0969
155.63759	330.85522
171.95123	332.54007
150.1478	350.53906
161.71915	331.33337
171.83644	355.83856
146.30229	342.70123
464.37003	45.61483
478.79547	91.35286
441.5983	71.7285
473.93585	104.00667
421.34863	88.94347
457.39056	68.09203
455.02606	106.2397
456.87677	97.24753
458.55145	111.92759
430.82318	97.88954
453.14267	76.421234
430.88373	70.23039
437.77676	82.55403
453.19687	82.98565
450.12192	80.87617
419.57852	57.5886
454.09283	87.43962
441.3961	95.748886
451.64374	66.69306
467.26773	85.89674
425.33188	64.586655
467.91705	65.78251
451.74576	102.86904
435.52417	52.612274
477.5587	68.876816
430.85693	74.76089
454.31616	54.06011
447.27213	112.63054
414.87506	85.54013
465.32745	76.65609
156.30862	423.43024
160.87231	408.18015
172.19241	414.59756
159.57933	417.87515
172.16458	398.14084
165.87967	416.41202
155.07703	409.70663
177.96936	407.71674
148.49135	413.68393
167.04733	398.94006
167.62552	426.992
149.15161	404.3267
168.31128	408.3715
162.63196	425.47363
158.71043	399.6418
175.72385	420.15503
739.7934	384.78305
752.9258	370.03323
752.05756	392.6036
737.99744	374.2242
757.80566	378.77728
742.98615	390.51004
749.258	375.03766
758.825	387.35504
742.069	379.3244
760.4912	373.49423
748.2412	386.76953
745.9408	367.8482
753.6052	382.64267
159.76608	537.3287
162.42435	530.6304
165.55466	536.49915
153.87054	521.65784
172.78322	526.20374
153.51982	537.9308
162.85191	519.177
171.61674	535.06946
152.72516	530.3342
169.47507	519.2535
166.43304	543.56354
160.28214	524.4347
177.41684	533.4725
153.74257	484.94473
166.89484	466.24902
177.93425	481.69727
149.40602	471.38385
172.22807	475.2062
162.74878	475.39804
157.35403	469.63892
166.37863	480.3837
154.25279	478.254
172.59119	462.41498
170.31747	487.52765
153.7891	463.61615
177.18382	471.04922
161.10538	486.4422
161.93025	460.64996
798.92596	385.17593
781.4076	381.525
797.2101	369.8003
789.32776	387.29926
781.18933	369.8299
791.3429	380.39563
777.6749	385.78674
789.1959	369.99222
793.33435	391.00357
777.24146	376.94647
799.4955	378.3441
784.1685	391.21332
785.7961	376.04718
710.0043	383.50092
701.28906	385.08984
707.4413	371.65137
708.9556	390.30792
693.85895	371.4068
714.0719	377.44928
697.1727	392.2309
705.36316	380.0678
714.8478	392.1423
695.28436	376.26163
718.0013	372.62866
702.53235	391.6187
700.99304	369.43042
718.1351	383.59406
693.5174	383.36874
709.74445	365.85956
532.00854	391.9018
518.57715	373.33063
531.5811	381.62973
517.2668	393.59802
531.4871	365.96466
538.69885	391.03406
532.3112	373.6937
543.42303	365.34857
521.83405	387.5636
524.0711	370.09598
541.075	384.29474
514.6488	386.3017
541.91437	376.264
543.6143	394.01886
513.4937	379.2774
547.78314	375.49844
527.8268	399.74216
525.81726	363.28198
547.8006	384.17053
524.8336	378.66302
537.1968	365.05988
524.16046	392.5688
513.93884	367.92575
830.19354	379.3499
820.3822	391.43243
827.1165	373.1352
836.36066	388.88205
821.11804	380.17725
838.02966	374.67044
825.1776	388.56778
820.85315	369.84335
838.11084	380.63092
818.7035	385.12717
831.1134	368.37567
830.618	387.6284
817.1293	375.2586
