170.55217	406.96774
161.64932	407.23444
158.62465	400.5839
172.90842	417.00626
155.32529	405.32074
176.79538	393.8241
158.85081	417.91327
152.14474	394.34735
175.98154	405.66916
152.55043	410.97598
169.25798	392.1012
163.8356	418.11572
157.9338	386.3125
173.88474	400.08847
151.25186	416.17816
165.88612	388.3041
179.15996	410.78906
147.18398	399.64478
383.17145	365.30856
367.47586	391.20834
363.47864	386.56848
387.0534	381.71198
375.5297	379.06323
365.7428	379.37433
375.74802	402.62186
364.53485	365.549
380.39294	379.51285
362.1663	390.93008
367.5267	362.0737
386.69724	389.93805
358.7492	380.36032
373.7161	372.75827
375.5715	388.87323
357.38266	371.76248
387.675	373.29367
357.23334	396.7651
376.99902	365.96762
380.6389	393.9676
351.16376	384.722
390.20795	368.11984
368.51022	398.75433
351.78784	367.33917
391.07452	378.13605
347.8538	389.0043
373.72632	357.68564
381.34042	401.5833
352.90692	376.9189
839.8094	377.23328
824.03595	388.3229
825.7123	372.52255
840.7054	383.39984
826.0934	379.67822
837.0736	371.56696
829.60547	391.2121
820.33856	374.54047
832.19824	382.54962
817.39136	383.1338
831.0503	371.16602
836.0609	390.35516
165.54324	56.080345
161.71024	43.352722
160.50186	77.70358
149.46945	54.867554
173.98479	65.25362
166.4586	61.320953
168.78313	31.574879
152.64789	71.28926
146.86243	40.757362
178.43839	54.17567
155.3989	62.625008
178.09262	45.09027
172.43211	78.57987
140.62883	63.082184
188.4415	58.31557
166.4246	73.95599
155.88446	39.585064
187.69576	68.06438
140.50708	73.65195
167.1781	42.119297
181.23903	72.914406
140.48792	48.36419
183.4664	45.020535
144.01924	78.72917
157.92062	48.73028
179.44978	64.01744
149.70255	62.160545
176.73221	38.20724
150.49344	77.89922
159.76602	163.54117
172.26176	162.03587
150.9737	166.2214
168.549	167.99377
160.19437	169.1512
154.18483	159.69412
170.22757	149.58191
156.13069	174.54715
161.1909	156.20882
183.89844	173.06148
145.53069	165.98271
167.5151	141.39284
172.97769	170.89145
150.84012	152.61899
171.28688	156.23672
161.07315	182.67888
163.93478	148.51526
179.522	162.96259
145.04794	155.52322
176.673	142.38911
168.99072	180.02188
156.56906	148.39914
751.97504	44.05236
723.35504	38.512726
732.2379	47.98191
740.19556	60.8185
716.9806	57.970222
746.79474	59.439556
733.9718	75.7245
724.8358	33.7846
732.8617	57.108803
719.7248	46.24225
741.72644	50.744667
728.0072	68.636444
714.34485	43.791557
745.4457	39.3435
724.5724	64.24693
736.36304	36.97671
741.74976	68.81021
728.35126	50.735294
756.8642	47.84237
743.95764	73.92859
734.30786	30.434412
748.34344	53.056683
718.1457	64.16589
741.236	26.343124
751.502	67.16336
722.70184	53.324963
716.46484	379.06653
700.23016	386.8837
695.7772	379.10925
703.02155	381.65628
688.2289	386.07727
699.96277	366.2685
708.97675	388.1235
691.3797	372.85455
704.53973	375.38016
695.3464	389.6906
709.16595	368.2785
707.2064	395.7106
686.24963	379.66537
712.18756	374.4129
695.68317	395.10803
696.3638	369.36685
713.0305	383.58737
155.48648	254.61096
162.56322	233.12253
169.06607	251.7833
151.88474	244.45053
164.54985	244.62073
154.35674	262.57895
159.5244	244.26584
180.59937	254.02136
158.58473	236.52461
173.33731	246.45956
160.63858	251.84827
150.23724	235.91557
184.4135	245.4952
149.554	250.7054
175.65067	234.45532
169.04031	263.30927
143.37608	245.93095
174.78053	240.42374
162.12114	260.8731
167.76053	230.65567
441.2416	91.35445
433.50714	83.74303
464.66782	66.64312
439.989	102.338905
426.95792	61.24474
456.00024	102.29717
456.66925	77.975204
462.05573	52.25689
476.80527	90.80937
445.56268	74.289566
454.91104	60.20688
444.07022	107.41244
434.60156	72.849365
470.80988	81.33348
424.97705	98.21826
442.34244	54.35421
463.7024	105.264915
422.9227	92.76099
470.8523	68.697426
435.48935	105.32747
458.2482	67.212456
463.47787	96.07938
423.03687	71.93692
460.31	79.11654
464.2543	85.08251
447.17685	63.00695
475.9047	78.081406
439.95392	85.51577
433.0312	57.60328
443.26627	118.42964
577.1281	376.1947
601.3155	380.60208
591.80145	378.143
586.6145	388.30484
595.4471	383.4921
578.9263	383.92868
586.10815	377.0799
590.8834	394.28705
574.30365	370.05698
603.98254	373.3538
578.82367	393.6242
584.0075	363.1281
598.83984	392.48434
573.02094	380.04715
596.0927	369.35953
584.862	394.64142
583.3197	368.77264
601.80084	387.14163
574.08655	389.74765
590.5315	367.45966
167.3992	484.60126
159.55939	465.20517
175.72188	467.402
154.03818	483.0899
161.09256	458.94565
178.0792	476.19482
151.46744	475.2295
170.6958	458.98242
160.47647	480.3459
153.26465	456.81656
166.9442	472.4577
160.42703	473.72296
169.22609	465.669
172.64375	477.1626
152.23576	467.596
529.6334	381.17148
521.87964	376.0252
517.8981	368.23676
538.2216	392.71985
519.7597	397.2649
529.6693	361.53708
532.4587	390.03503
512.249	375.29187
537.2752	379.3264
511.33237	391.87833
527.4606	372.3899
519.8465	387.54684
517.6127	382.6192
533.37146	373.2565
523.6646	391.72192
511.70255	367.20483
537.2485	385.64496
505.99243	383.38446
525.1823	366.57227
526.79926	398.13763
506.565	377.8103
541.7372	376.02866
448.20273	388.21344
444.0126	368.2342
470.92618	389.89557
452.75513	379.29614
458.0666	362.56348
458.61322	391.41934
446.9345	378.41257
462.33887	375.54156
442.62216	392.16913
457.2626	375.8866
464.5625	381.97858
445.8217	383.25372
465.22055	364.61865
454.64072	399.54205
436.68204	369.42517
471.2046	377.9438
433.8397	387.0771
449.65048	360.9748
452.86676	394.32217
438.72412	377.18146
468.44025	371.5674
443.11295	400.5388
451.92188	367.90424
464.736	394.54587
431.9436	380.05096
169.12003	522.70276
158.28583	538.1772
155.57736	520.29974
171.79431	530.11115
152.97049	536.09607
167.09055	513.37244
169.24564	536.47864
151.27475	524.90564
176.35965	525.567
163.02927	544.34937
163.35526	529.7152
173.65227	540.2417
155.6204	529.8912
160.78586	519.4109
647.9867	386.3953
637.45807	383.46747
663.4533	378.46848
642.5311	396.14365
645.3877	369.96262
654.132	386.7923
630.17706	382.84543
649.4103	374.4427
643.7323	380.07825
635.9757	370.91364
654.79114	379.80106
636.6929	389.8758
651.86316	365.89224
654.8237	394.6088
633.0946	375.7917
657.41815	372.19446
648.27625	392.4885
641.4425	366.08026
662.6428	388.8892
154.8674	327.91394
170.52602	311.9925
161.47392	332.23053
156.29962	309.77438
168.86348	319.759
155.36612	343.86615
162.6838	310.5207
178.09618	339.5109
143.00917	329.77554
175.03351	324.3095
155.84746	336.9354
148.77388	319.405
171.93643	330.2343
149.45773	332.49908
164.21225	325.9688
171.48376	337.02264
156.20651	320.96906
178.99551	333.82227
164.0829	342.76938
181.09842	319.21188
756.54175	384.69962
744.25684	381.75693
756.32324	370.23523
749.5014	385.2613
742.16113	369.117
755.5443	378.78314
741.6896	387.8825
749.5162	369.1297
754.9272	391.92267
739.8977	374.19785
761.44556	374.73932
748.6001	393.664
748.9816	376.3797
762.0542	386.15082
736.81506	382.7664
795.12714	370.80237
796.931	390.75336
783.1759	372.91785
801.9208	379.6568
789.65326	392.28302
791.51434	377.51453
802.7779	387.09753
783.2194	379.4673
800.91296	372.8882
788.19446	385.6728
789.00397	369.11252
795.685	382.65976
781.3337	385.4323
