576.54193	383.76764
574.87805	389.3971
581.4082	379.55487
579.78766	397.24042
567.14343	386.7743
585.87146	389.54138
572.639	403.3316
571.1743	374.7467
589.53674	393.5593
562.54596	394.9472
580.991	374.67413
581.4418	401.9005
564.5131	378.9111
587.3348	382.77985
568.47614	395.9311
151.25111	532.43317
167.07939	541.36755
148.82753	539.70905
161.05792	535.5683
156.81094	541.79834
155.87706	528.4419
168.91885	533.6226
148.90097	547.1113
163.695	527.85065
162.25578	548.3627
146.55626	532.33386
637.3378	389.05603
629.4186	389.04037
630.1692	376.19257
633.98694	395.70166
620.7633	393.60883
636.14874	383.38696
630.9799	402.71875
623.0936	381.65387
644.55066	390.2532
626.66437	397.4868
640.40125	376.30396
643.80237	396.60257
622.4441	387.7088
645.53674	383.66986
361.04535	389.03445
353.08942	386.69513
361.88406	397.06085
345.20508	388.05124
372.2038	391.12616
375.2802	397.61765
344.94107	374.18317
368.783	380.64362
338.45654	399.01056
357.16873	378.40714
379.6876	390.54242
352.74457	377.54437
373.02856	373.95505
356.8519	398.19196
342.06573	381.5109
376.43976	407.2355
351.8395	402.2117
362.0738	373.68427
370.3662	409.1164
348.4387	395.45197
377.50327	376.31808
364.16348	405.05023
360.15585	367.17102
158.37062	478.10016
152.48715	473.5996
162.40271	471.56723
161.36574	487.66513
157.24405	466.02988
167.19315	477.9772
151.09517	490.44293
147.47047	463.34204
167.18301	483.0393
145.49081	478.7727
169.99327	466.30185
152.16331	480.85123
449.3625	385.92764
444.08096	403.10986
440.3813	385.96432
441.86197	376.24814
453.4389	390.29288
432.57135	385.20746
458.87323	385.04816
440.95697	393.72284
435.50522	375.4738
454.5673	395.9633
438.73663	399.81076
452.2836	381.22946
430.43158	402.01996
429.17645	377.68652
462.52045	388.01962
441.18268	411.45435
449.67377	373.39404
451.64688	402.602
426.67535	388.35175
457.67587	375.08884
507.94034	389.82602
509.92325	377.90973
517.7303	389.07367
502.052	392.2438
513.0199	371.6042
520.6072	402.61563
514.156	384.65933
522.9336	390.64032
506.48013	400.26205
523.8727	375.88498
526.79724	396.48
505.7862	384.57648
526.6058	385.0374
513.2186	397.96082
500.14136	383.8967
530.79614	390.17322
776.9884	398.1659
782.53436	383.88953
789.02234	397.1712
778.0036	387.47275
793.58	386.69357
781.45526	394.86505
777.12	379.05426
788.63586	391.07584
772.25183	388.27536
787.7294	379.62045
453.45416	99.3434
421.70917	71.77711
461.88348	70.662674
442.73218	112.25749
441.919	88.699196
473.31232	68.919334
453.16205	112.076706
438.78912	100.1685
424.52972	90.680016
457.7936	90.46805
463.67627	92.14369
426.1159	77.7426
457.63824	83.07161
464.71518	115.94777
445.69937	83.63048
480.3698	92.02888
452.19205	119.29964
444.97647	62.37486
462.7873	108.812515
428.8567	100.91191
453.7689	58.14391
462.18597	121.74962
437.65332	66.52587
482.32797	104.61714
419.80014	106.7025
465.06973	53.70623
474.8808	111.42171
420.05704	86.247505
431.87054	57.195015
146.73973	51.489788
149.22055	37.899544
175.05664	64.70999
133.01627	67.3921
150.8879	60.17283
154.02542	77.13204
141.66231	51.41375
166.1838	58.684074
140.84506	76.953
155.76028	52.371483
174.77274	70.951065
128.78656	52.953777
175.38377	44.277603
160.25546	79.73219
159.23117	47.20374
181.76778	59.3307
147.6221	71.97296
165.05737	42.570824
167.10445	69.37168
144.35764	64.628204
173.86131	53.644196
167.70465	81.9416
160.6779	40.455185
163.94215	343.98944
146.85641	342.74002
158.41992	321.25528
158.51685	340.5349
154.53665	326.1508
163.62074	328.7058
151.45834	337.4678
165.60164	319.38058
177.6636	340.78955
148.3013	329.89825
171.93121	326.5902
159.3212	350.53622
146.59177	321.96527
155.41118	332.0044
139.74655	329.6949
730.1585	42.93198
748.2594	79.58465
744.4273	52.710407
753.15094	53.406727
733.3882	72.512375
726.80164	35.548824
760.4782	68.34068
720.3538	63.772533
741.608	44.541466
754.7231	71.54331
724.15985	58.976154
741.0888	58.75228
731.9045	57.590168
748.38727	40.609093
746.3675	64.514854
737.25	54.104576
763.5512	56.745018
721.66205	68.43797
718.8853	49.963802
757.5467	63.3043
716.136	68.65598
759.4869	41.15642
163.05276	423.13785
144.4395	402.33752
169.72026	396.36432
154.82635	414.4021
154.84628	404.10458
169.1113	417.8335
149.3589	408.63025
163.25868	407.09186
149.55933	420.36612
149.42545	396.5606
171.88445	406.71387
144.4766	411.82715
160.16855	394.24323
162.28569	414.77524
727.6652	385.3228
741.84595	392.2188
733.69073	398.58264
740.11096	386.4312
749.3365	394.91437
734.36395	389.60562
746.60205	379.4068
745.0005	400.50806
734.6071	381.5434
749.93616	385.44623
729.62726	393.4267
740.4894	376.10443
826.9001	397.14536
813.4843	387.01996
830.55566	385.68924
814.34143	397.3004
821.37634	383.3666
831.1256	392.1121
818.25165	390.2189
827.43066	378.7292
820.3537	397.6681
814.3187	380.41925
154.36151	242.58228
153.45059	252.72783
147.11168	240.49084
160.59676	249.57747
140.58138	245.75533
166.91525	240.70276
162.27736	271.68958
147.3724	250.18604
175.47375	255.76408
147.55458	265.49902
166.81197	246.8215
163.91333	262.1701
146.85373	257.9631
171.37326	251.4882
158.371	257.42892
155.5038	235.50008
701.35846	392.31076
686.67755	390.37555
690.57214	386.81683
690.20233	398.5711
681.96405	390.83566
699.2874	383.60382
676.331	391.6378
684.1438	373.45486
696.9337	404.6656
677.2002	384.35822
695.85455	378.91766
680.3734	398.15155
684.76135	380.33047
694.9884	390.2394
142.9739	167.3262
154.53984	166.87245
159.33102	181.25621
142.75015	150.92978
170.80588	165.08212
152.06097	179.91815
154.18967	153.94165
173.7566	170.05719
159.75339	172.78398
169.24435	154.97061
165.5665	168.73384
146.46678	156.89728
163.28683	158.1693
148.60588	174.87344
161.09285	148.40373
167.98279	175.68227
147.46742	162.26053
