834.57684	391.3592
832.1078	397.8654
840.45917	389.95313
842.59796	398.98038
826.3836	405.4887
846.8999	386.38452
837.6826	404.23834
833.91034	385.27274
849.5926	401.1358
821.3218	397.10913
844.3436	380.0044
842.45544	406.76273
826.736	387.4867
849.9435	395.11188
832.3182	407.43915
833.3413	379.64172
484.99286	92.88363
490.66074	110.08628
475.9524	110.15865
477.667	97.97555
473.06943	78.79091
512.687	112.85189
463.55933	87.26799
492.7754	87.55945
464.39615	116.957214
461.16675	114.33144
504.3078	82.62454
464.3387	103.51664
484.35614	69.949265
493.15698	108.53304
437.00708	100.632126
488.1787	64.6123
490.48868	123.40818
456.3039	79.316475
511.42822	92.7438
480.33105	118.91057
472.1834	69.15276
482.3561	115.8882
453.29044	99.654076
488.30298	75.9496
475.55283	125.20491
463.54843	70.887146
499.23608	94.43291
468.07748	97.71897
480.5088	65.42728
496.0753	114.21736
135.97958	73.924385
144.00922	74.585976
178.34383	84.91235
162.42953	73.82313
172.64589	99.201096
163.80295	115.72616
182.2382	69.89294
155.5935	91.78441
146.83018	68.85106
163.86588	80.96407
153.11942	81.025894
171.2791	63.125774
179.7551	96.32881
143.24422	87.36817
177.34042	80.11584
156.12323	99.02147
156.24028	64.33455
192.68404	89.69715
135.25763	92.24842
161.41647	68.76242
173.55148	107.03041
150.2748	57.64142
182.2961	80.52751
149.35405	104.89592
164.00461	59.21583
183.45686	107.421585
151.10635	93.971695
187.57146	70.18013
666.21564	400.46472
646.6298	394.67108
671.0826	402.1574
643.492	403.15775
673.60803	376.30487
666.9809	415.55508
657.6841	382.7414
669.3577	392.1953
657.5964	401.43912
656.5667	391.38528
666.1633	410.8956
666.2797	384.95773
659.93713	370.90045
656.7317	410.22592
640.7334	384.78033
684.82416	386.64056
647.08215	407.3332
653.36835	375.98865
678.4966	404.00824
641.05	395.4484
675.1953	386.63068
649.65875	413.96573
649.8341	382.60162
680.9071	395.48495
894.64	400.60205
907.1628	385.0784
907.82874	405.1509
894.38586	392.95062
919.4673	394.024
906.2822	398.5134
900.0607	386.01068
918.72034	402.85715
901.6965	392.3144
914.5946	389.15222
900.02716	408.18817
906.9041	379.7025
913.3045	396.5254
803.9437	54.712456
797.96814	39.604794
797.9211	51.907
780.6185	45.867897
797.15704	46.010986
798.05963	66.40587
787.9608	44.303967
812.89124	59.953144
782.6302	57.99602
807.4932	43.03498
791.0596	61.84503
781.6807	37.51481
812.14465	49.643497
788.7946	56.49082
791.36957	37.12508
803.806	59.67033
776.3482	52.1747
412.0141	388.56412
378.32465	401.21738
381.00354	381.88068
391.71277	382.7105
403.9873	399.8219
400.6809	384.21344
416.20303	414.91714
371.13635	384.67892
410.29996	406.20142
379.4632	410.781
389.55524	371.11514
414.85736	408.68753
391.74527	391.8473
403.09366	379.08374
399.82233	429.77734
383.48944	394.4041
418.46075	400.9007
378.4533	415.79355
397.22897	367.78915
404.8971	414.6624
391.60654	402.27094
408.02875	382.45377
397.7244	405.26855
399.2138	376.30707
423.53955	397.2966
372.63895	398.15576
417.23892	377.6066
387.75558	407.40823
380.52963	389.9095
423.3461	391.3476
147.68356	384.10922
170.90642	362.01752
174.98099	397.21588
143.89946	377.90387
171.51701	383.8499
162.75046	400.5166
152.59196	373.59296
181.50142	375.76593
150.29745	394.94568
159.51411	366.67972
163.27649	388.37982
156.09616	382.82614
176.13539	375.31717
157.0832	397.0559
160.73831	375.82465
173.7636	390.17786
165.68523	380.60748
167.73767	368.46878
756.90894	401.71042
755.05927	388.7902
775.0573	389.48697
743.1725	401.33044
761.1724	386.9834
768.60626	407.16757
753.4083	394.22192
766.10547	383.79816
762.4062	393.47223
747.87244	384.4108
771.3459	401.7973
746.8356	395.89545
759.59705	379.34988
760.105	410.37036
742.0329	389.01437
766.8322	395.70355
751.3346	408.88974
534.20795	390.31052
536.96564	399.7483
529.57196	400.60886
535.10315	370.79425
542.6791	416.86517
519.2011	384.99078
549.28015	397.8836
521.4199	402.47202
540.27893	395.2365
551.17456	415.4413
516.63574	394.20917
551.18494	390.7364
526.7691	389.21045
533.8622	385.97574
545.79846	405.9252
506.4494	403.7221
553.4415	374.80994
529.2862	412.74652
528.81366	381.90628
563.5622	389.95636
521.92725	410.30826
543.62146	375.93686
558.1895	404.57297
507.86084	392.5882
543.72974	382.91885
532.8959	419.29434
525.45044	370.50104
558.2086	397.79327
145.34393	250.44283
170.05373	234.82935
180.1243	258.65897
150.67088	249.22514
170.55132	242.38457
156.66408	279.56854
153.90701	230.43832
159.5589	242.241
150.91426	235.53696
179.87097	237.76675
151.24081	264.5273
161.52295	219.20564
168.08185	261.03473
168.22797	271.7979
170.50339	228.4736
186.555	259.8979
139.31161	261.7056
183.7902	244.64575
179.02286	268.61273
155.80432	252.26419
191.37758	254.38028
145.19647	238.69089
173.98631	220.6016
160.99324	253.34338
138.75851	229.62569
173.91045	255.40768
144.4811	263.4068
164.68643	488.39313
163.0795	496.4918
150.47266	488.09235
165.65363	477.5978
157.32962	501.84296
153.82834	478.06592
171.52576	488.24683
159.23364	481.7652
166.09103	469.1093
170.93909	502.82733
141.8293	485.62177
181.57368	483.68164
158.24785	489.64642
159.42618	472.69086
177.96056	496.07852
151.80162	501.32153
173.89401	478.70694
