142.20218	400.37833
141.85281	412.57935
153.2473	401.92346
154.94177	414.80777
126.4578	410.75064
147.84029	411.42807
140.23793	423.66388
146.25723	394.07822
162.15512	407.64642
137.15308	416.09308
154.56042	394.45694
148.19025	419.17462
136.56067	404.17905
701.681	403.767
694.23114	411.58847
694.77155	403.42203
709.4712	410.25458
688.1965	403.62006
707.0741	396.2015
702.7222	413.3929
690.3187	391.93817
709.8094	401.9712
686.8351	409.22052
698.723	391.6552
694.3441	419.75092
688.7584	398.6264
783.4181	397.68073
765.2605	406.63892
766.1331	397.58453
774.03064	401.367
760.2562	409.04752
773.0038	395.21014
772.1015	416.7714
758.90314	398.831
780.2192	405.18915
766.90564	413.80566
768.834	390.2202
777.8947	412.04932
749.84204	55.284252
760.6027	51.299797
747.23596	61.42448
741.0641	49.639877
767.8846	63.62483
738.5206	64.56651
758.032	45.357235
759.55524	64.773636
739.1425	44.059883
765.05774	44.924976
750.49664	67.37741
747.10315	42.068295
759.6322	57.600536
740.7906	54.93567
525.25696	401.0629
509.09302	406.0312
523.68195	393.6731
526.0044	405.8659
501.81146	410.9812
535.3118	394.59784
527.7638	410.89755
503.28256	400.54736
523.99744	383.44257
521.70233	413.0826
514.30225	383.7148
539.5319	414.76447
502.85077	416.80142
528.06104	390.25262
517.4291	420.52704
502.93018	394.99542
533.292	403.32803
509.79987	413.5307
511.98276	401.17386
531.6267	424.81793
436.53384	137.06607
438.92096	94.799484
420.4013	105.687645
467.81787	81.36343
448.5135	89.32243
425.10904	131.55632
475.03314	89.60205
457.65884	129.9869
438.42398	118.28041
467.92285	98.90048
452.96616	120.133286
414.687	97.56499
461.41055	99.882515
430.83734	123.73079
465.20093	76.67653
443.88696	130.61362
428.2481	74.742744
486.13104	119.1343
452.62857	94.648575
451.9881	79.56258
473.8627	137.60165
424.14737	92.66222
488.1271	94.95688
440.88046	122.406334
431.27066	80.44329
442.40167	107.11265
422.1211	115.943886
441.16373	86.95503
470.8055	109.03239
126.43567	69.48913
139.56952	89.681564
134.07574	102.19617
145.86229	65.19664
144.76749	130.31113
143.95067	120.529076
151.44536	111.0674
156.03648	131.37686
147.79079	98.54846
162.38222	111.93382
142.82098	102.93555
157.72626	118.54165
172.15144	115.48906
128.31996	89.905975
171.38104	89.33362
139.5482	134.6617
118.79512	97.528275
186.83977	103.67163
120.85266	123.12364
166.14488	76.96656
165.45493	118.09288
115.318954	89.834076
162.0463	92.68742
135.2979	122.73161
140.34445	82.64579
143.76749	138.10745
123.27712	106.333664
374.25278	387.3527
354.0441	392.7899
369.27167	391.3825
388.40155	417.55695
360.67932	407.84586
372.67072	400.63507
393.0711	424.784
351.49722	385.48682
384.64084	388.36682
370.33542	427.0013
360.1931	379.5666
405.41586	425.61273
395.55185	396.4587
411.3869	405.9836
383.86145	426.21002
360.88376	390.0689
402.20844	392.28778
367.11542	418.8239
392.61896	378.1732
391.2459	432.4013
333.39536	404.39902
388.6873	403.81024
383.33353	416.1368
381.77332	384.72498
392.25275	414.5411
354.26068	413.16187
371.05127	372.50204
371.5922	414.1819
351.25702	403.97272
842.5426	400.8164
831.1834	415.27188
833.3641	396.5837
840.8548	412.3022
832.6979	403.0655
837.93243	393.4443
835.4041	408.03485
825.49805	398.13885
844.084	407.01273
823.9249	406.40643
149.60684	497.0147
148.42491	515.7017
139.37288	495.132
165.43852	509.1059
139.5278	514.08167
133.60771	507.50284
154.4232	512.98035
132.80794	514.83295
144.26633	502.07513
148.0138	523.1342
143.54068	487.82974
159.72038	512.6757
138.47318	526.132
612.821	394.68094
624.0232	409.90332
610.5873	404.97015
626.85724	396.75153
620.37683	417.63135
616.6044	399.15582
630.1681	407.5723
615.0425	411.3559
621.22314	394.77362
627.1405	418.26645
604.01965	401.3514
631.88184	398.24515
605.5006	411.83368
612.3336	389.3997
149.47244	278.18475
119.38224	288.59964
145.83932	285.76508
136.04285	292.55353
144.32254	268.75833
166.02814	283.19446
130.92717	303.0304
141.2249	276.5165
158.03989	291.44006
123.35165	275.4643
151.08263	266.1408
149.06454	300.0668
139.53812	262.0347
156.24744	309.48712
154.71584	285.73657
159.98251	266.68683
142.86024	295.36136
131.40923	286.37213
174.67905	284.8548
