894.37756	406.15762
894.6541	413.47983
903.4889	396.0492
906.37305	414.18735
890.4875	398.67642
903.68005	403.26724
899.97546	415.04828
897.5596	399.78555
909.8209	407.47516
885.7375	406.1462
154.8229	81.52882
159.7934	111.075584
150.91406	83.911606
142.65952	92.12326
137.52919	84.608406
155.28555	56.00597
175.22678	93.54892
140.88715	104.162964
162.91452	57.79301
149.57008	99.82799
149.47382	65.70567
184.80414	74.35791
131.79349	92.3615
167.5166	77.351204
155.87222	97.66106
137.74002	72.16548
167.4834	61.858574
162.3346	101.66248
150.97383	71.83151
160.82617	81.553795
136.10478	81.236374
750.75494	409.4743
750.4884	419.29108
748.6345	400.1752
764.3678	402.87653
747.55695	413.26886
747.6432	393.15698
759.12836	417.09653
741.32855	404.03366
756.7501	393.80786
741.6958	417.84424
738.628	396.0726
760.8812	408.19992
737.88995	408.90582
145.07288	493.8488
166.52173	506.57047
157.08765	506.38556
169.93617	492.48227
144.47531	504.92007
149.03372	483.3605
158.01247	496.75873
136.74045	489.97876
162.94238	482.31976
147.89832	512.45807
154.58867	491.70004
163.16005	499.87125
145.08444	499.77252
806.18915	41.932495
806.6764	77.02858
808.3593	56.495167
819.47864	48.046413
801.1692	70.48006
795.8942	54.11847
815.3348	65.30576
783.92664	57.01018
811.53424	44.075794
810.9446	60.154594
788.7628	49.302902
808.454	51.316864
804.3956	64.00099
798.4811	43.59646
557.9104	416.41763
537.2787	411.628
541.0524	401.8537
531.18396	412.569
543.835	396.048
559.6488	398.274
545.97455	408.976
551.40656	385.9353
544.985	421.76465
532.51196	404.62067
559.9674	405.33792
531.47217	420.3194
533.73206	389.3695
557.35645	411.7557
524.9005	409.33405
547.9896	393.49738
549.7684	428.5691
522.12195	398.10516
835.3237	404.55768
823.4911	420.71924
827.5262	394.1463
829.99866	411.4296
828.31995	403.75043
841.53845	401.06204
819.3763	411.0733
818.79535	398.82507
839.132	410.1648
815.07385	405.3464
832.8493	396.9693
837.46716	417.75446
133.14809	232.52579
161.63248	234.94148
156.27888	254.9775
158.54013	213.37137
169.0617	254.33899
133.35417	243.19633
165.25674	226.85843
168.02464	230.5173
147.73244	215.05183
175.27411	230.20564
140.62494	240.63008
151.52914	226.97293
151.1348	261.93127
148.75172	253.88376
166.79187	245.72783
156.88287	244.55753
140.32709	228.86295
159.48245	249.05591
488.4145	122.09664
487.80508	97.158325
493.78622	124.85573
480.1728	83.09257
502.21494	86.41062
461.90747	111.46431
485.0655	109.45801
476.01083	93.03234
457.41837	86.37844
511.5161	79.68103
450.37262	109.2802
472.97388	86.61465
497.3173	94.4327
461.17984	124.71511
510.2027	126.16866
485.33496	148.8475
435.33194	88.943565
513.35266	94.21837
449.87704	120.04014
459.84854	76.79522
468.22144	127.20856
476.19058	136.72357
484.08252	77.522446
471.33432	114.94408
440.30893	105.622696
499.3369	117.51792
478.17426	145.02911
494.99628	75.44034
501.04355	134.4908
456.22763	103.84536
672.63727	399.41806
645.69714	419.23218
644.7929	407.1722
662.4164	414.32452
647.8893	411.9337
649.1529	400.45148
664.52405	425.05298
635.7611	400.998
656.068	402.52243
637.7132	410.4864
651.81213	392.716
667.127	407.9438
659.2986	409.63272
661.2551	392.14395
656.15796	420.83633
645.42444	387.70773
666.4762	400.26328
398.75366	415.73535
416.38657	379.43683
406.64603	433.24692
374.69614	405.7027
412.1197	422.34824
407.36508	412.2919
378.97736	398.9514
416.25214	410.5019
368.01468	424.36627
412.74982	384.04218
403.03894	424.77182
403.40173	385.1496
422.51083	405.25497
369.81537	409.30453
392.97925	393.38324
422.22882	414.77017
375.25873	423.83267
405.77505	391.8522
383.78754	435.85825
384.64835	390.67093
406.91583	397.90305
362.92834	392.99866
394.38864	364.45877
398.2481	432.75494
392.7397	375.81454
414.27496	399.29456
390.90762	423.99725
392.74207	405.33392
162.8588	382.23706
133.87326	378.001
172.61508	383.37436
146.32791	379.7146
140.95248	365.4871
178.83908	376.20148
146.77582	389.2316
157.81584	356.57394
164.29399	394.23248
148.3129	373.13116
169.57382	368.0196
152.07399	396.6751
156.22514	369.13263
161.7372	369.46326
136.19925	385.39886
146.52011	362.7235
152.72835	388.48724
