461.96808	90.81221
425.75055	108.360825
468.91	87.18994
453.59015	97.356766
450.2798	104.217606
478.83365	88.41921
442.615	114.887794
431.04678	93.39107
472.32797	127.4682
432.91528	100.427124
438.369	79.76098
450.27692	113.13057
410.66602	95.74082
472.82568	102.63889
452.9732	142.76384
439.37616	89.479065
458.05634	108.92324
421.2259	80.60463
460.59546	72.02145
437.55704	118.395615
428.88458	77.90238
479.74942	115.56331
429.36703	114.15968
453.8105	89.52639
464.48993	123.89925
422.79767	99.51983
474.111	80.12848
436.86255	125.68742
455.04926	78.99387
465.88394	108.51548
735.1526	69.42657
753.4093	65.83108
749.05035	80.5265
735.1041	55.617004
760.0887	62.485878
746.1281	73.67499
751.3182	53.942554
764.2894	76.94762
727.1412	71.95452
742.3869	67.76957
754.57996	83.60137
750.23315	46.51965
764.2994	68.868416
731.1638	85.73532
768.86676	50.261917
758.09607	71.78947
730.9489	62.38335
760.9665	54.358727
738.03436	87.585655
742.3169	55.20817
140.55916	400.77216
138.53854	384.0722
164.80925	399.4656
150.06259	407.9078
136.56174	374.81113
154.17496	387.2147
137.06346	409.75726
147.52992	378.8234
157.83963	398.40338
154.65726	395.18085
168.16394	387.31525
143.06102	405.40033
149.64474	389.59116
163.98932	404.9787
132.64226	402.70908
155.58171	378.41382
158.98619	412.9943
135.63959	395.88803
843.39075	397.88788
834.21893	400.6274
837.8159	393.6541
839.31287	408.91852
825.5954	396.02417
842.1669	388.8613
830.9507	408.0215
830.8739	391.30927
843.9252	402.96948
826.0296	403.7237
786.23505	394.99884
784.3559	404.01822
772.14703	400.06082
795.756	400.43204
776.6335	406.68817
777.5334	393.81598
789.998	403.07837
779.47034	398.90073
791.5824	391.8397
784.9346	411.38712
775.36957	388.4194
154.17978	495.64362
143.72714	505.20517
147.08215	487.18622
153.57664	501.23706
142.24063	495.89096
159.44197	487.98495
147.16075	495.77774
141.44374	483.91382
164.23306	495.14996
136.52774	494.48837
153.95824	488.28564
151.11493	508.09357
719.4232	399.97885
734.38635	395.15317
715.6046	405.32343
719.1268	389.10846
730.83453	404.5632
710.0454	397.49567
729.22675	387.23303
720.59186	413.00494
709.7152	388.27502
727.14166	399.8412
710.50415	408.13544
724.412	394.38632
724.7935	407.45712
704.45715	398.36685
148.64447	70.68337
150.71455	112.860306
131.80975	99.32044
152.37747	94.245094
141.02658	121.1201
160.49403	85.81255
168.29988	85.02278
146.02835	97.085556
182.79361	95.33842
142.69365	130.22734
138.56952	74.14908
153.82608	104.265785
153.92763	83.85378
157.46985	62.0125
149.31827	126.44627
131.61375	69.917015
169.1921	115.35783
118.74662	101.948166
175.4128	84.570114
151.83432	121.90029
127.2567	67.10145
165.15718	105.19446
132.45432	106.23692
128.24197	85.668884
165.76297	122.698105
125.11002	97.507675
173.44579	75.59156
164.46101	115.53113
125.45955	90.687386
386.07565	381.24573
348.97736	389.27838
364.35742	397.0785
379.68314	413.6293
356.503	383.5427
396.94397	390.3511
377.17075	409.0795
365.4018	401.78668
380.6767	398.71356
361.78888	419.19342
378.65146	391.94397
370.38965	430.06387
355.74396	374.1852
384.40146	416.65283
362.94583	408.05756
373.26688	373.48975
398.53317	412.50665
351.99786	402.2735
394.91037	373.4166
364.27118	414.47623
367.69098	384.26007
403.00452	401.33566
355.4938	412.27008
367.28595	392.72952
379.9361	427.7752
359.7868	389.86972
401.10782	394.28738
366.00714	425.1022
367.54993	371.64035
391.28687	396.57678
626.4725	403.34833
638.4046	394.4693
640.9218	408.1926
624.0179	386.95746
651.2303	400.9082
630.52185	418.46884
632.91785	378.7972
647.2744	415.9666
623.9691	395.89337
644.09827	393.70233
632.77606	406.8692
632.19855	385.09592
643.31555	402.1685
619.9135	405.38342
647.7074	385.43375
642.9617	415.46558
615.7179	395.63977
651.4676	390.8244
626.0475	409.43893
630.99316	398.66074
519.38293	389.79547
511.29633	408.10263
498.0722	399.79117
530.2396	404.64215
523.839	398.54974
540.436	414.17953
507.18304	376.0308
523.6129	373.50922
521.4304	430.76434
499.92328	383.86053
530.5858	394.33624
506.05142	416.19434
518.14777	380.70496
526.2403	421.77792
503.24683	408.38333
532.2659	378.94806
520.53143	409.56943
491.68878	396.58725
524.72565	380.63165
500.5324	417.559
505.1985	393.0422
527.3131	408.95712
495.76666	406.0731
540.49976	386.32196
516.3402	418.75513
510.74258	388.67035
537.539	400.77786
133.61	264.57278
157.60335	258.508
152.9995	283.5602
139.76074	259.91855
159.57333	273.95132
141.27042	273.7835
139.58066	240.92668
164.41296	268.92758
149.54617	256.5853
167.21698	265.0085
142.5788	284.34546
144.90872	250.72067
160.93364	282.1552
134.49472	282.75577
150.8625	242.0354
153.4865	268.52313
126.963295	264.97006
169.21571	246.61343
148.20494	269.576
128.49089	258.33188
171.04295	265.22183
