527.61505	390.06842
512.537	391.96295
517.6472	388.26413
530.00165	411.18735
499.42212	400.51068
522.5984	379.9604
509.28876	403.05676
512.8979	380.91174
523.9435	398.7572
509.25433	394.89362
532.3265	375.90472
516.5614	408.95404
505.88834	382.45624
538.2677	387.98618
508.16006	413.68268
514.991	371.75226
540.0548	401.29608
493.05356	394.3942
530.8163	385.8591
524.9935	404.06735
498.67072	388.66046
532.2094	399.45047
500.5414	408.72406
523.7107	374.91418
524.37976	413.8855
629.23413	398.798
621.0259	381.68427
623.0827	418.3685
611.1216	389.03812
636.55774	405.56647
628.37836	405.675
642.0765	393.02664
635.2225	390.76996
632.6814	386.63434
654.4347	393.7711
619.2482	404.0661
629.11237	374.2601
644.724	405.2861
609.13684	400.55045
642.2991	383.16412
630.08575	416.57904
620.1756	375.80084
646.3005	401.86633
616.85645	394.4258
635.3043	377.6452
638.92053	409.65503
613.65137	382.07773
647.31726	383.0844
389.91345	419.79218
394.64316	374.2447
383.13495	398.2675
394.71225	396.57986
398.22662	383.28952
403.80603	403.4303
375.17786	395.248
414.12192	382.01996
378.80902	411.5761
411.30792	376.87656
392.14325	410.50824
393.19476	383.25513
399.0175	391.08466
384.22308	391.40353
402.60553	377.65573
412.5026	402.77777
381.9271	405.1253
385.66687	370.11725
401.88068	420.23907
382.86334	386.33392
415.34747	398.60068
371.93	410.20624
383.8213	375.35486
405.82568	411.2076
367.62985	392.14972
417.94034	391.13202
387.93448	407.66187
369.4566	380.38995
157.76852	77.78465
178.27896	85.64609
184.4832	59.57725
153.72574	103.824196
139.83585	90.18342
179.99564	75.35245
155.08742	97.84362
159.96259	60.83155
188.98784	86.46161
143.15744	73.223656
188.48103	67.761375
167.77872	88.58203
146.30196	63.059975
187.11166	78.97418
149.89894	78.44856
175.77104	68.21913
161.05667	93.28049
138.04642	64.89186
170.97078	61.346935
150.58902	84.078384
149.73311	52.467773
163.90536	67.8126
167.29823	79.19644
167.4961	57.400288
179.53874	97.67058
154.95322	71.32895
163.54767	503.96762
159.22511	494.14142
157.64262	484.98526
173.0922	495.1214
141.56253	489.28256
180.85086	489.31012
154.55994	501.52628
167.55429	498.36465
170.7652	490.433
151.56259	507.7732
166.4888	485.37076
181.5259	508.6624
151.94095	486.7457
176.89468	480.78345
166.0138	514.5802
156.08443	477.32626
174.9878	502.88486
146.87238	497.3356
164.87086	475.7044
162.35362	509.91864
818.18884	391.87823
828.682	395.30014
812.2377	403.51755
832.08105	389.62848
832.0758	407.66916
821.2233	396.97577
830.4266	381.8225
820.0571	407.39114
814.81213	382.62823
835.6459	398.58966
810.53406	396.1609
823.3706	384.80914
824.7596	401.74054
813.15656	389.34097
838.3864	388.31833
732.59827	409.03174
743.68744	378.45605
743.9512	394.26678
734.0053	395.36914
738.27374	391.24417
741.05743	404.0726
716.80896	385.28662
751.2064	388.81848
725.72253	394.60205
740.658	385.22345
747.86487	404.678
730.86475	387.48254
748.21313	384.03223
731.7772	415.5792
731.3788	379.04172
752.8019	403.89362
719.1883	397.90872
740.9523	370.38315
740.9396	410.52216
721.3751	393.78033
757.48694	390.62872
720.0021	407.00662
899.4689	386.88205
899.06934	400.3736
878.23645	399.51382
897.17566	380.67743
893.8937	405.38666
891.5575	391.3499
909.2057	391.0816
891.12366	397.42035
890.637	380.83252
898.80115	411.21613
882.33655	389.45132
902.5452	391.9522
888.0422	404.16107
886.7046	386.06503
907.5831	401.36676
786.82025	51.936188
803.3909	41.672047
793.6486	43.179745
782.0209	39.788086
798.75397	45.57241
796.6479	58.45913
792.96906	36.2091
809.2535	58.574867
781.45105	47.006237
807.2318	38.928997
784.19586	63.817474
786.5961	31.480509
800.3785	51.721092
781.2912	53.4934
801.2058	33.549065
802.91064	57.22004
160.49811	216.39035
185.29424	232.35355
154.89505	230.25093
161.58235	208.03113
178.78854	245.13062
153.0676	223.54814
177.84596	203.98819
165.82626	242.22964
143.90353	214.40262
163.2497	231.94653
151.07193	215.42139
158.51303	222.3759
174.83797	237.90845
143.28984	232.32297
174.8135	216.06644
165.43924	252.81177
157.65964	205.01794
175.05275	229.81274
137.23819	238.24036
166.59758	208.43217
175.7814	253.11572
136.84773	223.44646
187.44695	219.68979
159.384	243.33794
170.12582	220.94827
171.42368	388.41925
137.76181	370.87787
175.33548	346.81085
155.60309	383.07208
169.68178	363.2904
177.83632	369.99002
150.0415	386.9783
184.00797	368.8444
170.86113	367.37366
148.81746	349.07147
147.58557	370.46634
164.07326	388.7215
156.17494	352.06805
180.18965	377.5978
145.374	375.72827
167.95026	356.10715
162.24078	382.59015
159.55821	357.95306
182.08463	358.7655
155.61655	374.8329
166.11098	342.3063
171.9081	378.77985
147.42595	357.8935
479.67236	84.573715
462.63275	103.51334
489.4756	66.06171
503.27304	105.825485
454.1358	94.84772
493.5437	75.9603
478.03467	121.24052
450.05426	78.14214
492.5848	86.179214
468.66376	116.82522
483.7124	102.54443
470.1363	109.65416
452.13776	89.989174
500.38287	72.74382
488.39996	122.29962
464.17545	81.77422
504.9265	87.03251
465.16025	123.31822
477.6255	56.989494
494.36664	107.263
481.7426	93.37484
484.7968	79.76941
477.9667	113.098465
468.74844	87.25557
507.0999	97.998436
448.35114	106.51112
475.76947	74.5775
493.1626	98.86177
470.65253	64.33662
501.20428	120.094406
