370.07907	400.1679
363.4529	391.91232
374.33453	381.0527
382.45856	414.51953
361.91766	402.25665
374.52945	390.04153
369.92892	405.58392
354.55164	377.9412
378.1756	403.22504
339.7825	403.7945
370.2772	373.12735
364.7691	422.3249
364.46106	385.12805
390.77478	395.90497
352.25543	406.3476
364.02844	373.4804
387.41574	402.48895
353.89618	397.7448
390.5156	383.04614
356.05264	417.5411
348.73865	384.24576
393.12085	408.07425
362.9527	413.89648
365.50803	382.08432
373.2492	412.58783
355.097	390.44922
684.94525	392.40936
678.5806	401.61972
678.49493	387.40186
691.58704	403.873
673.073	397.2336
685.0553	385.9632
684.4198	411.29266
668.14844	391.01053
692.56946	397.11942
665.7232	405.8365
675.3704	382.78186
683.95105	403.69873
665.54205	396.0194
690.42316	390.50055
673.4626	406.65424
141.64636	236.36136
156.658	248.46553
136.26773	251.88101
156.56075	232.4303
154.29756	263.903
145.03032	226.57991
157.09071	240.64041
144.50822	245.65775
150.35849	232.78964
164.1995	237.1
127.82289	234.6916
160.09032	218.40527
166.84619	254.14981
146.01384	220.63745
160.86342	225.3228
130.8293	242.33401
151.30783	212.60603
168.04575	248.46724
133.8754	225.71805
169.27145	227.20313
157.27829	89.72038
154.85489	82.30135
161.59227	85.69429
168.02711	77.58408
161.06061	65.9857
149.33934	106.559425
135.53699	70.42808
169.12904	87.01064
128.7873	97.49758
139.2117	68.10283
163.41835	99.46574
126.49302	80.28833
169.40501	63.88703
134.37965	110.473526
148.11038	75.423904
182.89314	77.02274
135.41165	99.59044
156.30917	70.955154
162.90408	108.52936
119.922195	71.901215
173.17407	78.232475
148.65367	92.40709
130.03024	72.58585
176.21164	89.26268
141.70915	87.13704
598.9352	382.99286
589.47864	405.90802
593.5702	395.25955
598.1505	397.50458
592.40076	399.49393
593.05994	383.83746
602.7626	402.5461
585.486	398.15125
602.78546	390.175
590.2495	413.9854
580.414	388.1812
612.4712	404.58646
572.7228	405.82855
603.54987	380.9506
597.1722	414.7601
576.908	393.1029
609.2868	397.90762
584.10626	405.3985
587.49567	380.68475
150.40909	384.12686
135.29037	367.94397
146.08092	356.54645
153.90591	375.5604
139.63763	350.22165
157.804	357.99414
154.4591	361.48486
156.41742	347.51544
169.10257	370.5277
140.63185	356.22125
169.70178	359.55124
139.95883	382.67633
151.49377	346.5456
162.12946	370.86386
145.13138	375.43326
162.46307	351.45413
146.90364	369.7824
146.9802	364.13403
761.22363	78.2297
727.4368	64.52148
750.4218	88.75014
765.34576	81.99936
742.2011	73.61124
749.2196	61.51095
733.36676	84.377975
756.39905	72.55527
767.1363	57.106342
724.4201	89.57876
737.89215	49.651806
740.6486	86.64178
734.67914	74.615265
759.75775	67.15421
733.90295	94.341995
738.9281	57.14875
759.76263	88.62067
732.5504	57.767616
755.89856	56.01603
746.4029	96.92415
746.2732	65.1635
771.3313	67.931206
143.13722	474.34058
157.10245	465.9921
156.14313	483.1258
132.40306	476.42572
159.9614	478.01886
148.52528	476.85782
145.37553	467.82983
163.7272	481.29117
142.83102	488.1088
161.8365	470.925
154.80005	495.0136
139.54367	462.8834
164.4126	463.23285
148.63455	482.83942
150.77364	466.87515
500.48218	403.29047
491.63483	392.80496
502.08194	382.6363
488.663	420.22763
469.1955	392.9477
499.2872	395.29428
479.89297	402.47836
492.93814	385.5666
497.23648	408.83514
485.1416	394.72232
505.3228	389.23517
487.88617	399.6821
476.67398	375.81232
502.92392	411.32193
470.56732	399.91107
493.27313	380.59418
484.21503	408.70367
476.78598	383.46097
511.62857	394.81732
476.2249	409.38498
483.84296	382.27267
500.7063	418.0905
451.3991	84.67679
464.3418	84.485886
427.1494	104.75873
423.4458	72.10838
464.14435	117.62364
426.95297	116.21913
441.66595	79.250534
459.97916	130.84999
444.03116	100.60563
482.31918	84.06145
447.21265	107.53595
460.57364	93.85701
478.4461	104.498535
416.78473	87.778824
467.99884	75.36513
445.77484	123.673096
430.21396	84.545715
464.47134	103.48916
433.56976	124.715515
465.00262	70.316666
440.62555	118.39359
433.8689	102.32247
474.12726	92.33934
452.97906	107.89158
435.83365	66.2747
466.0727	126.88595
419.01498	109.75421
452.72812	72.29468
746.5674	401.3114
742.1193	388.04254
765.7306	391.72815
744.402	407.79733
751.4657	397.52283
756.17694	404.42453
738.82666	397.49106
759.85065	386.70538
752.8873	411.5166
750.46625	382.80466
763.0084	398.22238
748.34485	390.47415
756.59265	392.84137
764.5099	404.70526
808.0823	394.75598
831.819	394.73074
814.61224	409.88696
821.31116	391.81216
824.9077	396.39456
817.12585	397.78735
830.2806	387.60785
819.8016	404.4854
815.31134	388.1899
831.9302	400.8933
809.66815	402.8198
823.9279	382.0132
824.6577	409.66162
