491.06903	101.63745
470.52148	107.61399
470.16632	96.81556
512.7567	119.27193
457.45703	93.14476
482.86493	82.405945
489.7396	127.380295
465.77393	80.386955
508.1024	92.94782
450.82162	125.61394
487.82855	70.296936
469.9455	142.54778
454.45776	104.029724
475.5066	95.7853
466.3539	116.454636
478.86285	66.217224
503.04102	122.61318
451.17572	109.56323
493.086	89.52776
446.83588	133.62048
460.88068	87.81794
510.12027	106.53941
472.9811	120.15623
502.45917	81.70029
481.83307	134.6864
449.3769	87.63847
496.6643	108.25712
494.93896	113.64419
797.24915	44.091812
811.0031	70.24392
790.79553	63.623333
806.31775	50.50184
800.5285	58.65072
799.5106	51.94411
809.1564	57.001507
796.0311	68.90666
812.36914	47.4091
804.70337	75.62908
781.00793	67.58598
816.7694	51.799213
798.4852	78.33158
789.9268	47.200737
817.2967	62.107258
831.4042	408.88373
841.7637	394.28287
843.8755	415.37314
835.2907	401.32965
847.5648	404.83075
838.8187	409.20206
834.99255	394.561
849.41815	409.59985
827.15	398.96048
846.39246	396.98544
165.9147	99.96195
122.06698	79.50833
170.86469	83.23408
151.03337	94.020065
158.06909	84.65699
171.25082	103.82979
145.68492	65.878265
163.29266	91.62827
140.94745	76.77278
152.93945	63.303894
173.283	112.71216
145.4177	110.42025
163.08292	76.09692
151.7856	85.86969
155.96017	77.06724
180.94658	74.571655
130.24107	104.38274
160.26158	69.65529
170.98425	90.61955
136.39278	81.29558
169.83922	74.56993
150.79623	114.18181
533.00745	401.99344
572.86536	410.66046
534.57996	409.50647
560.55884	419.65143
551.19635	433.68115
532.00305	387.57794
559.66705	395.98013
559.03406	407.26535
547.5948	402.44327
570.7845	394.6917
554.82	415.60156
555.70667	383.59125
568.84515	422.27814
544.90546	390.78568
566.05835	398.75803
544.07684	404.58057
549.30145	376.13425
566.42786	415.76935
534.56177	392.94696
572.0768	381.6192
544.66974	422.52045
553.368	392.9342
153.49757	370.04034
147.85526	377.7156
166.63501	372.54532
162.00595	386.12042
138.1263	365.32077
171.51686	365.9407
144.58557	385.0675
153.93195	357.24457
171.08397	381.90506
142.3161	373.95032
162.60976	363.16193
154.51257	389.3179
149.72916	363.6802
158.67488	375.97974
656.6378	415.08112
680.34814	399.67535
682.714	407.2169
663.57416	401.84622
686.40594	397.17987
663.1407	416.0747
672.6212	392.06543
687.4295	410.39078
660.7354	407.2066
677.31836	389.414
679.26306	418.95834
660.02686	395.6441
669.62195	399.18765
670.0499	408.29425
662.74963	389.36984
910.3291	408.4798
892.4795	400.71503
905.7013	400.5739
900.0798	412.54208
896.52216	393.00217
916.54016	402.2705
894.13837	408.29315
910.87024	395.45456
906.224	411.99487
899.0755	401.8605
392.8089	371.28836
376.7737	422.67154
372.0829	390.04266
397.60547	428.28452
368.4615	410.6128
412.2448	374.95444
387.5931	414.5479
381.87567	393.71313
415.90927	416.49786
379.13086	405.04407
392.3341	419.1684
413.2653	410.56226
390.8579	398.93594
424.83545	389.42413
409.12012	433.33774
400.91623	366.1358
412.37866	388.6294
401.23364	404.01688
400.45892	390.78226
422.94928	425.9394
374.10614	394.73358
424.33023	411.52353
400.38306	415.18375
398.28748	395.839
402.4308	423.3466
369.36826	403.62494
417.62982	405.07306
150.8689	244.30301
144.42194	236.76924
153.82964	248.67639
135.02281	252.32768
173.02565	232.26155
161.40646	268.7202
155.96518	238.4947
171.97314	242.11226
151.32486	256.38416
154.49237	224.3281
170.74692	252.55583
144.72922	252.95145
161.29544	251.87224
172.48784	263.8107
134.89026	243.56229
161.91422	238.36905
150.42752	264.70038
161.79315	225.83603
158.1372	482.9112
139.14731	477.007
160.54024	472.1862
155.2825	478.93243
148.60742	467.59332
167.64464	495.23154
149.19624	496.4659
168.29048	466.38965
158.96054	496.75864
145.26675	475.7409
168.94357	485.25677
154.4341	492.115
155.34154	467.6748
766.7823	400.33704
751.18195	401.8622
771.0766	389.85962
762.3903	416.37442
753.46844	392.8661
779.8595	412.34576
752.6711	418.70477
758.76105	391.58075
768.7672	410.9041
761.3345	405.40353
777.1643	401.2966
755.0973	409.83887
762.20233	397.0521
773.86597	405.62973
