160.17854	354.2083
157.78305	386.7906
149.35745	376.68716
169.20743	384.88013
144.26926	371.09616
176.7436	383.0993
148.48068	391.92972
147.19138	361.1958
158.02931	373.86813
134.64459	374.0113
171.96393	354.31332
169.59161	390.80112
137.98795	356.98727
168.95644	362.56174
139.56532	387.46463
151.69714	355.75186
176.11661	395.01556
130.07495	382.95105
176.21953	366.4455
158.63997	397.885
138.38058	365.7823
167.44902	371.26904
149.5296	385.53937
153.2309	369.02545
385.18524	378.31155
360.18475	394.7082
367.36667	395.87982
366.15375	402.45715
375.82697	391.84357
371.42392	381.24823
353.85312	395.2846
375.0835	375.5573
378.67413	406.70694
359.98254	383.8137
388.85245	399.6592
353.77374	404.06146
367.42133	375.36685
381.356	393.54834
353.7751	387.27878
381.695	374.31717
374.45987	401.6662
356.3657	375.8625
391.74823	395.05563
345.5159	392.96118
380.3205	369.9057
373.04544	413.54498
347.7527	383.12445
386.4641	387.64288
361.73233	410.73682
359.9028	369.29965
385.73376	406.2239
814.9501	393.18567
826.1022	387.1516
823.49493	396.67938
818.7694	387.55865
828.5831	394.07785
814.1425	398.3128
826.32745	380.06213
833.36993	397.93234
810.6476	385.9611
833.39954	387.43094
820.11316	401.29962
818.3324	380.99634
155.67197	96.55737
144.38277	99.2318
160.66553	72.916534
159.22166	79.80089
135.06215	65.112495
168.75366	84.12267
165.11581	92.78991
162.2339	53.46225
164.00154	98.175354
147.0225	67.22084
171.125	66.75603
149.50563	100.833664
144.03716	83.808334
178.45926	76.24945
134.24214	85.49119
147.9626	47.25056
167.57565	87.833725
132.53735	67.85865
168.61392	79.49226
160.66524	103.899536
154.6339	58.644543
180.75906	87.0644
139.60971	78.10401
163.67268	63.479023
134.60954	96.70411
141.95604	60.118378
178.34526	64.29654
488.8122	393.74826
480.01718	382.33185
488.36725	388.1834
478.95987	397.4333
507.04654	389.6253
484.71085	401.49518
475.19684	382.04907
493.2462	386.10568
470.16925	392.50134
486.05264	371.87302
485.6584	408.3388
475.31503	394.41107
511.49673	385.25754
472.93204	400.95322
495.12836	370.11014
509.65137	398.4623
459.617	389.39117
492.25214	375.15704
491.53506	408.04333
474.08466	372.70602
499.3653	400.01892
465.37857	401.93344
503.85858	375.3943
500.64447	407.43436
467.83673	380.1165
496.55655	380.76666
485.24933	413.84088
686.25525	381.22223
709.26685	397.4944
677.8648	394.07755
694.4019	390.84354
695.2281	405.04187
687.58044	388.3105
700.4143	385.412
683.52747	405.89166
695.9521	375.1382
702.7619	397.10114
688.45233	398.94037
708.9061	382.3028
697.3462	397.15967
690.05725	375.6415
710.94037	388.59436
683.30493	394.1712
701.74567	378.8603
702.3633	406.45273
678.78174	384.2273
741.97125	76.22424
741.9089	67.1974
734.16956	61.42312
755.14087	78.50953
727.1463	74.07701
748.81696	70.5739
731.72156	72.95953
727.4459	54.859997
762.224	73.29561
726.80884	89.9255
746.3563	46.61538
750.4461	88.70624
717.6404	64.273796
767.0028	61.33303
744.12756	89.35116
733.23114	51.13239
767.83777	88.73805
719.44946	79.17804
749.4869	59.577374
734.7243	82.432144
727.51575	67.92323
759.52234	62.61553
738.175	93.46742
743.19904	54.78913
755.37067	90.69489
140.59401	224.89009
172.95476	206.65878
147.3992	228.73491
155.8241	231.35103
168.85338	240.36504
151.04706	238.18332
166.97878	217.26143
147.00395	242.37138
141.76987	209.00186
180.27713	220.25432
152.32596	257.93243
151.76833	220.807
179.09833	245.32751
141.60916	253.87659
161.69336	211.97586
160.15628	259.3979
131.9448	222.37561
162.50198	229.30136
140.03299	235.91843
153.99043	206.79143
163.5304	244.39876
133.90648	240.09958
180.44801	232.26208
150.12755	247.89053
141.71329	219.42612
174.65901	227.57492
430.2828	97.32178
469.60724	91.414505
460.7021	119.59739
425.65543	72.485245
433.71313	73.46386
455.32904	92.1832
435.47272	104.284584
477.8421	90.839806
422.90033	98.16006
462.97266	82.49938
453.0109	110.30985
454.84515	66.69151
438.06778	92.730415
440.08652	108.60347
463.71265	75.19307
459.5392	111.87632
439.29266	86.17218
469.55966	79.57291
448.99237	102.957375
436.9477	62.163902
469.22235	108.18182
427.49033	116.43022
467.29962	66.65605
453.75592	119.93323
447.77628	72.97331
454.4977	79.37307
434.8183	122.33655
439.2215	68.22135
160.02231	500.29718
158.25552	487.6123
160.51892	473.3117
166.52574	491.99405
144.14677	477.89648
168.59787	486.44843
143.21681	495.56592
156.69324	478.16278
148.57047	503.0118
149.3004	485.41446
162.38985	481.7312
153.04008	493.91406
152.88887	473.5152
168.592	497.91812
142.24863	487.35068
766.7866	387.21664
765.102	394.98914
753.6467	385.7376
776.0575	392.40503
755.3199	399.59433
768.38	379.44464
772.2295	403.74054
760.89124	389.85498
778.41876	385.52747
762.68933	401.79068
760.8336	379.88217
775.3788	397.4356
754.2283	392.03705
773.5851	382.06683
613.58093	398.2991
590.5829	390.02887
615.30066	378.75372
579.30286	397.53583
599.9312	373.49182
606.9522	389.61667
591.06744	396.03253
603.7021	376.50146
596.1051	407.5313
585.67584	378.2138
601.22174	384.69955
604.75055	398.92337
597.59875	393.75986
608.3009	406.04373
595.2974	380.96353
622.40686	387.3369
587.4784	399.90973
591.3408	370.7844
617.0459	405.67957
577.01575	388.55597
609.36633	373.65652
607.5834	412.2645
582.8358	388.31967
616.25116	391.07907
584.1772	405.83456
