736.43964	123.04796
731.65826	128.23845
731.1088	119.6579
737.7185	134.35551
724.1746	123.339455
744.20764	122.673386
731.16064	135.47142
728.63336	114.51001
743.81335	129.5812
724.7488	131.72102
739.26373	115.66646
371.20502	390.5434
363.4473	373.09027
378.07108	373.05878
361.8117	378.37457
371.0317	374.60684
374.06647	381.12576
356.83405	379.97644
369.84454	366.37344
365.56546	400.28516
353.0359	374.545
388.39825	388.47968
361.6549	387.5311
377.23398	359.3983
380.753	398.5589
347.2365	378.2368
384.85004	373.8101
358.5515	397.88214
356.49017	365.26703
388.32697	376.38013
347.06317	385.36307
381.89575	365.65167
371.51242	398.80258
351.93344	360.76434
381.90256	383.8979
355.7614	391.20618
364.324	363.8238
378.9307	391.76312
720.19147	56.698467
736.1898	38.244
735.56384	74.78485
732.19446	46.402626
730.76935	54.659393
709.4999	56.20929
746.42804	37.90013
741.171	63.949165
724.4994	37.215725
741.8439	44.454144
721.51074	70.96732
728.7235	35.261784
741.5791	51.048737
722.13354	50.824554
753.17993	39.29584
748.7879	73.25314
722.9604	32.258324
753.4832	64.563
722.2995	63.01835
743.35297	32.592583
746.92834	60.407825
725.03424	43.612877
752.6897	45.898712
729.71515	66.83943
711.11487	44.25463
752.34515	53.71644
746.0448	377.7215
762.06226	369.4007
757.7575	387.58932
754.6146	376.52386
759.50366	378.35114
748.8023	392.08124
753.89264	369.367
762.93756	389.79376
741.0636	376.414
765.89465	375.78265
752.879	389.20087
747.46606	370.43607
764.2396	382.51416
744.8552	384.84482
165.07516	533.2875
169.36551	558.3777
153.01863	544.28015
172.60481	541.67725
164.55396	552.7504
163.76947	541.9611
175.06252	552.9049
158.83029	548.8241
169.01714	537.9029
156.63992	557.5953
156.11386	538.3844
173.87769	547.9243
152.2656	550.81213
515.5881	386.88562
524.8045	387.09467
519.0056	371.08746
517.9525	376.56403
516.18085	399.07306
507.35516	373.45627
526.4579	381.22574
516.40295	393.08658
523.17804	367.07224
519.0395	380.37695
501.4798	372.70102
530.23315	377.2837
507.63184	393.07605
518.38336	361.7113
537.31525	385.0908
507.3524	380.38254
537.2925	371.04807
524.5945	398.24994
513.07416	367.9724
535.44446	376.4437
504.79388	387.63284
526.4852	362.63333
532.9637	393.30856
780.7186	378.6355
799.5978	375.46286
786.9861	390.26544
789.02155	374.8673
798.9391	385.8069
783.3854	384.6226
793.6217	371.32184
792.4107	387.05026
783.4156	372.52396
794.48395	379.90176
446.4872	88.73529
461.38428	82.548615
482.94	79.57904
435.12433	96.98531
437.89575	63.50187
438.68506	112.75796
419.5327	74.80347
455.5302	97.07951
435.3078	78.19805
462.8636	50.085457
475.49805	86.39454
434.17374	69.21206
457.3021	60.41212
426.45663	91.09027
445.03656	60.902336
454.66837	109.44115
442.19263	71.34236
477.58887	68.70801
452.33502	81.47284
430.62335	64.816444
463.88892	90.87464
428.9851	104.33396
461.04688	73.215706
461.02866	101.35167
416.05682	85.72389
475.90375	73.89546
441.0595	92.3878
454.40048	53.606457
469.07416	74.14024
432.4186	87.072426
157.9006	261.29703
175.1691	265.3293
156.92062	246.73853
175.03061	250.42358
149.93076	259.4046
174.30121	241.09724
175.01804	259.16608
145.79185	248.95573
165.17593	236.49097
167.1928	262.887
151.38237	240.503
165.4981	256.3636
155.73067	274.09628
162.85068	247.47537
173.0512	274.20935
144.55545	256.47943
182.36192	254.93706
163.5435	275.49164
159.46779	240.66924
184.53549	267.78412
146.23022	266.89606
179.4882	245.30249
164.55457	269.68536
443.84637	378.27985
454.95694	375.85602
442.3542	387.0497
439.96255	360.09344
454.2762	392.9278
425.0727	378.20566
466.78644	369.96872
432.99127	395.51065
436.9677	367.07764
456.86676	384.95087
430.57977	384.80582
449.30072	374.62677
449.62286	382.98306
441.8243	370.84885
462.54648	375.76398
443.50797	395.0268
448.5915	362.13312
465.61694	390.62677
433.85434	374.68552
460.05356	368.6364
451.5332	401.58768
426.63126	372.8249
462.9187	383.9515
429.5529	391.826
452.73883	366.0323
459.8268	396.03748
158.6655	488.32553
164.19768	487.99152
163.81348	496.0327
155.93521	479.42926
173.15996	494.36572
149.15417	496.57022
165.38243	477.4738
166.21657	505.00287
152.3032	484.2347
180.0682	493.96332
159.603	499.61563
169.14407	482.78687
170.111	498.20135
154.60995	493.77887
173.75961	487.819
710.2459	384.6021
702.0436	366.9052
719.98865	381.81778
704.9686	379.9093
711.47253	378.5025
716.74634	388.97345
696.9698	379.83707
712.9125	373.18933
702.3749	390.13953
709.1502	368.7681
723.1532	388.72662
696.5873	387.02518
716.9053	368.17902
707.8127	391.73245
701.0594	373.76617
723.0736	376.01196
150.32059	168.14131
154.71277	151.3463
167.91505	172.5638
167.6424	160.0904
170.60995	144.52539
157.5653	173.3793
168.52863	152.78348
178.58621	157.18716
139.99426	154.99973
167.69482	135.64528
171.27448	166.03822
148.30504	157.18767
177.55893	140.80331
151.87592	181.83353
164.50174	143.45801
179.84874	171.92897
154.04147	163.6652
183.08574	144.50366
161.1872	179.93945
156.13004	138.66441
187.71744	165.65384
143.94719	163.6045
161.13004	155.93886
172.67549	179.33427
145.42834	144.10373
177.57693	165.99113
585.39154	380.61115
593.5565	386.64026
605.2162	388.44452
571.7648	381.0357
588.1476	370.41766
587.4856	390.0699
579.9567	372.08765
603.00885	369.7308
573.34827	390.44672
589.90393	376.79718
600.33655	395.91315
578.3512	378.30988
605.12244	363.92673
587.8998	394.96808
579.6804	364.7222
600.0626	382.84387
578.99384	385.36392
595.0524	367.52664
594.2826	393.38812
571.82434	373.77786
599.81506	375.4522
582.25146	398.66678
587.9776	362.4638
177.39108	359.231
166.65688	340.55862
168.89938	333.33185
168.54947	358.90396
149.72954	332.33868
170.54529	343.62018
149.3304	356.61932
157.4473	339.72357
163.78282	353.28424
148.35513	350.76816
183.5158	336.2698
159.92812	363.93207
156.31288	330.38568
178.6317	350.30588
157.55763	347.31717
176.3591	333.1961
168.55417	366.1669
146.16196	341.72552
178.82202	341.9598
154.56468	353.34152
161.13454	326.61273
171.58646	351.9629
151.17184	55.15928
170.46933	44.345863
163.64201	67.948524
156.0364	47.623226
177.88509	57.216717
155.06323	61.722614
168.63364	34.428154
176.07352	63.47236
173.74768	53.95484
182.56447	39.356262
157.7304	69.51034
151.54442	31.962595
160.0488	53.987617
143.61887	58.98219
176.3616	42.170357
165.38339	75.214066
165.02876	42.502983
191.60649	61.309196
147.94083	67.319244
155.30623	38.440968
172.8376	77.004135
146.53677	50.13319
175.89987	31.125265
173.17366	68.55849
149.32938	43.02628
183.33646	58.05462
137.33519	55.620605
175.88094	412.1586
167.76567	439.05582
157.91457	420.74585
160.48177	429.27997
147.77406	434.19305
157.68086	412.11728
172.74442	430.8474
151.51366	427.87924
169.89655	424.0291
168.0182	431.59872
150.62811	414.7408
180.70303	424.03217
157.6015	433.19937
167.46658	409.02377
177.60146	434.527
150.40219	422.30524
175.09473	419.99835
158.40622	441.92276
645.6117	363.6612
667.7646	392.946
642.4944	380.83215
653.1107	376.39618
657.63104	381.46747
653.8777	370.00055
660.28357	375.1929
646.80817	397.31396
653.28406	364.61853
660.42786	387.98706
647.609	379.9655
668.34094	368.58026
649.3688	387.77652
641.9846	370.19217
668.25977	382.27222
642.8316	389.9451
662.48486	366.88452
661.7203	393.48898
636.2974	379.5086
670.994	375.6068
653.90643	394.04025
