160.49628	533.1746
152.50633	540.9788
160.88919	525.6414
165.78331	545.5579
151.85394	530.34314
169.54984	532.8576
159.62267	545.9826
154.39816	524.7974
167.87346	539.3036
150.083	535.4219
167.55502	527.0522
795.98035	386.75876
786.871	382.53772
803.5002	381.5706
789.6968	389.81323
792.3587	375.59
799.64453	394.28482
782.9896	387.73285
798.33154	375.75113
791.48846	396.5171
786.18994	376.94382
803.32733	387.08856
719.39233	61.326317
742.02356	57.70929
730.8039	58.44383
724.42926	54.46702
751.9437	57.414326
740.01807	66.276474
737.02606	43.49135
760.7296	56.117744
714.2652	51.476044
749.3326	43.65864
744.44415	73.820694
727.5178	35.100075
749.2003	49.878788
730.3688	73.08036
730.1184	49.51094
747.1366	63.363758
720.2548	44.61755
752.4734	35.884995
730.7615	81.62238
734.8493	34.00769
757.15466	47.20127
723.3816	66.745705
734.9049	40.155437
753.69464	70.08219
155.46957	354.93533
169.3937	345.0285
159.71333	357.9289
161.03346	331.0339
164.0564	347.84625
148.15639	350.0519
166.48946	338.98764
163.56464	362.15497
151.40831	337.43375
168.1427	354.13177
147.94193	356.14932
156.45164	341.82648
175.1287	357.78738
146.07828	343.8542
175.0566	342.54288
151.49481	362.5502
158.51125	414.99936
173.69777	422.19077
146.48782	422.0656
166.40707	408.1727
162.93295	419.7364
154.03386	418.25488
168.69882	416.52124
152.75647	424.9213
161.38033	407.7092
165.63152	427.76923
155.18225	406.97293
173.49829	412.72476
158.4935	431.68805
147.0597	411.61783
160.38388	179.80264
139.29941	183.02603
162.95213	164.14499
168.89148	167.60352
137.77324	165.69905
178.8625	183.37405
146.35988	198.48392
161.32336	155.07043
168.48918	183.3463
145.97412	176.48743
169.04346	158.76822
151.34706	186.62172
156.27866	164.72086
181.62689	172.64497
155.27164	193.86641
147.21172	160.76059
166.52182	197.85129
147.982	168.40085
173.38435	169.3517
165.78595	187.49916
158.44492	174.54109
174.173	195.17297
146.8632	187.59302
360.45938	379.22345
367.41785	403.7624
374.65485	383.08014
363.04056	368.91254
367.71545	395.1468
355.0113	385.87466
374.75076	390.61005
358.21948	394.16925
379.73523	380.82217
366.86688	382.71313
353.09937	376.8594
386.36493	382.76242
350.40594	389.6868
378.19568	368.79697
376.7756	398.6473
354.3369	368.11795
386.3992	376.9132
355.68066	400.7855
360.5627	363.7845
382.06973	394.32123
346.71588	394.29187
382.22284	371.05225
375.01813	406.54413
343.54694	379.98343
387.7472	391.6081
356.17755	406.59485
364.21075	358.37057
763.14154	390.82794
748.3314	382.8691
761.9291	377.6806
751.8622	390.94043
751.545	373.98816
755.59235	385.1164
742.8864	387.50052
756.144	377.22916
758.1869	395.32117
744.473	378.17166
765.14734	383.07098
749.4879	396.28082
531.93896	377.3437
538.40924	399.32068
519.28925	382.95413
544.789	385.16034
538.3196	382.0078
527.3908	373.17273
557.474	387.9107
531.55945	395.6604
539.2955	375.74725
535.75604	389.29153
513.52435	384.1887
547.0093	374.27725
528.90765	401.16867
524.56323	367.3399
550.9841	393.1648
519.6759	390.5573
538.2144	369.5798
533.5848	404.9653
528.3071	385.81967
551.7337	379.69006
524.58636	394.2083
545.27655	366.68335
545.2333	396.65143
698.67236	385.50696
716.1146	379.61514
709.6064	394.87408
706.31824	373.4506
714.73615	387.89957
704.0733	395.73956
714.61804	372.50592
716.3395	394.32404
700.92456	380.51047
722.0517	382.4079
707.15906	387.30548
709.8401	381.76736
722.1244	389.78845
442.19287	93.99285
460.7766	81.62628
473.8244	67.15225
462.23895	60.361046
451.13678	97.71136
425.3373	101.66989
425.0818	60.45805
460.90997	103.638565
452.18692	88.32301
479.513	76.34644
455.2692	108.63949
440.3388	51.46223
476.44244	103.52223
412.4568	91.1182
448.14276	73.133896
439.45673	98.56164
431.3309	90.37224
466.4759	99.288284
439.41968	79.48904
428.23495	73.1823
486.79932	85.27809
427.47345	66.73637
453.25238	70.09255
444.15436	107.84868
436.45343	69.973595
473.68808	91.53056
436.73102	115.21814
465.11783	65.33603
476.32022	117.10066
415.13004	81.373
168.93529	71.11046
154.30699	87.181625
159.92099	53.080616
176.81271	73.50001
140.45473	75.46734
161.6503	39.947456
157.20763	79.676895
147.67966	56.446026
166.55933	49.74896
153.12714	53.156868
155.96341	47.03227
158.17271	63.387188
142.60773	63.9381
182.60957	58.2222
173.20642	88.41658
145.34624	44.36123
171.9408	61.463196
149.49611	78.056244
180.04984	52.18156
164.86215	82.447556
135.25813	62.364796
180.2374	67.88389
154.57156	65.868126
155.55922	41.782173
187.05728	70.25105
128.09645	62.302635
173.55194	38.557037
162.63441	286.1878
145.34238	265.0254
171.3055	268.63187
152.24304	271.50262
162.4751	266.64694
170.44815	283.72797
140.20273	273.81802
170.35129	260.06055
150.49324	284.523
160.5944	250.25467
179.79684	276.948
153.148	263.9644
164.31367	252.72128
161.11008	276.8153
161.2734	272.45538
172.49069	277.19318
147.98491	277.48956
152.93513	257.71368
838.91064	387.53647
819.93933	386.15396
838.66327	380.32892
829.8553	389.5084
822.4788	376.45535
832.2129	382.95764
824.2121	393.46817
832.104	375.65836
834.11096	396.07114
825.3506	381.6139
673.6198	380.8194
657.3374	393.6264
663.7152	371.5951
675.1022	390.47833
652.5947	385.99893
669.8212	374.16846
666.43713	398.01047
653.52045	379.36908
669.9634	387.47327
648.1312	391.0206
658.85504	380.66855
662.6238	389.9093
646.2086	381.54462
665.3607	383.3382
657.8453	399.7639
656.54114	371.6671
465.88385	393.95706
436.45963	386.3551
455.7894	382.69318
458.62762	393.75427
440.19345	376.95486
460.4643	383.81064
445.89038	395.68414
451.6148	364.1834
474.37027	395.13373
451.83862	385.5313
468.74774	369.67087
451.59512	397.43304
447.54077	375.49738
469.0005	376.23117
442.04257	402.60132
450.796	370.54495
465.31796	400.859
434.642	381.3234
473.5926	383.88977
457.80975	407.06857
439.91504	369.1828
470.4319	386.55115
436.61407	393.42682
460.8659	371.35126
164.189	494.927
150.14185	471.72803
163.98872	476.74902
155.66995	486.4774
156.83092	478.07806
164.95804	483.1378
149.19833	479.91904
171.28969	470.9095
161.36884	488.41913
158.16168	469.05283
171.93698	481.9266
149.24629	487.50766
162.97913	467.602
605.74963	389.34988
596.21466	383.98056
601.32825	381.90894
599.1709	396.71332
602.8989	371.6199
607.3839	382.1673
594.4623	388.81042
608.6034	372.14447
608.5067	400.61896
595.87494	373.34964
621.40314	384.18716
592.28894	395.0921
614.7217	381.4757
615.4507	394.24207
588.61365	382.6268
614.5239	373.60016
606.96295	394.68732
