184.21484	402.48535
181.45175	423.55487
175.64796	412.63266
172.88066	416.59286
164.26907	406.59784
189.39706	410.27057
169.99217	431.31958
172.26775	407.98642
190.76944	419.9354
159.3379	422.1577
177.72952	401.49347
177.34085	430.2145
158.85815	413.13437
183.57108	415.99542
162.00198	428.8024
170.09514	399.96866
186.48512	429.53278
169.20663	422.19928
176.27011	155.17928
165.84444	153.63528
178.31686	148.504
175.23915	164.72546
166.33833	141.62999
188.10179	146.22305
186.1188	169.41118
153.34654	154.60692
188.51749	157.71921
172.4881	168.8673
171.31094	134.40697
182.3552	163.2511
168.14658	159.91371
179.40482	136.53601
178.11598	173.205
157.34906	145.23538
192.14964	150.295
161.84244	166.34854
171.65498	142.02269
194.65182	161.57613
162.89308	151.57637
189.68552	141.83165
165.50064	177.70233
626.94946	374.63852
619.05505	377.10834
615.058	384.84027
631.831	376.605
633.81165	386.96732
607.24426	372.78024
635.55225	380.12
625.5685	382.04034
613.6739	364.38153
638.3514	389.4107
609.2788	387.69342
633.5675	366.56323
623.92957	388.4308
619.38995	369.84875
641.84174	379.30237
615.41077	394.20193
626.47034	364.86688
633.3536	397.63965
611.09094	379.20084
638.9122	371.43076
624.33606	397.39658
395.2069	375.64374
397.89417	393.99115
390.45264	385.7094
400.43533	366.84586
381.6548	390.93698
375.92923	366.82916
400.51132	381.52493
379.2339	382.76865
381.84467	372.67978
406.73615	380.1458
388.20255	379.63593
402.8687	371.16992
400.859	400.37708
384.51657	363.7952
412.003	380.56943
375.4014	391.8971
394.60083	363.83514
405.7573	394.66098
374.46915	377.9606
409.0132	366.67593
381.7194	398.53827
390.1613	358.78204
411.76987	389.09048
370.00272	387.7591
402.6809	360.46207
392.1037	400.21246
170.28844	483.8025
180.54231	481.66284
176.43503	484.37573
171.98386	473.79346
179.92168	492.115
165.97835	487.85147
181.61194	475.0655
170.80771	499.35425
166.00072	470.16534
187.40971	492.37836
165.99716	493.84515
178.77449	469.29254
176.46182	496.8435
162.24182	479.59238
187.08943	482.11835
880.05286	388.65332
883.19666	374.3378
891.6963	387.20273
875.54675	378.25607
892.43195	376.3836
885.19415	386.66788
877.19055	371.95453
889.36475	381.13287
874.9169	384.04218
888.6305	370.91888
756.79706	385.99896
747.3572	377.2568
760.0091	374.3281
750.95886	382.75223
749.2843	364.7976
763.55493	380.25446
746.4417	388.54034
757.6347	367.03458
755.84674	393.24734
742.7505	371.53824
769.07715	382.01746
739.26917	386.8075
750.17163	372.46094
765.3197	388.66986
740.4519	379.4818
766.54175	372.43976
748.5134	394.48315
839.7555	373.57526
854.5006	382.34787
840.3368	386.79926
849.57043	374.6036
847.98846	385.45065
842.9308	379.4458
858.8589	376.81448
847.6024	392.4532
844.7637	367.22794
855.23615	389.13672
836.424	381.45233
854.27814	370.99667
805.21765	383.2866
791.6386	376.95554
810.04584	377.56125
793.15515	387.3493
806.511	373.45215
812.7103	388.76227
798.6227	374.80487
816.31946	375.04688
800.5267	389.57733
799.33875	368.25296
816.3988	382.9273
797.4696	381.76453
810.11646	368.166
806.5997	392.09262
162.60178	231.28177
191.12685	241.79216
170.13141	267.19916
170.47168	239.71468
183.5057	262.33707
166.1128	242.50912
183.05515	242.08687
177.19295	255.99837
171.26326	227.22937
175.36827	247.88062
160.87206	264.01544
178.61708	233.08621
191.57813	258.66714
165.80531	247.82365
191.56902	249.8355
170.58844	250.1368
172.98138	235.56235
185.81055	249.88301
159.83199	252.26968
188.59935	231.34851
176.18076	261.3521
156.92651	246.68149
184.27736	337.79486
161.37003	347.5801
179.01566	332.84387
179.37938	349.26538
166.5702	329.4875
191.80301	326.43665
168.99104	344.32208
168.33002	320.7691
191.19618	342.00885
156.0814	339.21045
174.06839	325.6645
175.34488	339.9477
158.19931	333.75906
193.19934	333.47626
174.82805	360.39633
179.02058	318.2466
183.21078	343.2194
169.97409	336.8249
182.02054	322.9737
167.18927	352.73495
163.16196	322.5176
484.53094	89.74278
459.875	92.06398
458.22592	65.965485
500.56665	84.51947
467.49194	67.983086
463.03555	85.97181
482.62994	73.19557
489.64175	89.61881
505.52106	95.489845
446.32242	99.34543
479.47543	62.112915
473.35992	83.728874
453.38617	65.770454
500.54703	71.71574
478.43756	96.48523
474.34247	65.22228
495.94183	93.84941
458.88226	101.017044
496.11896	69.03179
457.28766	108.07054
462.81485	57.08783
509.27597	86.08301
447.29385	72.663635
483.2597	55.679253
488.36792	98.22914
474.37335	76.562485
504.74594	75.13972
470.87323	105.511154
491.6809	70.00878
185.25247	546.1183
162.22348	543.6265
178.0533	531.54083
176.9119	555.11176
164.92625	534.65356
188.99023	540.9837
165.934	550.10156
170.96017	530.8996
178.64513	547.1715
168.25883	541.0863
181.74968	535.97864
173.15683	549.4701
174.84714	541.43066
181.4251	75.64534
152.3295	63.288532
180.44655	46.952217
179.03146	52.483498
174.542	46.167885
186.91344	59.19245
170.23438	58.96043
173.41444	36.225273
180.81042	64.30508
153.4726	40.7007
188.87936	46.446487
161.18967	71.874504
161.20012	37.439842
189.90648	51.172638
158.79854	65.33809
179.47243	33.922176
191.57196	67.49104
164.2966	54.29885
193.40591	46.255634
167.8925	78.125046
189.96725	31.73887
193.70547	59.733437
157.0638	52.084106
188.60373	37.402493
176.16649	67.9669
151.3981	36.086594
791.0558	40.132942
781.5221	42.338005
779.59283	26.309956
798.58264	58.85494
775.85077	60.176525
796.1935	36.251125
776.416	71.94914
781.0947	36.356094
782.75305	54.79065
785.04535	59.7842
786.84766	30.880894
793.22125	68.385735
778.9355	50.809856
793.72516	47.747154
765.1124	65.76206
769.69324	44.15229
804.508	51.103615
762.9718	53.443665
802.5301	44.013355
787.95935	63.20986
764.48206	43.107872
791.72485	53.826874
771.249	52.07962
769.44025	34.62577
702.66327	394.1918
676.12146	379.22565
708.1754	368.10858
687.37537	388.9311
696.1672	370.6955
693.08636	387.29996
682.59973	383.0352
695.8058	362.69366
693.5456	396.03314
677.4289	372.05496
708.8605	378.22488
685.11365	394.793
699.5299	374.05695
705.20935	388.07907
686.4891	373.4096
703.72284	377.971
691.11487	380.18402
682.88666	367.1197
700.48987	383.53693
676.2598	387.11493
558.91675	376.7917
557.74054	385.39508
550.02814	378.1787
573.98193	378.15094
548.6006	391.7498
543.8434	362.7365
566.19464	389.54852
542.3067	377.15765
558.4194	370.96582
546.82043	398.8631
533.2814	375.9267
567.1068	377.6155
539.55994	390.25946
551.88696	364.16187
553.85455	398.0348
531.8172	382.50665
563.3402	367.64767
550.7748	385.18515
542.1995	369.7469
568.91437	383.90866
540.6757	384.01938
557.22437	361.19586
561.8583	393.0954
464.50946	380.47247
482.96344	391.54956
464.63907	396.63367
472.32748	361.09174
488.82098	397.06708
459.225	368.12164
494.23325	370.0117
470.62305	379.75275
471.5565	367.24173
487.57578	367.9006
469.42905	391.41452
481.8129	378.66788
475.2023	391.6971
458.57147	378.49213
480.13483	370.16235
478.55707	384.2748
473.99884	373.629
487.5349	383.89487
459.03287	387.13107
479.74234	361.16562
475.56454	400.13437
464.45978	364.64972
493.6142	385.96597
460.5229	391.57404
