158.40367	251.00821
169.00706	264.55817
161.75883	238.68233
175.84787	248.2468
152.10219	250.73318
179.73117	242.05974
159.80005	263.31616
158.55519	235.31442
166.0579	240.64848
161.49463	256.50937
183.761	237.87125
174.68735	264.17404
155.08989	243.67935
186.54517	248.23984
153.34465	262.51315
169.535	233.38547
183.31528	258.29538
147.17107	244.78897
171.94385	241.34048
170.78673	270.8979
157.17372	229.8897
176.18587	254.18655
147.26173	256.79535
756.15515	372.5022
757.119	380.0036
752.1319	377.77933
765.85803	368.19968
757.55707	387.53726
753.4778	366.147
767.9906	381.6374
745.6342	379.60278
759.8991	365.9512
764.32117	386.36282
746.71936	371.22116
767.5473	375.63324
751.0612	385.94464
175.77629	331.768
163.38678	336.67517
164.73244	328.88116
178.952	323.1367
162.9367	349.76227
159.0856	322.16974
172.8476	342.77313
158.18814	341.72433
166.98056	322.05447
167.96497	346.4422
153.65015	330.7681
183.18553	329.24594
166.65445	353.92258
157.1567	317.02228
187.34525	337.49872
154.40256	336.42145
173.18982	319.07925
173.43007	352.54987
148.73831	324.44574
178.94931	336.21042
150.85233	343.51563
660.7284	376.29706
654.92456	386.17346
643.51404	374.1717
660.82855	367.21722
654.25696	376.09668
652.43915	370.80048
661.5029	383.0302
646.6512	381.0653
659.4727	358.2014
665.8361	386.06485
645.0699	368.65253
667.5027	373.99042
649.87616	391.35892
653.7488	363.8134
671.63934	386.4223
638.98724	380.1479
667.7707	364.85922
659.0166	393.667
647.21423	361.11053
671.8464	377.56796
643.1955	387.0335
163.57985	146.42332
165.26297	169.68161
146.96802	144.7478
191.29318	143.11073
148.92715	157.34514
162.21011	137.40887
186.03214	155.67497
158.08969	170.34677
173.57423	142.34177
183.33098	172.46954
160.92006	155.89978
175.06412	157.95271
151.70828	171.94823
163.59204	133.48593
174.2371	163.75522
150.55234	152.74583
183.36838	136.54752
162.84012	161.3483
156.62674	147.48232
184.4836	167.09143
150.19296	163.16711
169.13095	137.5899
173.73303	177.93472
151.8041	136.2063
185.23518	148.88202
156.74911	177.0513
594.8053	376.1092
600.6987	382.75174
581.09753	378.92487
594.4923	367.39044
597.6769	388.27637
586.6461	381.27234
601.04803	371.3974
576.661	387.93564
591.3423	361.42682
609.5939	383.83234
585.8661	368.38785
607.48914	367.67072
582.1565	387.03525
578.44403	364.44763
607.3688	377.98856
574.66547	379.9302
599.35657	362.1234
592.2851	390.91263
575.78705	369.2588
609.3496	372.8511
588.3339	394.3363
586.6551	358.2943
602.28973	392.0455
361.3606	373.84003
379.92868	363.11646
373.38055	380.83786
361.13278	364.89822
390.08643	380.54022
368.4658	385.47726
371.53546	371.95248
379.80563	397.555
357.22928	370.28445
394.02252	373.62665
351.47467	379.96887
372.63147	360.5514
380.122	378.37418
362.4401	382.66452
387.8922	365.60468
377.35284	389.88776
349.34354	372.34763
376.22528	369.54886
358.28583	389.2102
380.43387	357.67233
383.32962	390.46634
356.17975	378.63992
384.78613	371.39203
367.19672	395.40854
367.09772	356.46674
390.7268	386.76196
353.12823	387.4693
173.52934	39.474724
166.49588	41.728004
159.07419	44.99424
187.9405	49.078304
168.86433	55.319237
168.86328	35.31668
165.97171	64.46199
161.63028	60.461956
177.18387	46.856606
171.06032	81.51841
164.77745	53.018696
174.88924	53.84031
149.01228	59.489513
162.17465	29.309137
174.19724	70.89613
142.34981	50.762524
184.90616	39.949966
156.40924	67.16533
154.14023	30.838648
187.75827	61.83982
150.17851	50.69848
179.53146	35.604904
164.2601	74.61666
152.0261	44.730946
178.88216	58.727215
150.84964	66.469406
159.97598	38.807583
803.31635	382.8134
781.30194	373.42938
801.99054	368.82816
791.23083	380.3128
791.0978	372.50098
795.7455	377.83826
784.5167	381.37827
796.3096	368.13193
797.9444	386.65015
788.64124	367.2519
802.93036	375.49194
788.9332	387.24777
713.257	371.33765
720.49207	382.752
701.4849	379.7266
721.1336	369.4741
708.44995	377.367
698.7368	368.06366
718.0098	376.72528
708.963	386.46304
714.5033	365.91425
721.2295	390.58163
702.17487	373.03302
727.7013	371.4054
705.4889	390.89572
706.15686	363.90387
727.94666	379.6563
697.71063	382.80145
721.6251	361.02106
714.9137	387.7962
717.28796	61.62147
739.40857	49.35541
722.6522	68.826004
734.87164	30.938623
751.27325	66.04219
712.5906	39.010838
754.85583	44.94273
730.3905	39.17399
720.02997	54.243095
729.3014	47.249607
729.11395	61.766846
738.8902	38.82786
734.3774	72.24452
724.4145	27.699589
755.97174	51.814125
739.9991	63.85917
720.81213	42.784176
753.9794	56.549877
710.5846	60.221718
741.99304	33.05609
724.2116	74.19735
717.60803	36.850574
732.0575	62.09432
713.7945	68.08487
745.4508	45.917057
744.4901	57.89289
710.07477	49.486538
739.1709	114.78512
729.84784	131.99646
727.61066	114.98958
741.4343	127.33057
724.36536	124.91835
733.3029	117.13273
736.6307	132.23933
723.00305	118.73152
736.7284	123.53402
723.12805	130.15746
531.08167	371.16803
529.93756	381.6945
515.4437	377.67288
530.61884	364.32925
521.9346	380.28366
518.29675	368.37848
523.81433	373.93964
511.64276	389.16714
528.44226	357.08347
526.6156	394.5511
513.31836	368.16467
542.14795	372.65912
517.2428	395.6448
518.1615	357.00104
540.7011	385.9009
505.4977	382.2193
537.60016	366.0583
532.5715	387.6955
507.7102	369.2561
537.55896	377.23996
519.59143	389.14246
521.56775	361.96005
539.4707	391.0486
506.28534	377.17526
171.48177	531.61743
166.65665	544.8705
160.76639	528.58215
178.71674	543.1349
153.74133	545.09607
168.44492	537.1928
167.81264	553.42834
154.67793	535.3773
178.50061	535.0326
160.43399	547.5563
167.25266	528.0824
172.62508	543.76526
161.62898	537.2049
446.0861	80.92964
446.35727	101.76721
438.65204	44.83866
459.75195	59.22721
428.0606	100.88637
450.8658	67.616196
462.1812	89.99614
442.56934	74.56627
459.31216	79.04136
437.3788	86.30941
416.15967	78.51686
477.9996	83.042915
441.9716	82.76319
460.82526	55.428337
455.28467	110.69045
423.3894	62.905712
469.847	72.2307
423.06152	80.41057
452.96982	52.88037
468.13745	80.33185
437.15128	75.86844
466.04657	69.00789
425.19858	86.39013
434.6866	62.274147
481.67328	89.999535
451.6281	82.6636
441.66812	52.07212
467.45328	102.00825
151.81009	483.13638
180.70506	483.9527
163.58734	498.37265
164.76468	470.01874
180.09816	490.46393
164.83131	491.35626
171.9228	474.34497
174.17984	489.2794
156.678	476.82086
168.5311	482.41144
153.5893	492.61273
161.93118	483.5685
171.55003	496.66156
158.3089	488.67877
175.38159	478.48682
451.41162	378.93936
444.09937	376.84625
448.8441	388.5678
436.79996	372.70105
462.97226	357.975
459.09796	390.08966
443.87027	365.61517
463.77432	384.4818
442.88876	382.52954
440.35147	358.6816
470.35483	383.26984
450.11588	368.95502
462.62994	364.3649
451.2794	399.47186
432.61115	365.9599
467.98126	369.0922
432.6485	387.55673
457.5285	378.42624
457.0511	395.5407
430.5856	373.8156
456.79526	371.26202
437.2898	392.8365
451.23837	356.1778
469.5235	374.98273
434.27124	382.1765
454.5285	363.70438
446.1612	392.79956
149.16245	407.10104
185.44319	411.34464
158.67667	426.556
172.75131	402.42206
174.91687	426.65118
165.54355	403.55246
168.7622	412.2658
167.26251	418.8597
161.23328	412.64526
175.6685	420.0915
156.12271	416.9789
168.10773	396.70465
163.49382	426.64703
148.78925	413.3808
177.893	414.72095
159.91989	434.93442
157.40205	401.56293
180.0654	424.39948
148.04413	428.04242
178.37172	404.00394
170.44978	434.40024
