653.2073	383.74866
643.1928	381.95206
645.85895	374.61603
648.0126	388.58173
640.2254	375.00238
662.2318	371.24725
641.5384	387.17847
636.2699	365.67706
661.4836	382.1413
633.1534	383.56934
651.72314	364.91217
655.4643	393.93655
632.09406	372.3665
657.7105	377.67847
636.01227	391.6734
644.757	362.88678
658.4944	389.05878
635.1149	378.34012
658.46783	367.73096
643.56744	395.12146
733.21875	115.21787
737.9993	118.20213
726.37384	119.794334
734.9252	107.69961
734.86554	124.635544
723.5414	114.21814
743.5434	112.56608
728.4483	125.466415
728.20056	107.30088
742.6531	121.96167
506.94318	377.99487
524.70935	367.6954
520.5199	381.66412
517.62006	377.5782
536.05426	385.34363
513.09625	384.87012
515.58276	370.19086
528.41864	385.15195
500.4367	375.47067
526.7162	374.2953
521.44305	388.4381
506.95337	361.60388
533.3555	378.272
504.22144	392.89777
520.1021	359.64532
523.9618	397.78052
506.89813	369.66986
536.60205	372.79044
510.4872	395.17154
514.7787	364.47043
528.9354	394.53326
502.628	385.07196
530.17053	362.71765
516.2091	394.28342
793.51886	376.18155
798.9201	380.89032
786.83386	390.403
797.26	367.65802
804.9634	387.11667
788.5712	383.70068
801.99744	375.7112
794.7312	386.80188
790.86456	367.11362
807.63513	380.08194
784.05237	379.29196
806.26587	370.56937
799.2274	391.25616
785.145	372.0955
391.878	381.59976
364.63235	391.83762
360.8762	376.21637
380.18478	389.1729
358.18445	386.98672
381.4922	372.5418
367.82446	381.50757
367.5938	367.75803
373.96494	380.66406
349.75385	382.20718
370.07074	373.98373
373.06287	387.71765
356.18683	382.0252
387.0551	366.92047
361.8737	396.41052
354.78955	360.3294
384.92944	384.0018
349.68152	376.89545
373.61624	360.96396
383.53668	399.4679
359.97174	363.05463
390.6557	374.41
357.1801	392.76614
367.47476	362.78006
382.88214	394.12564
355.0196	370.30203
378.521	361.0538
370.19833	400.4566
159.91103	316.0795
181.5632	333.20013
152.48186	327.01678
171.77412	312.6655
165.08493	349.37466
170.38492	328.06073
166.71924	333.48904
159.54901	340.89133
165.98653	323.9731
174.65427	335.2024
158.13579	321.87863
165.49825	316.71332
158.52919	331.35382
148.40045	319.47476
174.20132	322.61346
152.04843	335.48398
165.84427	307.21255
175.02866	342.21408
145.65192	328.74506
179.86893	322.31586
156.0097	346.0658
741.687	45.956486
735.97174	51.92533
714.51953	51.555126
740.4233	33.709908
728.49365	55.0036
725.74756	26.623215
752.80884	45.6977
732.04675	68.38262
729.8148	42.958324
737.79333	61.63372
725.53076	49.91061
745.3627	41.817616
728.2073	71.41412
716.91516	37.575676
750.48914	64.74226
719.4418	60.538017
733.7919	34.661835
744.41345	62.306206
723.857	40.323895
755.2961	37.781765
723.91595	61.43676
727.34406	33.979576
744.3463	55.470436
711.57214	42.49893
747.5913	34.506813
453.2706	368.5279
438.82236	369.04303
461.24277	382.7446
451.0091	383.36328
445.10913	378.73248
452.24982	400.19104
438.49185	376.4341
459.85074	376.87152
437.60303	390.7385
447.7492	369.16257
461.19458	389.2001
440.50497	385.01627
453.2188	360.3205
448.85785	391.49005
432.78207	376.93408
458.77716	368.82758
430.79584	392.6486
445.43774	362.22455
454.1957	391.33133
426.02768	374.16782
463.22125	365.17398
445.29205	397.92654
436.56476	363.22955
468.11908	381.20917
428.49072	383.70453
164.39944	404.42166
170.33981	416.41315
151.62479	399.4702
171.59377	400.29437
154.05348	416.35352
160.55746	395.89056
177.91226	408.38406
160.05618	405.82916
171.20901	392.75787
164.37727	413.6541
157.17825	390.72015
176.30363	404.76752
153.03073	409.36926
165.29617	390.01788
177.13312	415.937
146.36783	400.51584
175.5615	386.9461
161.05386	423.0507
159.4123	231.32903
174.69235	253.22421
143.13478	244.53403
172.61429	234.61447
163.44371	258.61816
145.05458	228.05408
171.81802	248.56827
162.26295	252.93149
161.42711	240.21228
166.57771	238.51758
147.52238	235.10648
176.60385	229.69943
158.85233	247.48091
154.58899	229.89612
180.54703	246.50801
152.5806	255.89827
166.78941	227.30664
172.20462	259.10773
152.46706	244.48198
182.252	238.90381
162.30365	265.18192
169.60194	221.8003
183.1048	250.93484
146.6828	45.19539
170.70503	36.99746
161.21799	47.10906
156.91275	38.880615
168.68301	42.9107
154.49336	59.638634
167.0248	31.264074
182.37497	64.997635
159.9862	62.854656
187.74605	40.507614
167.30106	57.90354
179.32034	45.977623
174.24753	57.408436
151.34189	66.04199
148.07764	37.554775
170.34006	67.66118
142.98055	51.744587
172.24313	51.087364
159.55403	72.47744
148.06712	30.689829
179.36914	60.427544
148.30519	54.65783
180.00775	39.753933
165.24602	68.34488
152.14941	44.09095
183.67575	50.343758
700.6421	381.56097
702.9063	374.74265
708.7189	383.18945
693.7109	377.04013
708.9298	377.11896
700.2947	392.72375
695.58527	371.16348
717.3679	383.56836
686.7878	381.564
704.1726	364.77844
705.5941	392.05276
689.30365	370.93927
716.3415	375.72614
692.9148	390.92426
698.8987	365.79422
711.1557	390.40375
694.5067	385.04718
712.9537	368.25336
749.1107	387.7044
745.5307	374.9228
754.5235	374.12933
743.70544	382.89667
752.09705	369.1258
758.671	382.9184
751.3671	380.7956
763.2526	373.44147
745.5337	392.30505
746.5403	365.9523
763.4952	387.57834
737.3018	382.23682
759.0067	367.84485
754.6376	392.33124
738.9299	370.71072
767.4564	380.36438
149.76305	544.52014
164.92523	534.34814
177.81808	547.0759
160.74467	537.5247
170.47238	528.89703
157.83072	542.3236
159.27866	528.1223
166.33818	541.93915
149.32494	536.3138
174.0864	523.68494
168.63162	550.90405
151.76299	527.94946
172.78223	534.40765
159.75499	550.6468
165.73184	522.8664
176.24086	537.5504
435.482	107.554665
461.64105	67.62186
444.1132	101.662125
428.40576	75.485916
451.31207	99.747154
428.74176	79.73819
452.21957	88.4832
473.52988	103.88843
449.48618	75.53497
469.86285	98.630974
425.2444	91.57538
444.3518	65.064735
459.20233	87.292496
420.7194	93.56194
469.90952	50.698746
443.68536	82.69726
439.1352	44.19696
470.347	72.69356
457.70273	108.15298
450.4605	55.750416
465.47772	78.15903
422.2265	68.826706
452.92447	70.32645
464.40146	100.249374
439.4327	65.51944
481.05316	76.59883
435.87433	91.07422
440.45972	53.35143
473.9144	113.79073
428.48535	65.46119
178.5134	468.57553
159.44609	476.03427
161.47037	458.44907
178.59747	478.95123
149.33273	480.0537
168.62627	459.16608
170.95251	487.80096
149.56126	469.25122
168.81645	472.13657
153.84895	483.66046
166.49422	467.15845
168.38518	479.83365
158.42026	467.61908
174.98492	463.10516
159.92986	483.23462
156.94676	461.1853
173.10666	475.6585
578.03284	384.8098
592.8485	364.63153
588.01636	383.10474
572.49176	368.3299
592.8463	376.77588
576.05054	395.52188
586.77484	373.75607
595.70374	383.37888
576.25256	373.4559
596.08295	370.1403
584.28186	393.1472
582.12695	369.78
603.82434	382.7005
576.6483	390.27197
587.8971	361.8397
592.7878	396.73798
568.93256	376.17593
600.4547	376.56647
583.5055	380.13092
580.7142	362.51944
597.6583	392.4114
567.4895	383.90726
159.14005	136.43115
157.48093	150.81473
157.08029	143.04335
178.83792	143.7921
164.43553	157.66223
166.74663	143.94792
173.4318	164.6968
151.37816	147.8221
173.20024	141.0907
169.26091	161.08952
154.70473	123.878006
179.32986	159.62442
146.3428	161.21146
176.51761	133.454
161.25124	165.61179
146.64119	136.96962
190.27095	157.36594
156.1138	161.4476
153.36548	132.97484
184.77335	156.61455
152.18239	155.16644
165.71315	134.13876
156.31808	171.1229
144.80588	146.39502
183.70708	148.86845
