462.2605	93.086266
435.01212	91.81505
430.41275	85.13017
455.3852	91.91563
436.62857	60.680103
456.75568	81.8365
451.5604	99.60591
446.35977	57.75999
466.75446	84.44496
424.419	97.91365
463.34067	67.84682
441.8271	83.123634
442.88712	72.53132
471.5087	66.019356
442.6198	98.91516
456.35077	59.03968
471.2563	87.82417
427.23926	86.858154
473.24594	52.954975
443.89536	106.209206
430.4318	55.104713
464.75568	71.65965
435.27106	78.54094
466.28296	61.908062
465.00653	97.760086
425.88373	70.40346
441.61993	64.677284
429.4295	99.51433
447.4982	45.519497
470.7791	77.18825
169.36378	233.24629
167.82294	225.87686
169.34798	240.02116
157.63548	234.18372
176.40775	234.51282
157.10991	238.37349
170.46652	212.70547
176.26065	249.27213
150.91148	242.2679
174.00308	222.95944
162.3351	239.82439
154.76978	220.06323
185.55771	243.17197
154.01184	250.03694
162.42978	213.49446
167.54895	248.63335
155.05695	227.71404
185.41342	231.46994
159.09325	253.93408
163.39325	221.81198
176.27298	239.91751
145.60036	229.46187
179.82385	228.01233
376.24695	379.53885
372.82855	375.42584
380.2851	369.84442
365.74057	386.04242
366.2562	367.01193
379.22546	385.07202
365.03375	379.62234
390.3556	367.0889
352.93243	383.76172
362.58496	372.35156
391.89154	381.8515
357.41605	381.48212
372.45764	359.74048
370.29172	396.98737
349.20917	369.21457
387.58038	375.03577
358.61856	394.3051
366.13718	360.89056
386.98987	388.11066
348.07587	381.70248
381.90973	363.67957
375.7122	399.69937
358.33585	363.51923
382.41022	378.37628
360.00797	389.2411
380.60764	357.92053
371.57587	389.8001
356.1143	370.58917
166.77353	538.7367
161.62767	543.4259
160.46643	525.7454
175.18802	542.31476
153.44391	544.6476
170.84183	530.7352
167.89734	545.6258
153.01823	535.1124
177.57239	536.84827
159.00613	549.5789
164.5648	532.0744
175.06595	549.1277
159.22722	537.3336
176.91328	530.57886
166.68076	552.40393
742.36005	372.82166
757.5739	378.94647
736.5556	382.01236
751.24603	364.99786
752.01556	388.2318
733.3459	372.2695
747.8243	376.97842
744.41754	381.63818
745.0054	366.54535
757.3301	385.0448
731.9264	381.2761
754.7087	368.94034
746.46106	389.48203
737.3717	365.94775
758.2532	372.84842
738.8296	389.98944
166.17883	466.46088
175.95056	491.3813
155.07034	477.57697
172.70099	472.61066
162.66673	473.28305
156.07541	467.82056
175.44133	482.42563
159.48349	482.7414
176.31898	462.9453
166.06909	488.97543
151.17477	465.04263
168.42113	480.0672
149.69492	484.44922
168.688	459.20367
182.59485	481.29346
148.2985	474.65436
181.16138	469.01898
160.19807	491.00153
161.56598	459.38306
179.0166	475.98175
444.71005	387.78766
445.29062	363.95407
444.63696	381.1465
442.61475	371.28156
447.78946	374.33203
436.02158	380.6198
435.32794	366.41794
454.23438	384.84323
428.2426	379.66165
454.26962	375.71906
450.2997	389.73383
431.22812	373.42725
465.4165	375.65247
432.68622	389.06247
449.94766	360.94855
457.1446	391.79974
425.62677	373.17487
457.78534	368.2387
436.19077	394.33356
436.2796	359.33264
459.34067	381.35974
424.24756	384.42426
456.9878	361.41315
444.70004	396.61533
429.3703	365.42288
737.04083	121.94087
729.5081	124.34839
730.7733	116.83455
740.5538	130.21503
720.9	126.36979
741.5309	116.145065
729.1941	135.04897
726.2535	111.82037
744.3724	123.350624
722.63947	132.95224
734.98456	111.091415
734.07544	132.0544
723.9425	119.90165
168.64694	50.908867
158.35696	67.53274
167.86072	37.217747
179.22676	56.523598
161.13739	56.53258
163.49034	49.331146
175.62823	68.47702
163.36055	40.35365
179.8638	49.262074
150.65276	48.39126
161.13458	25.502829
183.09488	65.66398
158.10379	48.56196
175.8613	44.023907
170.0111	62.982353
147.12192	34.11358
186.03436	43.724365
147.11107	68.40315
175.53883	31.481186
171.93283	55.682808
148.30537	40.27041
184.17085	35.247574
151.47433	57.185863
150.99796	30.6734
171.33507	75.48658
141.5781	55.081673
174.42036	37.501503
785.68225	379.97806
777.456	370.96057
799.46216	379.48895
777.95325	383.64728
788.40216	371.3588
795.99347	385.42596
781.9885	374.82294
797.922	370.99493
782.8745	389.3105
785.0549	364.92297
792.44977	378.97025
774.5842	377.46527
793.73615	367.95953
790.1766	387.88928
576.1096	373.28107
579.2291	377.31754
565.31415	381.04962
582.628	362.62134
579.7629	387.68463
566.4213	375.30164
588.643	366.8463
575.50037	382.22675
569.9991	370.06314
593.2189	378.13275
562.701	388.76132
583.3562	371.52924
579.6584	394.43967
558.3888	373.50803
585.967	378.4435
568.3474	390.68494
570.5643	363.72296
588.09875	388.34177
558.9859	381.027
573.96606	359.03592
572.9192	392.76984
562.1029	367.01508
168.28423	310.19965
158.70496	318.87482
156.18039	314.1311
165.69746	324.2784
147.2538	312.01178
179.6488	313.46927
163.4155	330.31683
162.60068	305.86288
175.2778	318.0321
142.61078	327.7296
172.13869	298.4684
167.10165	334.22272
152.31546	321.83295
187.97252	309.97723
156.38249	328.7774
157.528	297.86438
173.94083	323.54498
170.77272	314.7927
172.68845	304.1557
177.04546	330.89752
154.18314	307.87094
182.91624	323.80734
712.3745	49.700726
736.6488	33.24287
735.8775	62.533844
735.5001	48.791874
749.19836	37.198536
721.41986	48.93181
734.0824	40.48805
751.28656	65.87869
708.3437	56.678387
735.5655	43.6762
740.149	51.643383
717.56195	36.40046
753.0748	43.295662
721.57587	41.123833
721.8425	29.607784
742.5083	66.26275
721.37244	59.132423
744.0746	31.579264
727.0805	62.916206
726.6504	38.91839
752.8616	57.24363
714.86487	65.20378
730.84656	27.389252
734.6077	72.20001
715.9242	45.184288
750.5922	51.69921
722.0121	69.32996
511.69507	376.06165
527.22205	386.25815
502.61133	379.2274
526.9049	366.35767
504.7254	384.98712
508.73267	366.3102
517.7473	378.1153
495.1649	387.89853
514.06604	366.88947
514.97986	395.26453
502.6437	373.39362
526.6495	372.13974
507.44336	392.71664
501.98273	361.43237
529.08167	380.16678
497.11093	379.13052
517.9889	363.24902
512.6436	385.70148
497.9774	367.6129
522.3102	381.6805
500.3692	393.2037
513.2227	357.7099
519.6046	389.5798
493.43018	372.47955
696.75525	374.10126
689.37134	384.7373
686.2843	366.3083
709.7702	380.5731
686.62616	377.48404
704.804	365.18298
702.0169	391.96533
697.0159	381.61084
709.8703	370.78955
693.2406	395.11334
693.2786	361.95477
708.22766	387.40515
679.6244	382.5644
698.17786	360.79248
695.81445	389.6594
680.39294	368.43558
703.5722	372.30377
684.1834	388.09943
692.50696	369.42825
701.057	384.3891
679.6405	374.0783
182.31964	140.18965
154.79587	164.92947
153.34508	138.05429
166.71892	148.12662
160.284	152.75949
168.7306	124.288025
170.75583	157.72293
150.16891	127.06844
183.07285	145.86687
156.52016	157.31854
162.58456	137.94354
163.38083	143.22932
146.92763	148.15224
172.39175	134.09499
163.76387	162.19305
156.13274	131.87747
186.54794	155.24376
147.83865	157.40532
166.71495	131.70721
178.3758	158.92206
152.20303	145.91486
182.73788	133.65791
170.87204	165.41512
163.93263	127.709435
177.26602	148.15604
627.0797	389.77325
645.6582	362.85724
638.92596	395.4659
627.15393	369.86652
642.5257	370.8499
633.88934	382.46942
631.0162	374.4222
637.491	377.08844
616.92896	372.56024
650.467	368.40402
636.6968	388.6066
623.9313	363.1778
653.0549	377.97607
617.80334	385.8434
639.69904	361.45428
644.36365	388.0595
623.06116	376.41107
646.1246	377.71927
631.18774	394.00446
632.924	361.9946
649.1584	385.91907
627.5316	380.57877
172.54857	386.62256
161.8149	413.2055
170.74591	392.86874
175.63075	408.09943
161.32217	403.70364
154.30704	396.02045
175.23143	414.42075
165.03775	398.63046
176.20576	396.52927
157.85822	410.86188
155.73529	387.46442
182.8461	397.16522
153.36337	402.33572
172.6207	380.12262
169.69736	406.24783
148.31908	384.48816
170.59232	399.03094
150.735	409.79193
164.11417	379.0751
181.70293	404.63544
148.68314	393.4634
179.14763	387.94373
