150.68616	243.21835
159.8093	249.04048
153.4394	234.2244
161.46886	254.4592
146.83507	232.86136
176.33476	236.2727
157.9752	260.41113
137.49298	225.60503
161.49838	243.00229
141.87201	235.06279
162.78433	231.98715
153.37839	267.17426
130.05972	240.07886
168.31808	230.37663
138.96695	250.73352
147.5884	226.51884
166.59386	259.29672
140.12509	240.89377
165.70752	222.4552
145.54128	258.8504
140.62755	219.1735
171.12851	240.90971
149.88074	251.18184
160.3724	220.69572
608.95557	389.27448
597.81305	399.5194
617.8077	395.102
606.7028	398.49548
604.54504	383.51874
614.7362	399.6599
600.2424	406.57874
613.3873	383.95987
606.90405	406.16666
597.2859	383.22043
619.65076	388.53992
592.8154	407.01398
602.56366	374.14307
619.9574	403.75116
599.2531	390.42603
624.463	384.78583
605.5554	414.46735
594.1504	378.33908
627.318	396.616
588.8078	394.872
615.79047	376.57465
613.30145	411.1214
590.4272	389.20563
159.44351	493.61713
152.88635	497.85126
149.81828	490.55356
163.42049	503.47247
144.30746	496.51556
154.43552	487.93018
155.71912	502.88824
145.59929	484.61322
168.51187	496.36826
142.62004	503.84952
155.65492	481.79248
157.97385	509.03433
139.7373	491.7985
163.48782	487.58496
148.76456	507.12445
743.80994	63.280926
746.1908	71.715866
735.29425	72.03668
755.726	61.67849
751.61926	93.51937
737.4638	57.69526
759.08276	80.97069
733.3571	88.05091
750.12823	60.065308
750.4287	83.027725
738.4864	66.89793
760.56946	59.283062
742.40137	79.67631
723.8701	60.423607
768.1754	67.9487
729.2151	80.658806
746.13116	55.075695
741.0729	95.01595
725.4047	68.36867
753.346	76.011215
745.274	85.16122
740.06824	52.19417
763.0794	75.18753
722.4541	74.19072
378.55133	386.47415
370.4187	394.32513
368.593	388.44586
379.46844	395.17374
356.43466	412.13916
362.1043	375.36298
368.90964	402.58978
359.10223	393.96133
384.73566	391.0551
364.55103	406.96844
360.67902	385.99774
391.29828	399.4092
350.53497	396.40692
373.35553	382.23456
379.24387	408.3082
354.36746	388.90524
389.63486	382.51178
364.33313	412.3937
366.9656	369.53644
389.8435	408.7625
344.30972	387.15338
382.9132	378.67706
370.07367	415.73422
355.08878	380.2581
390.44907	390.21353
355.04492	403.30426
375.79742	375.16086
383.36734	412.9013
160.50291	377.6916
161.05591	370.8544
134.55449	395.5982
148.23875	378.36658
160.25099	388.62946
145.85258	387.97223
170.99075	371.22845
156.12381	384.52222
142.53926	380.80713
168.8392	385.76868
145.19919	394.53928
151.58365	363.1168
157.91412	398.27234
135.16458	378.79987
162.30879	364.21573
151.59048	395.90546
143.80649	362.8587
163.30338	394.83905
137.38441	390.1465
153.47269	370.8965
173.31094	392.12714
136.03148	371.67865
172.99385	377.90756
815.62244	401.57428
816.14075	388.2333
828.8615	395.4255
808.8971	394.9002
827.6043	386.61478
820.4963	399.06854
809.34265	387.77362
823.8215	391.04022
810.01575	400.84235
820.0585	382.4385
826.0665	402.832
487.48828	384.86847
501.5643	385.7196
490.25	398.48685
488.067	376.79242
494.30527	402.99237
484.87225	395.98016
504.06793	376.69965
505.8632	404.55487
474.075	394.87167
502.23834	393.57953
485.31415	409.89038
495.63736	385.45355
512.5741	405.9224
482.40463	390.2564
506.33838	381.62512
495.7902	415.39902
482.65845	377.7334
514.39343	394.98306
478.4484	406.73578
499.6054	372.5595
505.9654	413.68765
474.85114	386.7638
514.8695	387.70633
492.5141	410.3458
494.594	373.27045
503.871	399.3221
474.76727	400.6328
459.44614	94.58652
454.80328	99.10075
450.77045	88.88219
445.73798	106.09569
450.0349	113.421524
446.02255	99.19606
471.32788	101.11995
433.94135	113.92208
467.33203	73.121284
424.87897	108.36837
438.02142	77.56759
463.97357	90.69428
423.24005	94.90563
457.4296	79.62681
458.3471	112.710205
435.9892	85.84361
472.62695	85.32359
440.65723	119.95979
445.4417	79.08289
466.70135	110.715744
430.1164	96.26465
460.17645	69.26792
455.4685	124.05448
436.20834	69.98558
471.8526	93.421104
434.55713	100.239395
447.6329	71.21226
459.7702	104.8454
421.09552	82.94019
764.6853	392.22974
759.349	395.66776
758.49884	386.53516
769.1247	397.03668
753.0738	398.23798
765.8305	380.35034
761.47473	404.01056
752.5947	385.98602
774.9258	397.22314
755.1042	405.47086
766.2362	386.5371
767.87665	405.0528
749.5939	391.98248
773.4172	387.5736
691.5383	400.00067
687.27765	389.07318
701.24066	396.0727
683.2747	399.77728
696.6096	383.9436
702.0563	403.23212
680.7606	394.18884
701.22675	389.0959
689.0852	405.51215
691.4818	379.9389
708.11835	400.59232
693.1548	392.78314
703.57544	381.71674
695.2798	407.36172
684.97894	383.87506
707.5369	391.0633
155.83661	91.35953
151.08348	75.03892
162.82935	90.20508
136.58917	95.16753
168.65858	78.067665
170.4864	82.462074
140.08063	66.537735
168.9487	94.74908
129.49022	97.93039
156.96024	63.169975
163.07133	107.641235
144.08235	77.61868
149.39177	82.03554
143.50052	87.1633
148.2529	63.477936
166.09146	101.737785
138.2758	76.95775
166.01387	67.308685
148.90096	96.26276
133.79123	70.15287
180.87892	84.53727
142.8273	100.697395
160.5636	78.27666
154.21143	104.93408
134.35582	84.22177
173.55371	75.21525
146.93106	104.1638
156.51468	56.335884
