161.6604	366.9254
145.16782	367.81506
144.74875	360.27094
158.62808	372.82535
135.34071	364.86374
156.28046	360.79086
148.25949	375.71835
146.6679	354.0788
170.93271	375.2702
141.22536	377.69025
161.23074	354.41888
154.0999	379.8796
138.04741	359.50348
170.21063	366.2912
148.62373	386.33893
153.61703	351.61212
165.07028	378.89935
137.56238	372.91278
167.40703	357.76883
154.53854	387.21246
740.3134	59.569305
749.5133	59.04365
746.1948	73.90083
745.2416	66.919106
753.1754	79.860344
731.1512	67.73109
759.51514	74.630684
735.60065	81.43584
739.1581	51.88276
760.9264	87.06352
739.23254	73.42774
746.4264	49.723408
745.1652	88.478294
730.5157	61.052635
760.7722	66.49023
733.4762	73.44401
755.46265	58.38913
753.21387	94.7208
723.06903	69.841194
764.61255	58.86326
741.0022	92.83316
729.7607	51.693348
763.8903	78.0745
729.33356	88.71507
159.3815	463.91977
153.04675	480.5879
154.89366	472.5412
165.41739	472.87573
147.6149	485.49017
149.74435	464.77505
160.15933	479.5805
138.36893	477.21753
161.60703	469.65137
152.27542	489.6319
146.57278	472.42276
169.32338	477.74332
142.1763	483.65176
149.87392	458.09088
158.91614	488.84863
140.7454	469.65512
706.67834	394.27402
696.38074	398.66458
697.0523	387.91055
711.78	396.0268
687.5264	396.3314
703.1138	387.1197
699.43787	403.4898
692.5465	393.24023
715.7888	390.8988
694.5543	409.7956
694.96326	378.60577
707.1359	403.75287
683.902	389.98184
712.2383	383.7364
705.31305	410.82608
690.3351	385.54593
714.9041	401.58932
687.7583	403.96924
704.4242	380.43158
609.24915	404.57712
600.27625	392.56873
619.71313	388.50198
595.1348	410.60538
611.85583	389.77438
610.4929	398.24188
595.7257	386.29138
616.67786	381.22485
603.8691	406.97968
600.07874	382.82745
621.9284	394.3429
598.8392	399.86758
606.01624	382.48438
620.51605	407.0663
588.0624	395.99783
623.7268	385.56586
604.32666	413.1227
598.36804	376.43903
622.183	401.54892
592.8524	400.88074
611.8971	376.3958
615.06213	413.15607
591.15784	385.80893
155.46133	556.2743
146.13594	568.5765
149.02124	551.18024
161.5109	564.0873
147.62157	558.03253
162.87714	549.9624
153.7083	565.39343
143.10014	551.5499
162.84886	558.5949
142.0079	562.4166
155.5106	547.8602
156.09573	570.5104
358.12393	387.35162
379.2542	391.4532
366.00623	409.24612
366.15228	386.22467
384.57883	399.99774
362.1419	393.68802
371.31854	388.066
373.34918	392.37265
355.87973	383.35022
387.90063	405.70612
353.88702	407.6109
373.89417	380.05258
372.21057	401.99396
354.9752	395.4943
387.4165	391.42923
373.82828	410.33096
358.09155	375.48343
393.0499	398.13635
364.25018	399.19266
375.5731	374.19025
380.47983	416.40933
349.57956	382.7619
394.3868	388.4941
358.9609	415.0525
368.64612	371.26495
379.56903	406.32986
348.935	398.43884
381.34808	374.35513
366.18436	415.3684
146.16124	233.74443
173.44034	223.8564
151.19034	253.64926
162.33548	233.60641
157.4155	239.5822
138.17056	226.97452
164.07956	222.8049
149.77304	241.32552
151.80345	224.51355
167.83438	245.40808
143.14206	245.06453
153.33409	231.18555
159.15715	247.29695
129.56155	226.69162
174.35733	231.95078
137.3907	251.80832
150.36673	211.02344
162.36087	255.09302
139.16904	238.22964
163.57346	214.7343
155.50974	258.5196
141.94835	219.78706
170.63638	236.90901
131.11826	237.25375
152.14531	218.76724
777.7023	405.9923
762.01855	392.52237
775.7576	390.45123
770.0724	400.6461
770.39716	386.146
785.66736	396.88144
770.0766	395.31912
784.7631	385.6883
770.18756	406.21896
765.495	384.39572
782.05896	392.83597
762.4431	400.58792
776.3302	383.26608
783.9939	404.00165
158.88385	83.618286
155.65414	73.03635
143.10391	91.72379
147.46689	69.1984
160.27963	89.9055
143.02379	81.458206
161.1463	64.58985
154.67455	105.01807
137.25085	82.073
173.72588	79.7352
157.82516	98.41456
138.75156	64.51854
168.85622	89.64344
135.75992	71.794495
169.26459	67.20246
149.42159	78.93153
145.91168	59.100574
163.56682	75.92184
132.33876	91.71582
158.64507	59.746815
163.8986	94.35018
127.41958	76.3742
177.60126	64.31765
141.89932	100.65886
151.52025	63.182274
177.5275	90.682106
133.94748	104.76504
453.79547	80.67452
445.86246	105.84963
419.68634	82.16785
455.31836	91.4151
445.715	122.7714
444.34097	93.522606
436.17276	78.55758
439.0275	104.0696
474.16098	82.96341
443.17953	114.25325
429.34088	79.37721
467.4616	95.28902
447.20435	97.57544
459.93488	75.43721
461.00342	103.742226
433.93573	96.86369
472.42374	99.7082
436.083	111.192955
441.08417	63.562817
461.92465	112.50155
420.4371	101.79823
467.3955	77.63524
452.96225	113.83887
447.62457	83.92015
473.79816	108.40206
429.08676	106.81116
444.0001	74.721596
463.72046	122.09906
434.82245	89.179115
458.5334	84.95482
491.61884	403.92554
484.75888	384.0407
511.16327	393.6198
491.8703	394.37863
504.21576	393.07953
506.20563	399.8157
475.68637	387.20868
504.37134	384.2268
481.09677	403.55176
492.45297	378.99835
495.0857	389.14935
474.61807	395.91443
497.88217	380.6519
504.91446	415.57294
481.90552	378.52228
515.578	401.71213
485.9388	411.4957
504.7269	376.41177
501.4477	406.4897
484.63687	393.36697
514.85266	387.11237
489.5498	414.5751
490.7059	372.93756
512.24274	407.59003
473.83295	404.1853
511.6053	379.42752
496.71808	411.79614
