155.99901	503.0603
150.0411	508.67822
156.37608	495.47403
162.05411	509.27573
144.36122	504.76645
163.74245	497.2228
153.08658	518.2978
149.52097	497.80362
170.40205	507.3562
138.55902	508.9146
164.04654	490.86456
158.23587	514.4364
143.93295	495.04776
170.77025	499.35483
147.68718	513.47424
151.5281	489.79776
167.27872	515.90784
441.9047	87.30177
455.73346	96.79831
442.21036	100.42338
436.67935	80.871666
460.78473	87.73748
436.83765	100.85695
447.98486	89.93657
459.68774	107.80536
432.33887	88.892975
464.28888	74.29839
448.63794	111.95304
442.23193	77.64955
460.9328	94.881226
425.02402	89.04321
460.80573	79.79823
454.0753	106.70603
440.17276	71.46883
469.9642	86.91487
434.70038	113.8741
452.85507	66.98957
466.22177	101.84644
425.82324	98.82817
473.30292	78.41137
439.80963	118.32335
443.98602	66.15022
476.2457	94.76167
431.90674	102.02255
450.05	77.31532
462.57977	115.308205
426.9251	73.908394
819.8544	386.87418
809.3984	396.28452
811.7071	384.73126
819.9365	398.52576
805.91675	389.5302
817.1734	381.3144
813.74817	399.11597
804.44556	382.86676
821.4406	392.39392
803.6314	396.8138
766.5199	386.84637
774.41974	401.6819
757.6114	392.24286
778.9929	385.446
762.4753	401.0822
764.39984	380.66385
778.19617	395.07162
764.45123	394.46637
772.63245	380.6534
769.81433	397.89713
758.7682	385.89966
773.5248	389.8109
142.50082	90.25558
168.50809	62.216106
172.72612	83.47922
157.94302	88.03091
160.02376	70.71871
159.59476	77.80993
142.85893	62.89168
168.11227	75.821396
149.0633	81.12136
158.9142	61.001503
151.6424	93.93871
151.06595	68.82723
171.10912	67.58529
135.91664	90.27491
145.30418	55.263344
168.92963	94.67434
129.61348	74.708084
164.29648	56.491333
159.23814	94.13838
137.84341	76.25272
174.4063	75.449814
141.53499	101.5413
153.96492	62.362915
164.60135	100.74306
143.6204	77.68046
180.32411	68.56328
151.11789	101.00751
138.78561	66.76408
173.34781	89.57532
152.30872	385.65594
150.30386	368.95435
160.02072	403.6415
150.15636	378.34808
159.0884	397.67722
160.16408	384.84296
157.30925	378.3116
173.9805	398.18622
146.93604	391.82214
170.35442	372.49786
145.26477	399.07187
138.59668	368.44354
166.9122	380.94818
142.14732	401.94897
158.33694	365.78482
164.32848	393.34518
141.69458	384.03342
179.17923	374.507
152.73924	397.36362
145.64702	365.9062
178.55994	387.67355
134.73418	390.1055
164.72394	371.28296
159.02956	408.72086
138.55095	379.07965
175.99661	382.2098
134.55484	399.91718
708.54565	383.36874
707.70245	399.61978
703.1118	391.83008
718.78674	383.2456
693.6495	393.72543
697.0071	384.71204
709.5351	392.41864
690.40247	401.44818
704.92456	377.13882
709.9638	406.55063
689.7071	386.14206
713.704	387.6779
697.3431	404.7429
699.5083	376.5624
716.83167	401.41693
687.4312	393.2394
712.5499	377.26215
702.561	402.30225
693.18585	378.51703
717.91455	396.1208
598.83154	390.46582
609.61786	380.38846
614.6098	397.12848
602.6328	382.34467
618.93207	384.26962
605.0921	395.0523
592.2078	385.25894
619.6388	393.01883
603.6471	400.81448
615.7393	377.52307
611.4441	412.13055
585.0966	385.68246
612.439	388.13574
595.1275	404.3857
603.255	376.4706
624.42566	403.12805
592.91345	395.28964
622.9731	376.71906
610.4292	404.99094
592.4998	372.43155
627.038	394.98212
587.5133	403.83612
610.4735	369.14972
619.00183	404.31268
587.01965	395.22504
624.84143	389.90457
600.0831	410.28485
601.7335	368.75162
498.5406	406.7166
494.4615	396.8395
499.02985	382.6679
499.15338	395.52267
489.13907	379.89203
497.4057	389.4789
473.14648	403.35806
485.73077	392.34418
502.26508	411.29697
478.95258	391.4029
503.75992	379.94577
488.32	402.80377
481.1131	370.856
505.66235	389.96466
471.475	396.34906
493.93695	375.5727
492.53214	406.4677
482.99374	383.61884
508.5771	384.9776
478.6541	410.6494
490.19125	371.17966
507.99274	403.53986
472.01215	384.91187
507.65967	375.39413
490.39127	412.23608
474.6413	376.97336
510.5814	397.30402
479.6258	397.29248
499.72394	368.00867
161.1725	235.01675
151.84425	241.0656
167.43057	234.48921
143.96812	236.27173
143.02473	217.83809
168.03378	240.91635
128.67972	234.07803
153.28511	233.52827
156.52779	243.9089
137.43683	218.20747
168.93274	225.85779
150.91162	257.7675
157.51096	212.87753
164.48381	245.08292
143.11435	227.90999
159.1063	225.32767
156.27597	264.3065
154.20303	223.29053
179.12315	243.12015
149.123	249.43721
173.27553	213.29109
169.13571	253.23486
138.83986	234.95383
177.70413	225.31186
133.94269	246.46577
148.38365	212.81436
172.50764	244.00696
142.81525	243.439
167.62689	218.80118
732.8169	68.7065
725.5274	63.069557
741.3211	71.878296
734.1069	80.83945
750.0392	67.893456
751.2535	85.65138
726.3552	75.46759
762.41614	61.609444
742.65497	85.45146
736.3133	60.931355
761.5531	74.488846
720.1383	81.60948
753.98334	55.901558
759.9156	84.73366
721.62427	68.15418
746.19244	79.25563
726.95746	89.167465
742.71173	51.23646
764.0408	79.90828
742.2538	63.88426
752.9098	62.276836
733.46014	94.04463
729.8546	50.416744
758.4562	67.03337
736.597	86.953
736.8945	54.837654
748.5917	93.82389
351.1115	384.62094
389.9906	387.60623
375.61224	409.7563
362.38385	381.46564
390.79254	398.25153
369.3552	392.5974
384.35675	370.25653
373.46942	400.6319
362.02484	389.83145
394.81244	392.98688
359.49826	403.41516
373.7252	366.21115
386.49908	399.92047
356.50485	392.7591
380.37225	383.9327
363.8874	411.39078
366.10138	370.95792
373.7799	391.86752
348.23843	400.69434
374.98224	381.23907
379.75052	398.6551
355.7043	377.64587
392.80908	380.78625
367.83774	403.13095
368.56097	380.83795
384.3381	406.69073
352.5545	396.49103
380.25696	378.11456
376.79147	415.504
360.77026	374.28958
