154.71402	255.74142
147.6002	257.1268
158.16573	243.23872
159.73509	260.31183
149.66985	245.17386
160.79628	247.39763
161.47925	267.0655
142.5587	242.6729
167.3082	254.2037
132.74709	259.88437
154.2306	234.7126
153.09569	272.6065
131.70444	247.7955
168.19016	248.58826
139.96875	263.94287
148.72371	238.76982
166.2207	262.53888
139.96602	249.84538
167.3391	240.98572
145.58789	266.78537
134.4733	241.06363
156.58139	482.48553
150.62993	481.08356
154.62811	467.60522
157.14177	493.80746
142.498	478.2364
158.38593	473.82623
148.54095	488.04474
149.47107	473.07855
162.75125	485.23798
136.33118	483.51904
162.12613	468.3544
147.28818	493.96964
141.71274	471.96198
167.84076	482.18393
140.20409	487.46524
147.42062	466.2513
154.43237	569.55566
148.25563	563.2674
158.30017	555.6185
146.77744	572.3336
147.50502	555.6642
160.02945	567.04364
140.28917	569.2618
152.52536	556.9785
154.51768	575.3397
141.78976	557.78894
162.40784	560.5304
619.55206	402.42975
618.9118	383.2227
626.77795	399.86603
609.9014	397.0476
632.7692	390.0542
625.3584	409.21115
615.5912	392.25513
621.80774	394.0517
612.0128	409.27048
624.2538	380.5947
631.55475	408.91534
605.83875	391.71982
634.41785	395.15463
617.98517	410.6674
612.2906	385.13596
633.4306	401.3031
607.1013	401.52438
629.45056	385.4676
149.85617	380.7529
151.73581	374.26712
160.90619	371.9689
144.05606	377.003
147.80487	367.99146
164.80093	383.22638
141.55247	370.6274
160.16801	365.66632
152.40576	385.06595
142.85863	364.36118
166.71658	377.50427
138.4841	382.4378
157.07701	360.4932
158.04099	388.08612
134.47287	369.91974
165.79102	365.92047
144.54202	392.49405
149.84332	355.20544
789.90466	402.94394
780.3838	396.82968
790.73645	391.82858
780.9839	409.41318
777.57495	390.78326
793.5631	397.73978
774.20715	407.04718
784.3251	387.86572
792.80206	408.68866
771.25726	393.33752
797.05914	388.3069
782.01904	402.26022
776.98474	383.25055
798.98206	399.82495
771.9641	400.3165
789.79913	384.22922
466.9078	118.3422
428.91187	82.56802
443.19937	109.84276
451.75262	109.21848
462.65503	92.499535
455.4712	95.9645
434.71405	87.52285
454.0328	70.0102
461.36456	114.86576
443.4659	89.12401
459.2858	78.59404
436.74765	114.784775
452.5524	83.24966
447.23212	125.58836
426.05865	90.06031
443.58966	96.44677
429.6416	120.8668
431.96722	71.941246
468.2596	100.44479
422.76303	106.81675
469.66022	74.11757
459.58807	102.64555
443.64337	79.45369
473.99634	105.19442
440.2185	103.899
447.00366	69.76372
468.64447	110.59464
428.8387	101.82208
478.23935	95.78125
441.61108	121.417465
697.2103	387.43765
709.0271	398.66077
688.0163	398.9117
710.82385	381.8493
706.9189	406.03857
700.82904	395.13452
712.7441	393.78363
702.5805	401.80508
701.35803	381.95184
718.7642	401.6657
694.8763	399.4859
716.4547	386.52264
703.23596	412.87347
692.0989	391.42953
720.8258	394.81403
695.4547	406.3296
706.1869	389.03342
712.80115	409.94025
370.0323	398.6926
376.17538	397.37454
361.2613	397.414
375.6859	390.4134
384.18158	401.79114
357.75165	399.85117
384.99832	381.91852
378.52252	413.84024
363.1676	391.42694
390.82556	391.8874
358.06598	406.88202
377.9512	386.23727
385.47607	410.7246
352.64337	393.5111
391.89572	383.505
373.40042	411.7566
363.07367	383.78052
398.64163	407.80457
359.00293	416.7789
369.82617	372.11423
383.907	417.01358
355.99216	385.96054
398.24396	394.94376
367.54852	407.5832
371.0371	381.58606
390.92902	399.36383
348.21283	404.8277
380.76685	374.5879
370.011	419.5755
359.1978	378.24374
182.5901	100.08841
141.58885	91.252716
153.23953	79.58485
154.582	95.68151
138.38138	103.13658
167.61032	70.66582
154.2092	113.374954
150.86115	87.627235
166.46115	78.430664
156.78377	90.25985
164.56383	91.33977
160.5317	112.72911
135.94739	87.90291
177.03525	88.77737
148.18826	102.59353
148.81888	59.959053
164.60922	125.03567
135.31262	95.46987
146.42363	71.18764
146.91643	116.407715
120.42124	92.770386
165.42656	103.88814
133.51071	109.20018
143.3389	77.0971
166.62044	110.678406
127.441086	78.081024
166.96689	87.27878
133.47656	116.014244
134.60126	79.09237
158.62825	101.53715
738.0913	56.33034
749.6249	47.14466
749.274	67.29126
734.3243	46.96173
748.4679	60.466125
738.05444	72.769035
741.65784	51.302868
755.93604	60.792255
742.71545	57.930397
758.08234	55.4499
733.34973	62.171978
743.60455	42.415237
763.14606	64.17831
732.84924	69.92468
757.79004	46.53855
755.29663	76.34007
728.45715	55.62722
764.0522	54.21989
745.01196	76.37926
511.22104	395.58893
522.6625	398.53558
506.13397	398.70624
522.04706	385.36908
514.0348	405.02847
503.67743	383.07367
517.1627	390.86285
499.4682	404.62885
504.60318	390.85483
519.08594	401.78476
496.4374	384.80426
529.34015	391.3124
506.2711	407.1217
509.44458	372.1305
529.89514	412.20343
488.37482	405.27826
517.3258	374.46454
515.6106	417.5311
490.69946	384.25775
530.6217	396.9405
504.11182	420.21564
513.31256	379.6284
522.6155	410.7011
491.63632	392.22845
525.27747	380.62082
508.60822	413.82422
494.8567	378.39645
529.7306	404.06738
498.89105	412.52997
