680.5863	394.21765
677.5125	401.3957
682.3351	382.94507
686.9543	396.17392
674.7869	392.41827
687.7208	389.93216
682.7072	407.10593
675.07355	383.85907
693.8371	403.79028
669.677	399.73822
691.22107	382.83792
688.1026	406.6503
669.5	390.3498
697.63904	393.99274
675.4217	407.68463
742.681	65.25245
749.62006	66.654434
744.0611	78.11672
758.7877	65.0116
747.372	83.18279
737.5363	62.368244
755.2289	75.35029
729.6804	71.93349
751.3151	60.01757
756.75555	90.23366
726.2732	67.64965
758.69305	57.407207
737.87897	87.994514
741.7256	53.709827
763.96954	80.71274
731.46436	80.993126
746.5648	52.25412
748.09827	88.06499
729.40845	58.48455
762.5698	71.6296
737.23944	76.58208
823.6711	387.85486
827.2308	397.07672
821.8827	393.9854
833.47736	388.76196
821.16437	401.61383
817.9344	386.05133
835.43884	402.59747
812.6897	398.04718
827.96014	383.21014
828.1334	407.1353
812.0645	391.81827
833.0534	396.05273
818.7987	406.91846
138.72412	355.32047
150.33414	365.0008
151.58786	373.13995
166.11313	361.48413
159.89561	374.99753
141.72815	361.91913
160.01639	363.61545
145.05319	378.59354
155.08676	362.07465
155.07166	381.5202
139.00732	368.2134
170.00496	369.60983
148.51675	383.87595
149.36014	353.19788
165.50208	376.65338
138.0897	377.22406
156.73587	355.47943
446.64777	106.04236
448.62518	86.004074
469.0665	101.65532
447.52188	96.42627
445.8751	73.14874
457.9309	105.43612
433.67325	97.22789
457.48746	89.9768
440.7998	119.79857
440.7684	79.57185
473.49396	106.91936
446.22736	112.01997
454.4752	97.15637
455.75244	113.50643
426.18854	97.19001
453.92807	78.602394
430.03522	107.72628
437.5213	88.01025
477.87988	92.63095
422.385	100.39391
473.23227	75.4495
453.3083	120.773865
424.46152	86.42991
462.4896	86.41269
438.1953	103.66118
443.82196	63.643166
466.03873	115.31693
131.42558	70.948875
153.9338	71.54235
143.14291	101.383156
144.12799	81.49581
157.37105	83.13413
138.74484	84.29607
157.30388	57.20883
152.87961	84.27056
149.3217	75.12514
169.078	94.06282
149.34995	90.324326
147.41867	67.11425
176.2696	81.79234
132.47319	79.122826
164.85869	66.56804
158.7062	95.036896
143.87724	63.30674
171.66824	71.76573
135.91101	88.88666
146.90385	55.756813
164.31552	100.18747
135.60428	60.785164
174.33336	63.89568
481.64365	399.15027
489.69415	395.7289
499.81982	406.9812
468.1065	395.09787
491.7757	388.04977
495.15616	400.88538
479.9957	380.8592
498.47217	393.3371
472.3498	409.3371
493.6446	380.5118
508.65985	406.59128
480.48773	391.54764
503.96576	384.7807
484.6002	413.26678
474.13287	384.75067
507.77472	400.0042
481.3349	407.0318
499.12726	375.95862
492.65863	412.68448
475.09003	395.59637
506.14127	391.57245
489.998	404.8672
485.54828	380.24094
760.3219	401.43433
748.4749	395.88287
759.6305	383.75946
755.17126	406.6136
746.34204	385.3094
764.755	393.1078
742.49695	402.02588
757.02716	391.6905
760.586	409.8086
743.45404	392.93237
767.13416	386.78226
751.2383	402.3115
753.56885	386.74582
767.9605	399.16916
134.50311	236.50879
153.29453	241.35294
164.6551	251.47107
134.2052	221.19023
159.4392	231.99252
142.80559	240.36617
161.11075	216.8072
162.02017	239.681
149.77444	234.80428
152.0795	223.68088
153.20708	256.12146
136.91776	213.6517
167.82346	234.43257
137.87419	245.23755
154.7537	213.84799
167.99149	242.70598
140.67789	225.37387
168.26886	225.25752
144.72	251.84612
146.57613	223.18062
172.45856	241.04948
131.65219	231.1043
167.07848	216.86418
373.22488	405.01794
350.95056	384.36307
390.15335	390.02643
366.5846	402.9171
375.42618	379.67905
384.03824	412.43427
357.27274	398.27203
370.2614	394.89755
360.2343	408.29935
361.47116	381.02448
382.53766	395.65094
352.61765	407.13214
371.20557	371.05914
368.4947	408.19806
358.40646	392.6512
385.93118	382.56186
362.73062	414.4545
364.8273	389.61227
380.64505	402.21405
351.05872	392.39032
373.81848	388.21085
370.7808	414.7714
353.90564	377.0298
387.93033	399.76422
347.72296	400.8506
149.64055	459.8419
157.57149	477.35855
142.98425	475.3167
164.07779	467.799
146.10997	490.18823
148.3431	466.19342
166.23178	484.10016
147.95474	481.2309
156.39867	465.39175
154.86038	483.52554
135.38098	470.5088
166.62271	477.96222
140.29434	481.94595
152.36476	473.88214
159.0133	488.74756
589.48157	388.4994
608.6876	386.42703
597.05255	406.5741
595.94763	392.52112
601.10693	397.41693
578.9037	400.3229
597.21826	381.79214
607.3695	400.8133
583.369	395.10165
601.421	391.1273
585.479	408.29413
588.69293	379.12534
612.1656	406.39142
588.5052	398.4351
604.1481	381.91397
596.5509	414.39185
583.0853	385.9014
610.69586	394.73798
592.1444	404.79153
