149.499	95.76914
138.0509	82.56202
149.11009	83.47755
166.85165	92.61182
153.02621	90.82591
159.83496	70.39453
149.80002	105.025085
149.23235	72.29162
164.7132	86.99672
134.8472	93.36909
154.56013	66.74246
160.21938	85.12003
133.06781	69.51909
177.46129	76.069244
140.03195	99.55312
150.39828	60.9757
171.32773	95.75831
128.29294	86.15879
165.98117	69.085304
155.20273	109.63025
143.30386	68.1568
169.38899	76.26522
132.54941	78.383224
156.41765	56.915245
158.29189	101.2293
142.1553	78.22746
173.02635	232.7756
159.9353	257.84912
144.07835	239.5411
145.56369	248.094
138.0925	247.92825
153.05289	240.54936
144.85654	230.68567
138.87143	228.26372
168.61081	249.88782
147.27338	255.77861
156.29916	228.3831
163.18863	252.731
128.47375	234.76855
170.40512	228.76883
155.3233	262.8
140.94542	221.55923
168.88998	243.3605
129.38246	251.46489
160.44371	222.35481
169.012	262.09955
138.58395	241.94876
164.80379	238.94531
143.14474	264.09415
148.43687	226.58182
162.14636	504.89093
143.46945	502.1765
159.8261	488.92203
153.44003	505.13965
148.41725	497.21637
156.18817	497.39908
142.71048	510.48615
153.46906	491.46762
157.43698	510.3664
140.43521	494.72308
163.72061	496.27228
150.02596	513.0207
145.22708	487.79453
761.0009	72.62233
738.8422	68.17003
750.71906	52.124073
749.9552	59.468822
733.04913	46.840908
759.15356	54.2927
736.5853	77.065994
740.35095	61.42379
750.3805	71.42641
737.5172	56.483166
754.4023	43.65208
742.04553	72.926094
741.7579	42.415028
756.3543	64.749344
730.27875	64.750885
746.83484	43.247337
746.4132	78.53029
729.661	58.312866
763.63715	60.824684
159.81352	409.09985
151.09282	384.9227
170.22153	400.6479
142.8624	391.52103
156.98413	381.5319
151.76224	396.7563
145.08731	379.57245
149.50064	391.26056
133.48793	397.13113
159.95467	371.23892
160.32303	394.4833
139.82367	386.40277
167.26468	375.7669
148.35286	405.928
147.51695	371.05966
170.59885	390.47626
131.42882	387.2593
150.98372	367.34875
162.42488	401.92416
136.90396	377.4721
162.94461	384.21396
142.35806	399.96997
619.8183	389.05936
613.8828	402.22888
598.1506	399.17545
621.711	394.83685
609.3339	410.09952
613.81793	388.41876
621.9919	401.21588
601.2349	408.47495
618.31464	382.9164
632.40356	406.53305
603.68713	390.92603
630.70795	386.58035
608.1769	397.7036
607.5893	382.81134
636.41656	397.43268
595.54034	403.5966
627.7512	379.8382
618.3691	413.68222
600.2575	382.45477
628.1516	397.42737
605.5646	414.88702
614.8918	375.65723
621.0087	407.879
595.00934	388.45135
512.0568	391.25345
497.0062	401.54572
486.4833	394.60065
505.664	395.33633
481.84848	400.94623
497.8354	376.87335
502.111	416.8518
481.7055	387.36295
517.58887	399.2251
489.3663	401.14435
496.6556	391.13522
504.62613	407.59497
477.01862	397.2347
510.3356	380.65613
496.51083	408.47528
488.6141	383.27878
517.04236	385.78583
481.9056	411.60748
494.02814	385.5068
515.4391	410.22983
476.57104	391.4432
502.6812	384.80878
493.20084	416.15436
493.59872	376.64966
510.79126	400.26563
836.6585	399.10443
840.1466	390.91205
842.1766	404.8887
830.2409	392.22284
847.046	394.3386
834.22473	405.86017
835.16956	386.3652
846.82556	399.85474
829.6497	398.68842
845.3696	387.2884
710.327	401.77032
707.9173	383.247
712.7322	395.86246
697.7489	402.90344
717.25433	389.45578
718.477	400.90793
697.06384	391.68982
723.03503	390.53293
709.03577	413.55072
713.57446	381.39938
724.25964	402.58563
703.87366	395.7754
719.743	383.7904
718.18274	410.58203
702.7535	386.31305
728.45105	397.25543
705.4411	406.0519
786.0814	383.6961
793.0448	406.19824
778.6115	394.5955
795.5414	390.28864
781.3192	407.5932
779.26575	385.75656
791.6492	400.59503
774.3734	399.61127
785.6377	389.8592
784.8724	401.90643
772.7246	390.50793
791.04376	393.8664
775.4546	404.3331
447.7293	84.33357
460.9812	126.30635
439.15582	115.65425
460.1835	85.29759
456.72662	92.67241
436.483	91.59903
464.7807	104.63778
422.85004	109.15371
452.28638	79.751816
456.10474	119.68119
443.48276	97.33898
475.3393	85.523026
453.49976	107.15829
439.1958	77.75035
475.5207	104.67611
438.88165	107.82461
453.01172	71.255844
463.48535	112.19308
428.60834	90.11
463.78647	91.52614
428.03296	119.345535
443.2264	70.268425
448.4603	100.463745
430.7918	103.388626
467.65082	80.81168
448.01678	114.612076
428.28107	77.29317
479.68506	95.68045
417.78687	92.42566
376.49088	397.26318
379.19547	412.07388
362.49188	395.81183
380.6977	392.21906
360.4128	407.48868
367.20193	374.74115
381.11008	403.50693
354.96814	385.80786
381.00604	384.57797
368.0577	396.84958
357.0252	393.27856
372.47565	402.29507
354.0701	410.73737
371.13004	384.2996
381.54254	416.53555
346.79486	389.80835
390.70953	382.54242
370.746	408.80685
359.90305	380.75458
388.6236	398.497
348.93124	407.694
382.38544	376.43555
368.72357	419.22272
353.05106	378.48917
389.2535	389.8465
366.476	411.77246
374.74182	375.696
390.11102	408.24
