747.24194	47.655224
733.14246	66.18891
750.4423	41.473362
746.60754	60.676872
740.2816	58.633778
751.741	54.616516
743.4312	65.6172
733.1063	46.71467
762.0672	59.317818
730.89166	58.577766
756.9668	42.782097
752.3813	67.356285
741.038	49.08212
761.70886	50.35259
741.2208	71.887
743.787	40.44977
757.5094	66.468414
355.55316	402.7135
363.93573	399.45493
360.7947	402.73328
362.8173	390.96622
373.33902	399.50665
354.33252	409.21033
361.22903	382.05838
368.45007	410.40414
355.67447	389.52582
372.65802	388.39227
357.9599	417.659
371.26825	381.24176
375.97345	408.43655
347.12592	401.15738
379.13065	381.84467
379.4771	414.77252
350.70648	386.5285
380.3565	394.5381
347.68262	411.25894
372.61298	374.28973
387.6241	405.35382
345.00696	391.33362
382.04803	389.8996
369.2988	417.17123
354.08386	378.11163
382.94537	402.5692
136.04056	400.41037
160.45982	373.22992
153.61996	396.03806
151.63072	388.55438
161.00381	388.3724
138.9567	393.9261
145.41898	385.9136
159.48795	397.48978
134.44402	383.44025
158.7471	382.7825
147.80005	401.324
146.64297	378.80096
169.78268	394.597
140.23877	406.55588
152.01439	372.8443
164.62521	403.84378
139.75177	380.3105
163.32161	379.1833
151.34375	409.30084
704.99286	389.0782
718.6019	404.47162
702.42883	402.28525
711.90906	384.32095
709.2824	401.57867
699.3895	393.85382
709.736	394.60413
695.36884	408.8188
704.323	383.40387
710.74365	409.275
692.6617	396.04242
717.1175	391.0611
703.4982	410.48233
694.41876	387.79398
718.4943	397.97064
695.7697	401.388
839.5117	391.35593
841.3607	402.01614
831.54114	393.47815
845.5632	395.95514
834.08954	401.74323
833.9259	387.9356
848.3087	402.21744
828.61053	398.68842
845.79553	389.27087
837.5456	407.44904
440.86285	74.03377
474.05795	103.790695
437.85498	112.274414
454.3169	87.28695
449.93668	99.87536
438.7164	81.50846
471.18945	89.50792
463.63422	103.86526
441.76993	97.671036
465.44727	95.70016
432.35254	106.58848
466.3252	72.25876
442.95648	106.520035
429.6962	86.36762
446.03143	89.19235
434.2863	119.25621
446.51505	67.86339
460.18768	114.14972
433.03247	98.44328
459.48822	84.67503
454.20172	118.84292
434.58612	77.91646
469.83228	114.54531
423.7335	114.92165
451.8134	77.0143
463.70703	124.745995
422.7339	105.09221
470.19418	81.46538
446.5401	121.26011
775.30786	385.00592
783.17236	400.45425
767.9782	403.00064
783.77673	391.08102
780.01	409.37866
769.58795	396.3339
790.70386	398.19748
773.4595	407.6101
782.73566	385.39502
789.1197	407.35867
778.1674	394.96506
791.96704	391.5948
775.8477	401.3818
769.7381	389.24237
156.111	254.87175
144.52046	248.2961
161.55338	240.5664
150.32579	255.98235
132.24759	246.27261
169.95277	252.12466
137.93297	270.0302
145.70747	225.252
163.96945	264.96732
133.68652	238.69316
170.7753	243.04146
133.57819	264.32483
151.60266	243.16194
171.06381	235.06438
139.86658	260.78738
155.95134	229.2111
157.2747	269.13153
126.52498	249.98697
157.61276	233.95459
156.30746	264.0131
143.96286	240.0081
171.45316	258.34424
141.3873	253.28247
148.0702	236.08023
152.96288	80.07649
138.75316	86.324455
177.70303	83.28152
139.23048	98.460724
138.83707	69.70976
158.33405	104.81409
142.62599	92.53349
167.52951	80.97855
160.3531	84.643974
148.8275	84.980675
169.16264	106.00792
141.63266	108.531456
150.1658	70.86278
157.53233	91.70108
129.4341	73.28583
165.25703	68.33585
151.68185	94.79093
138.89713	63.25891
167.68564	95.233604
130.15791	89.956276
158.81906	64.31557
150.86313	107.0554
138.66774	76.25631
172.7326	73.65738
130.26878	102.57977
146.33879	61.677807
504.3642	411.84634
484.66278	394.4414
502.46417	381.2706
495.673	406.14426
490.87286	381.98193
502.19098	397.72638
478.85205	399.21533
494.91998	393.42242
492.14926	413.72452
476.3496	386.80078
501.36572	387.6519
488.1556	402.48712
486.4637	374.96634
510.31235	407.37616
471.9663	400.84372
499.71967	375.40338
486.40616	419.5568
481.9577	382.62415
510.76108	400.2791
474.70688	407.52805
491.00287	387.88794
497.97296	416.3423
471.0965	392.32373
510.8614	390.99628
480.9498	408.909
148.29831	489.6911
156.28885	510.00015
137.41293	505.00586
158.04373	487.7796
148.85022	509.04184
134.8238	496.99625
156.06789	500.86304
143.00755	510.20166
153.56342	493.07797
163.97531	510.47452
145.34775	500.35962
163.27448	497.87842
150.70795	517.0228
142.11057	493.1172
162.51192	504.94818
593.85345	394.16718
610.1006	398.84875
613.5419	418.3124
604.35504	389.98868
621.8161	396.3983
606.4247	408.06067
607.0207	377.9933
616.9736	403.29816
605.14056	397.91656
615.412	395.68533
613.0973	410.19043
595.6561	386.66052
627.6127	403.20993
601.29236	401.5164
616.2306	386.7082
624.1259	408.8181
589.3188	398.7196
623.29517	381.756
601.37213	412.06064
597.9829	381.00693
629.4634	395.61804
593.26935	408.5137
615.8161	379.7451
