167.4412	559.5532
161.44339	550.6244
170.7151	552.3597
169.25452	548.4503
164.48749	548.52057
165.73586	543.5905
164.74995	551.67615
159.96957	547.3426
170.47617	557.1146
165.3013	555.1901
172.85803	546.96497
867.0726	397.5924
862.2954	396.15152
871.371	396.1433
864.4415	394.70422
860.3966	391.28592
868.9417	389.26285
857.5123	394.35712
862.6097	385.943
865.29346	391.76605
869.46014	386.54254
864.2292	388.42242
161.57562	421.20197
169.07857	421.3924
168.8787	414.31012
161.95285	411.619
171.59393	413.88086
165.6036	425.78677
159.07074	405.4962
165.86429	417.75043
168.34361	411.19522
172.29716	417.63287
165.25021	412.2038
161.32906	416.71625
171.72061	405.9251
404.00092	405.78833
401.38406	374.42728
380.3535	389.7928
402.07263	395.20935
411.01385	382.7936
378.8112	401.40317
391.11127	380.51465
404.89886	415.63028
385.5718	400.24805
389.27756	402.9068
413.4558	393.41788
383.26093	377.10663
404.72162	384.88724
412.36017	406.03775
396.92657	382.6651
388.63358	410.8042
381.88184	384.8022
390.4859	392.92975
384.92056	409.375
397.63458	369.81766
396.77057	400.8993
404.10773	396.84317
409.90308	389.58618
414.97687	396.73618
377.55182	397.14212
413.69794	389.96152
385.63705	383.9246
386.77728	374.4982
397.1391	389.5011
760.5309	394.5662
764.0502	386.35773
765.9487	395.3167
761.04333	388.86884
764.3571	389.9748
751.681	391.96106
764.8829	398.98892
756.0877	394.74213
754.15564	389.1747
758.4954	386.50824
760.5624	399.5034
757.3325	389.66852
768.28394	390.1051
162.75047	325.5431
163.17513	331.0504
162.6083	343.29486
169.711	339.51935
172.94406	323.52838
155.02467	334.40662
167.46284	315.54144
157.31686	313.9035
166.14676	322.84158
169.37491	319.22284
157.31819	338.35028
160.05582	323.32516
180.44699	330.81662
169.44261	327.82153
168.60313	333.82355
174.09898	331.4704
161.9293	319.4142
172.13669	320.95297
169.03468	345.29602
460.9488	105.950806
458.1565	92.17347
464.6915	108.96983
500.46426	68.84007
461.7015	84.842476
446.44452	96.836815
502.55524	74.30554
490.0336	119.359726
455.3414	74.30425
507.59628	100.54434
481.32968	121.316025
492.12476	62.038647
467.29526	118.22868
507.1762	88.129074
462.68793	89.15721
458.11377	118.55449
494.3117	81.04659
483.87482	78.97766
498.73544	99.34846
491.0861	109.83125
492.2784	93.9272
481.5716	62.383392
484.58878	108.58844
471.66644	71.929825
504.41644	92.11952
488.27045	99.951225
468.15717	75.89775
493.62735	77.064896
464.67203	99.58211
460.3736	72.31779
787.01416	76.28105
801.7184	54.07029
809.74304	67.53076
796.8518	49.66736
807.0849	45.64567
810.0095	60.36724
780.3331	57.91802
791.9525	43.03245
802.95074	75.26022
784.1854	49.731174
788.49963	54.571186
808.69073	70.53255
787.6036	50.46142
798.5593	65.60524
796.80176	72.86815
780.94696	52.328777
787.1834	66.83099
778.54095	69.56172
793.58765	52.540077
785.51294	60.046734
804.94965	54.64328
792.8891	63.076965
162.66183	87.819435
182.35619	59.070457
173.8934	67.67961
140.5376	73.57775
175.22762	56.71418
152.0467	73.72722
159.75795	78.288925
186.07683	77.54622
150.85358	85.364006
176.17361	102.363434
149.37268	81.15826
181.1545	65.55212
190.66887	75.99089
148.50824	88.54449
178.92004	68.58089
153.12688	92.91915
149.7301	67.98921
156.76999	62.64076
181.48357	96.710266
149.58891	59.873512
172.25305	76.18208
188.2975	69.412895
173.28218	93.07305
159.08255	87.18868
175.43027	62.052895
159.14026	71.14833
169.08148	65.65171
183.22383	71.584755
602.55457	400.33923
611.8943	375.90842
614.2372	396.95798
598.75183	397.7047
606.26917	390.94208
610.36505	393.21384
608.68976	401.38644
611.9574	385.69876
606.24713	413.1504
618.6919	376.83002
620.6294	399.33377
613.59595	406.62723
626.1651	393.45096
616.1331	387.92667
608.15796	384.18872
625.57916	387.30856
624.1575	397.56818
615.01276	391.24316
629.9648	383.34894
620.5038	392.43152
620.7304	381.9282
616.9957	393.44052
817.40686	386.07297
821.804	384.63147
810.2026	393.19635
821.666	393.4323
817.07697	398.2521
808.3295	398.52563
813.7454	390.3316
814.2257	399.07553
812.3097	386.20673
817.0445	394.73782
809.3707	387.46683
819.039	390.88132
694.95215	399.58844
701.66174	391.67276
692.57025	388.19333
703.28424	395.1545
691.18994	380.49973
706.1776	390.48788
688.12634	384.55713
705.621	400.8706
691.9993	394.63123
695.9713	381.86185
698.4179	394.18906
692.6984	399.61307
701.6998	387.65915
700.99054	402.70807
695.2301	389.55377
700.15375	385.11664
172.12791	218.26338
158.16243	204.56088
166.72598	236.72835
164.96208	225.84448
160.64752	219.74898
156.10558	230.48984
172.3709	202.27066
179.77806	204.57974
152.60968	210.01901
169.22568	223.01477
177.06311	210.29756
180.46042	219.26482
184.00102	217.0782
154.41357	203.62418
176.89214	223.23132
169.15768	197.51634
161.13568	215.0946
167.02786	204.39175
156.12886	221.17537
146.88635	221.50266
175.60587	202.71042
161.6707	228.1949
158.07019	201.05264
522.1461	405.89133
505.3554	389.10037
513.9768	368.36237
515.1654	388.0866
500.2628	396.31952
501.48038	403.77417
517.7484	383.3553
524.0382	378.7107
508.46475	405.39853
506.91235	380.23032
533.6218	387.43008
505.7811	400.461
499.54483	399.0019
531.4206	398.4994
522.04236	388.05133
501.03018	388.11395
516.86084	399.62744
516.4496	392.11456
499.95493	380.8189
491.54425	396.72168
525.0294	389.72986
515.8485	379.46655
513.27606	403.7173
520.1303	395.46136
496.24448	392.43655
167.49193	489.82007
174.52242	486.37628
158.02924	485.48346
162.02977	483.60873
166.45163	482.36142
166.47897	476.22772
176.17838	482.46136
163.82515	486.58136
167.8678	485.78354
163.52078	481.17938
159.30566	496.2145
163.91978	490.42944
172.2793	490.25497
