755.4184	385.16812
746.90625	387.35797
756.0993	374.29364
761.3812	388.2353
750.2976	380.71613
766.5781	379.70135
759.34033	400.2663
749.5949	373.99564
766.7584	395.16714
741.8834	391.92816
761.66943	376.20575
756.2988	394.28094
742.71985	384.11945
768.98	387.65125
744.2417	399.5378
742.44543	375.14426
180.03888	570.04065
166.8198	562.5946
174.3573	559.6858
172.0781	569.09
160.69537	557.31396
183.88553	562.6927
158.51248	570.1495
171.87408	551.4408
172.68925	575.4884
156.76944	560.8197
179.5818	556.86774
166.19363	572.20514
166.23634	551.58215
182.90817	507.18564
159.46695	496.99893
172.22552	492.75912
169.27516	501.88544
164.48463	494.5211
183.73021	490.01367
163.87299	506.52948
171.53503	484.67212
173.4008	511.6713
154.94226	494.34674
178.53082	486.21768
167.56715	510.56534
167.69261	480.1374
178.90573	499.2277
160.01445	503.2452
798.0405	42.177246
787.7307	69.4422
769.5883	51.99697
808.09265	48.993065
784.45123	76.87919
790.53436	34.10794
798.5438	58.4253
770.70544	60.1439
807.19055	58.27169
780.70715	64.4564
792.87024	48.75791
785.4827	58.415962
766.95703	66.874275
781.90656	41.068832
799.13525	76.17568
762.9774	54.070015
806.3294	39.985306
797.7796	63.607475
777.28357	39.22149
804.2726	67.34249
774.57043	68.49559
789.20544	43.467323
787.9587	79.91235
771.0055	45.00621
496.4066	69.68917
454.5974	66.322586
492.58136	55.570904
486.3877	114.1093
462.88428	79.24811
517.76056	78.401695
496.7984	64.091125
477.5555	85.20854
492.67886	102.69955
467.78134	108.82052
475.96942	73.16875
483.18002	93.25338
445.56024	90.89189
494.4952	80.597496
454.5703	107.62484
464.59894	62.00944
465.96347	95.23633
481.0097	116.19724
469.94995	80.72146
468.04263	100.529526
466.52847	72.17533
497.25122	92.060486
448.13507	102.59257
472.0851	65.69329
501.87125	111.09894
459.54126	89.52122
501.01935	78.68293
497.5417	115.36843
450.68002	58.57506
506.7456	103.243225
486.8002	391.16922
499.8795	385.85284
504.1336	399.88467
491.87616	372.96576
504.11685	393.04703
479.64227	400.21588
496.04608	365.87054
513.91785	397.82956
484.06464	382.58405
507.13934	370.08218
491.53418	388.27756
509.5083	378.6465
512.14	391.22232
486.6745	404.77167
500.34122	370.76886
509.6208	407.56122
476.32016	385.22543
509.6901	383.63422
496.39023	394.14447
484.3299	377.9461
515.88275	387.134
476.7198	394.93207
514.1096	366.52075
496.88785	405.57928
482.023	368.8012
517.83136	380.9009
388.84613	401.41425
407.07645	376.97476
389.34015	395.41226
383.0639	379.0602
395.659	387.33337
398.0858	394.04242
393.55225	375.6002
404.2475	386.1416
378.59186	393.78812
393.55743	359.6928
409.53668	402.70502
373.48734	383.43918
405.98578	406.4625
375.27005	406.30768
392.16534	365.58453
417.14996	399.03973
383.92783	386.37128
403.13007	369.819
400.33905	404.83936
391.38004	370.65564
416.47964	381.38736
391.07706	384.74832
402.24557	358.86005
405.9482	392.75528
366.3941	390.1269
409.70428	383.8311
384.1886	403.83118
372.97488	370.765
424.15274	376.9567
854.38184	388.37158
856.6483	375.69385
859.74475	394.60074
847.91766	379.76837
863.28906	385.02084
851.47986	394.36984
855.7446	382.75174
865.8182	390.98993
845.9022	388.0279
863.34705	378.60645
166.12057	422.544
166.56651	406.6725
170.42188	413.5228
164.82802	436.92163
176.9291	403.55673
178.2704	435.64374
162.0851	419.09195
178.95474	410.7338
166.79837	428.97144
154.95793	401.87457
176.68123	419.93335
155.3535	412.81927
188.66833	406.97748
172.84523	428.1485
159.4686	405.61908
183.52998	417.44012
151.81088	421.50912
170.8087	399.49893
186.1394	428.01007
686.63684	380.87592
686.87756	390.54913
685.5656	404.49896
675.3971	370.90613
697.464	388.3972
669.0746	390.59265
694.68335	382.00757
679.9308	388.12198
669.0917	374.3051
698.76105	374.43967
676.74756	402.21527
680.7375	367.11664
702.0612	390.95477
664.1872	389.14066
691.9845	370.90695
692.1665	404.47162
674.5243	382.8914
701.29364	381.36487
675.2543	397.61975
683.69147	375.31332
696.0386	399.07422
151.08243	316.25314
160.09259	302.98862
173.54788	323.1248
168.36812	312.74976
170.65227	307.7932
149.06526	304.6088
180.81291	309.63284
167.95927	341.11636
155.35117	293.95908
193.22308	316.82764
161.32072	312.04236
175.22704	298.96722
187.63492	335.19788
152.57794	329.0741
176.66574	317.3301
178.54471	329.26498
155.78574	310.83435
194.58263	305.48276
160.99039	330.964
182.74484	301.71188
185.17033	316.63855
156.5429	299.9587
188.05165	300.57364
161.93985	323.78378
163.4105	288.263
192.0784	205.07906
165.03061	187.59712
174.07596	177.07037
172.74727	219.1905
167.4191	193.92644
159.22267	199.00159
159.57837	203.2877
165.08751	175.10977
175.53096	199.85718
148.63498	189.94162
186.87604	186.82324
182.30411	217.95117
157.1451	182.88387
182.17026	194.05443
151.35518	195.79385
185.86217	175.2982
184.79321	207.96065
151.0405	178.16861
194.79248	195.20973
169.2352	209.43631
158.28311	168.84195
182.77689	203.36348
143.45377	199.84918
184.00665	179.9449
154.30006	210.0769
177.72145	171.27258
824.7106	386.79727
807.2141	388.26062
814.1555	371.43622
819.745	398.31723
802.2121	383.56107
819.7028	378.372
803.9781	393.268
808.27057	377.41788
815.1917	392.79926
797.71924	389.08298
813.3502	381.57227
809.7203	398.87793
802.10583	375.98795
818.0991	386.3445
147.54807	72.1522
174.83575	51.934246
163.85164	67.62919
146.14589	64.029144
174.83261	38.079796
176.72589	74.7176
155.53728	64.15101
188.4174	71.01451
174.77524	81.72139
182.21494	54.625477
183.31157	88.07289
141.13394	53.047077
190.44756	59.03237
162.61748	85.47679
155.2422	43.65081
192.46988	80.18526
153.86215	68.579704
177.50696	59.180614
168.11938	96.22313
172.5555	41.872566
193.2952	64.63994
149.98615	86.37546
163.37053	60.569042
182.97827	77.94481
157.76483	52.836494
184.3292	45.60906
160.44315	90.09874
172.2847	68.795395
617.9105	389.74136
581.4244	392.87595
601.74255	370.47357
606.1055	384.62732
582.5001	369.49207
611.1063	406.98398
602.17346	389.02774
585.40967	378.89426
603.9151	403.2002
595.44336	391.0357
595.38995	377.35727
584.12415	403.9797
585.97034	387.70792
619.4758	380.24042
579.395	403.1424
603.62024	364.2151
590.6869	406.06268
578.08636	376.128
604.44916	378.38715
603.4044	408.4348
591.62976	375.36688
608.1979	393.36984
576.5076	385.7149
613.09924	370.33624
587.29376	396.63998
595.3716	368.57773
