717.95593	394.76834
706.75604	395.0935
711.54193	388.79907
715.0466	402.75177
702.31854	388.97488
721.66974	388.50504
707.15875	403.45187
707.5914	381.24295
721.75696	397.9953
700.5123	397.63446
715.8626	381.351
385.50314	392.05142
390.45892	384.6412
371.2428	390.93936
376.63098	415.89615
359.6099	379.8261
361.0949	398.06027
357.1364	384.7793
358.0755	366.8167
363.72644	418.65616
374.21176	377.72733
383.49292	411.38525
358.10556	420.62476
379.34686	365.37454
380.47128	398.10992
349.1103	385.22186
383.38483	380.49203
357.01398	405.47223
356.80145	374.31512
393.75003	392.75098
353.7355	409.52356
395.80594	381.62515
373.50754	402.47354
352.26266	367.19412
398.02704	401.87244
367.83246	405.55905
373.05182	372.2624
378.1573	428.37946
344.12665	396.52414
743.77295	61.675903
739.5426	44.772144
754.6935	42.130623
739.6914	73.47307
721.8906	56.41709
750.2191	67.36399
742.636	81.024025
746.77905	45.116257
746.15826	53.319874
735.8315	81.61636
730.2582	43.15783
764.2265	73.42525
733.30695	69.14142
759.24615	52.054035
764.6728	76.68742
731.21954	52.47464
765.52496	56.780293
725.184	75.25993
741.2801	32.768814
753.74554	78.26595
728.99005	65.01982
159.4802	419.82733
149.77692	435.91388
152.47676	423.20126
160.5604	426.75806
147.80403	414.73715
156.39934	410.3108
156.6088	436.08936
140.71945	420.66888
165.00372	413.75653
146.61856	427.72803
151.49849	410.46304
163.63351	432.1696
150.90648	487.0939
158.79996	480.6712
145.64201	503.20953
150.97285	480.65976
163.66939	492.26544
144.60521	493.61298
156.87065	488.9965
159.13016	500.01764
144.25607	486.55206
167.16507	485.27847
153.46147	496.9261
147.12364	210.0286
169.97089	232.20003
142.64229	231.5033
174.46066	220.59705
160.43173	229.75772
139.18779	221.2319
163.12877	217.19376
134.57932	228.32565
154.32529	216.53593
165.07045	245.5367
130.91228	214.89836
145.52603	244.24199
163.86629	238.62637
145.18517	200.9847
180.152	223.35489
141.24954	238.59619
159.80989	208.70932
146.758	225.05338
140.98679	210.28073
180.8129	212.98743
438.96915	108.08946
430.28607	90.894394
469.90887	95.95935
459.2138	82.56122
444.1954	80.86414
439.03906	98.92271
427.86676	61.05602
477.11954	104.8433
428.5097	125.254234
457.02826	62.198933
458.68002	119.66604
424.94742	122.63307
457.46484	96.43895
427.7531	110.25012
441.268	62.968292
470.69034	133.0281
448.3873	67.81709
457.31647	69.864334
462.24066	125.370705
428.97333	86.64775
475.9232	86.83565
429.10855	104.59003
468.41528	55.542084
465.195	85.56029
413.09628	90.64212
461.82007	77.944855
446.21548	124.87759
439.5389	73.49532
456.99976	114.635704
556.0205	399.4571
572.5952	384.21854
571.77515	412.08554
551.7607	381.75116
579.9874	394.5068
577.22595	399.09177
564.0911	400.6253
576.75476	386.85526
559.261	384.37958
575.11273	378.53464
558.86804	409.84332
567.6311	391.6087
587.0077	396.12347
550.0524	401.98755
569.45715	378.99136
584.75757	409.8642
550.38165	387.81418
584.38495	379.57886
569.2587	407.85687
562.7141	374.71103
771.4501	395.6927
758.12244	391.67264
761.3229	381.20325
761.4242	398.78973
749.0348	390.18127
766.0329	392.169
754.6471	401.43048
754.2485	381.90405
763.0995	404.14862
751.03076	397.5879
767.83234	385.64532
157.98001	562.11475
150.6373	540.77905
156.42819	554.1098
148.24905	554.8704
158.54771	542.1458
164.89188	556.94977
141.65785	547.0086
164.68027	548.17566
149.3135	562.9063
149.18831	547.84247
162.75989	333.54153
151.66914	349.61456
167.20972	320.94467
159.13321	353.25528
137.73209	319.8437
150.92346	331.57465
150.85576	340.86838
147.19742	318.34796
161.25385	342.74484
146.01166	327.137
176.87428	337.54535
144.5141	348.67603
157.7293	316.3507
169.20087	327.68704
134.61055	343.35852
159.66922	329.59314
171.81062	345.80115
135.43161	335.525
650.97516	388.17444
652.3225	395.45367
645.639	384.70392
657.46155	408.5424
636.73566	398.71237
650.9848	382.018
650.2487	408.03677
644.9307	391.97418
667.0269	394.62442
630.7297	394.76923
654.5328	377.52097
659.8771	400.52094
638.7843	391.91193
659.42596	382.7188
643.33716	405.2005
646.0508	378.40363
659.27673	393.47943
481.42914	403.00787
494.98456	380.14655
481.93768	413.52402
473.7796	386.20313
479.1835	394.1043
472.8369	395.04486
473.06915	377.9688
496.51678	386.44525
459.4698	386.70816
481.8305	377.44498
471.97333	407.2368
457.77118	379.62982
485.28262	397.93555
461.16846	401.68304
492.10303	374.3021
490.27777	411.2435
464.18106	392.90607
487.64227	390.3581
468.35294	402.8149
468.1543	383.17883
491.9732	403.68597
143.1806	105.4677
185.07433	59.937202
182.8613	85.26296
153.8331	80.96474
171.27426	85.39908
149.60117	105.09068
142.0503	75.15893
143.14325	90.91677
150.70859	86.66402
176.1835	84.3698
166.56664	109.17222
135.17464	59.906364
171.5257	91.38543
125.950096	82.56407
164.04092	47.006977
194.64294	107.80681
137.81148	71.70827
185.59982	93.7726
117.88174	83.70983
156.58809	51.440193
159.01003	82.222336
130.69006	77.41782
151.36755	74.06801
134.49069	102.69667
126.647766	66.373665
167.14195	98.71007
132.72006	91.24506
169.2278	65.04939
808.2347	403.19537
796.02856	391.8864
815.8121	388.71622
802.0586	402.77832
804.95953	386.5667
817.3938	396.53207
799.90906	396.4076
811.55914	383.70087
808.80774	394.4092
796.09924	386.16724
