618.9286	385.91525
616.6691	377.0512
632.3857	388.18677
628.05286	393.8778
612.1871	386.05328
632.34216	379.90338
622.6497	401.6056
620.3329	372.1147
643.5774	391.76343
622.2559	392.13907
630.01245	373.3298
633.3994	397.40494
610.96277	379.15024
638.2864	380.9305
616.8901	397.82367
625.7088	368.00333
638.63855	394.2505
609.6515	393.90375
639.25256	374.5253
471.23447	379.68585
464.92465	399.70145
470.383	389.19647
459.60928	391.49026
462.3072	376.5943
474.49814	405.83145
457.88892	382.22916
474.84335	372.97955
454.76636	395.59723
468.49762	371.27008
472.0937	395.1742
450.99692	388.69937
471.4659	362.7055
462.72568	404.1171
451.18732	374.77255
485.059	384.91882
445.61328	391.51346
456.48325	369.73566
480.61078	394.157
448.75787	380.79956
478.21606	381.20123
456.7291	403.8412
451.69296	369.60648
171.93073	406.4913
161.9327	403.2251
157.08678	393.0404
160.25421	394.55618
148.0859	387.64703
171.4226	386.32712
150.22104	405.45233
154.79141	381.49997
171.87767	395.42438
147.18706	398.4995
166.05829	390.7303
159.78737	413.727
149.32585	380.85687
178.48836	389.1115
138.90347	397.9947
168.14552	376.82977
178.39897	403.58044
141.68993	391.54095
161.2213	383.09467
158.38062	499.43594
158.26608	476.02472
167.85806	485.05136
144.0052	480.34537
163.59921	479.60352
151.57584	480.53384
147.41064	472.45258
168.75946	475.72418
146.49883	491.747
172.67856	472.8404
169.88593	493.07977
162.22392	486.88467
161.7732	471.01483
155.60167	490.5982
154.25568	466.86816
176.70895	484.89926
439.5921	117.0188
422.3145	59.663536
470.61298	100.515724
430.8211	84.63592
447.6963	80.80821
437.07733	92.60026
460.5893	58.59803
460.22592	113.86873
435.72095	100.675186
479.7375	79.057205
460.03436	88.50383
439.42984	84.646904
454.61093	85.58571
415.6534	98.66897
449.13663	55.39287
462.44052	81.493965
428.54752	74.847374
450.4212	67.921585
454.0562	119.443954
440.3172	71.751114
466.2408	94.15425
416.33936	93.497696
476.26117	70.126976
453.9891	103.458084
417.91498	78.40781
478.90204	90.61914
457.01483	96.899216
440.15073	56.279144
165.26712	186.63007
153.88919	181.70804
153.36101	165.84975
157.13164	203.91843
161.49388	181.50641
161.81453	169.47928
140.5471	179.30058
160.4873	162.19595
161.64137	194.57217
158.42097	176.82669
173.12158	168.8809
140.00568	194.11653
155.90982	152.94467
173.71289	186.10242
144.0015	191.32065
173.25616	160.10118
172.46948	192.03152
147.48	182.07388
179.73428	178.62555
151.2473	191.07974
149.12454	170.95914
173.26474	198.5803
367.94705	393.36945
363.63464	373.14163
375.87524	396.4428
357.29172	375.87177
365.52258	384.10873
345.4211	394.38745
379.71164	389.81305
377.77924	402.12567
363.10663	406.6458
378.4096	376.14713
370.2413	403.00146
378.09973	366.55612
385.33868	390.79947
347.5917	380.81235
382.7534	372.2028
366.92325	411.9306
358.84436	364.4661
399.6917	394.27032
359.54626	396.65875
373.56573	360.67963
390.69382	398.0853
352.98935	372.49524
396.76895	374.67712
353.16895	400.12494
369.5114	372.26236
391.33972	388.0868
354.01736	387.44257
554.90076	368.22202
552.9745	393.7233
546.71277	390.8655
557.00214	388.55386
532.3129	400.1934
548.8719	370.37143
557.5936	400.62335
543.9208	376.5932
555.5277	379.7039
552.88464	402.9764
530.11584	381.34488
565.3082	387.84592
537.34106	389.71735
553.206	361.00784
540.5394	402.8766
533.90704	386.4953
565.15906	379.9705
542.69275	395.56686
536.1885	370.58807
562.1119	396.78967
539.64386	380.58698
557.87335	375.86716
695.42554	402.30777
694.0199	377.16174
701.0311	378.54016
690.4989	391.79062
700.75214	371.4123
709.65875	390.102
684.29645	386.0322
710.319	377.36438
703.34485	386.62506
686.65356	378.72888
697.38684	392.90836
682.7332	392.30014
710.76025	370.5197
701.9217	398.54834
677.9033	382.29462
711.4653	383.25018
687.55066	402.4536
693.9638	369.46603
711.2505	397.37946
150.1049	290.12036
157.35013	288.59045
169.53711	303.73428
154.90674	267.19037
184.17088	297.85416
159.29213	295.35464
162.20024	270.5898
173.93173	302.31845
136.05376	300.43384
172.10663	283.5912
147.53772	309.785
149.83401	279.24026
164.61984	297.5417
151.74686	295.7586
172.02719	277.66083
162.71585	310.4519
141.79228	292.94366
170.62146	293.588
145.16434	300.9635
162.35443	279.42963
179.4769	286.86243
141.78394	275.3073
760.22455	377.08212
756.8529	392.48062
748.89526	377.21164
766.5457	390.02496
743.6888	389.02945
754.9725	374.4716
757.3819	397.93332
747.23914	383.0058
766.89874	381.45773
749.38403	394.1626
754.21545	384.26355
759.2812	386.87003
133.88083	82.1245
178.62663	44.50576
176.61786	87.82457
151.56873	62.339764
177.33144	66.83526
151.9144	69.60025
146.71829	34.90624
161.47748	69.265915
144.76859	65.349846
171.14703	42.711845
149.50932	79.84821
138.8953	46.72863
165.55513	64.757385
163.72118	56.045082
168.6806	38.100014
160.90216	86.215126
159.13934	42.988457
183.50647	63.954174
142.51039	82.34589
168.96078	49.681145
166.36018	83.84882
139.35068	64.7532
180.76308	54.636475
177.08731	75.780106
143.91179	56.148926
164.82526	554.5021
149.45363	556.97284
158.45638	540.421
165.72641	561.6815
148.89694	545.69617
164.95857	548.4313
154.15866	563.82806
159.25941	547.7997
172.10037	552.60376
154.54214	548.16785
168.41342	542.6448
155.7893	556.4166
790.08966	378.8555
811.22894	384.76483
795.3203	397.84906
798.91797	375.4082
808.78064	394.3405
791.04834	389.15833
806.20123	380.3935
802.4954	395.19614
797.04016	381.767
806.22736	386.93906
797.5043	390.53644
806.43146	374.75098
744.0028	58.165375
726.25305	44.33355
758.7081	67.23032
726.6949	69.61525
752.1726	57.477478
759.41174	77.91792
740.6307	68.52858
731.4603	34.769028
733.52814	64.78447
725.87646	55.450447
757.6844	51.72262
721.99506	73.96331
739.9505	45.68389
745.021	75.13548
722.1514	63.68814
747.5143	43.31899
726.323	77.87775
732.2151	56.893776
749.3255	66.19781
714.2476	68.02457
763.0469	44.631325
739.5823	80.87334
715.9496	53.24101
752.225	41.627712
