486.5358	107.87042
481.1452	85.69902
474.32846	78.38061
477.03204	119.16597
468.1009	81.78653
513.0131	82.16667
462.47006	103.97626
475.1439	62.94745
498.09732	70.92732
460.6067	76.672386
500.07208	59.442944
493.35	87.416016
453.56647	92.06749
504.0124	63.88518
465.99155	93.82725
461.8672	71.16748
500.29507	82.06935
456.24982	96.40779
488.83185	58.321583
468.58173	111.82438
455.91864	61.229267
505.37933	98.66618
452.12622	106.53009
477.87592	46.562317
478.06683	111.105835
465.45892	89.24843
505.36127	71.39807
483.6275	103.27647
470.80386	51.729992
492.4812	107.51349
586.43134	385.81805
566.8832	384.40314
588.5051	406.06265
581.5867	375.7124
592.736	383.7755
578.38684	384.72827
595.533	371.25946
592.9138	395.9621
573.7033	377.40018
600.49304	376.0893
589.84784	392.71487
573.73755	366.24185
609.46155	387.29718
570.97394	396.71472
592.9281	377.73196
597.7993	400.1767
567.98254	376.9737
606.4913	376.7994
575.17096	400.61557
585.99426	366.69742
602.6144	393.2754
571.60016	388.03403
588.3008	361.94086
583.0214	396.78522
172.3276	474.95688
179.45662	482.72876
165.18968	480.56396
170.12871	468.5749
173.98618	495.4167
160.43988	477.23126
185.30511	469.21063
170.0051	483.91144
161.89897	465.99814
187.51865	483.49835
158.80844	487.34586
177.15399	464.63882
174.00647	488.2647
164.9461	472.1701
178.5564	473.049
161.64003	494.5088
767.8351	44.161613
794.46625	68.16702
788.8188	59.53117
779.24744	44.869427
785.90784	73.7411
768.62573	34.458317
785.33813	43.99737
773.507	63.91233
802.53296	49.218895
766.14557	67.45465
762.8302	56.62785
793.1348	51.954693
783.3233	64.07828
791.10913	38.61004
808.87714	63.56999
762.6432	75.129265
800.30927	36.58532
791.8351	81.21903
774.9359	49.399025
801.5338	61.3102
773.13794	79.12283
793.44104	47.047707
800.8878	76.38985
778.7552	54.880913
815.82935	50.335094
777.48846	74.16172
173.68456	295.70572
178.67828	298.6936
168.96095	303.21503
176.02493	283.6362
164.9858	311.3555
167.13203	284.9656
168.55966	290.35297
160.79578	307.60382
154.88123	276.87796
187.26848	313.3187
152.98593	293.02017
189.64914	290.68134
177.76088	325.958
150.6413	285.98938
189.7705	303.76974
151.79001	315.96588
182.7809	285.30237
176.78119	315.9129
148.21202	308.7862
190.02066	296.4529
161.79233	318.10913
172.21123	282.1059
193.8307	310.20514
161.19765	291.08463
815.0731	372.60107
807.9447	393.77536
796.0146	383.51404
816.4066	388.3253
800.17035	399.0362
806.17944	379.82202
820.1846	394.05756
801.70325	384.3847
819.7842	375.25433
810.65894	384.30804
805.15765	369.57108
820.65314	381.28815
799.34424	391.57257
810.0637	374.445
812.2638	398.03958
796.4918	377.19427
865.25146	381.3907
857.95764	391.17877
852.1092	378.81586
866.38464	392.29877
855.1266	384.17575
863.8001	376.03094
852.53827	394.49042
845.01526	380.53183
861.6997	386.58896
846.40967	388.8507
856.1509	372.86124
754.6361	394.18024
739.6249	380.1507
753.0762	379.72278
743.0641	392.64972
744.55225	386.44226
749.94025	387.8034
728.77637	391.43097
749.9562	375.9605
748.0852	399.2332
736.033	372.04718
761.37744	379.72107
736.1994	402.52768
747.7463	367.1376
760.75684	391.74625
729.63617	379.8101
755.09607	369.27408
734.8144	388.61685
742.63214	371.27863
758.39343	386.1889
165.67105	403.44946
169.93045	389.16135
178.94057	408.2489
174.58566	397.58704
189.43407	400.6242
159.36919	412.89145
160.27695	393.7194
179.97067	400.6863
151.96777	398.97513
177.27713	388.37552
171.3587	417.65192
156.87396	388.24554
187.07564	386.37888
155.3488	405.85144
169.5859	378.43063
185.3541	405.99994
163.92932	398.66058
184.04147	394.29483
183.99144	413.62018
165.10309	382.7847
180.30203	558.2899
158.37845	556.08344
172.12024	547.96454
183.56377	562.5656
156.76816	545.11346
183.6866	550.67737
168.56946	567.05554
177.38051	542.72095
172.50418	557.5518
161.41037	548.52527
185.02884	542.7099
164.76443	542.1367
164.45126	537.5479
173.06654	552.4424
167.84038	560.51624
180.26508	536.71094
502.1997	398.5597
497.93756	383.9511
495.64307	377.30945
486.00082	386.10803
504.1115	368.81866
508.75693	392.61615
476.36533	388.98038
511.90656	375.49628
503.3703	380.71884
490.29095	377.2718
508.72665	386.98965
484.10025	404.65765
492.96075	362.86038
513.6732	399.02945
482.25717	381.84683
510.3537	370.21765
493.22842	388.36658
476.00757	377.28156
514.0046	382.75797
487.32208	397.38065
499.64902	364.22107
502.01947	406.0884
486.15704	370.1452
518.75525	387.825
496.1852	394.84152
475.42535	368.4489
167.47507	193.9435
146.46632	181.95007
181.36552	184.40591
149.56322	195.43954
172.82242	176.60648
186.13283	193.38792
147.54645	188.78746
185.41469	175.78334
173.123	212.38022
167.95563	179.44484
187.69858	179.24722
162.00565	213.07053
154.77646	167.70859
195.55014	188.6803
164.12692	199.26103
174.04263	168.8754
184.69498	203.14528
155.19691	186.70387
176.07219	184.49898
161.46445	207.67754
170.0872	164.26082
195.83511	196.79675
168.93724	188.8114
188.66692	173.48947
179.13168	198.39584
159.53114	174.164
683.65466	388.36237
655.9058	399.2684
670.98584	361.29288
683.1604	401.9356
652.5428	381.5233
676.679	379.00504
669.7189	385.5347
670.02527	380.24176
675.7765	387.69696
660.9829	377.40417
673.9725	368.347
671.59393	394.9229
656.2849	369.11932
690.6835	379.67365
664.1651	394.16116
661.50745	371.9422
678.0485	395.8621
660.48975	388.13245
685.91534	373.98264
667.0286	401.72687
672.86505	373.3072
687.20374	391.95148
654.7033	388.41373
154.63469	53.660805
170.97067	87.52037
147.15286	56.58725
198.28426	60.83854
160.04979	69.20951
155.43243	46.674072
183.439	85.577034
163.90947	55.55018
189.65996	44.34299
156.55609	81.71236
176.40523	66.349014
188.73436	65.80371
150.36485	83.03693
177.93272	44.98841
182.71492	72.74689
174.42737	57.491108
170.21567	38.498253
185.48813	91.50609
165.97134	45.792862
195.46156	66.65847
161.3696	90.299225
182.78528	57.694897
166.707	64.40727
161.56046	36.668404
185.0394	78.04149
159.03745	75.47757
167.77803	51.96798
193.20265	75.18028
143.31306	69.45517
421.8749	370.91498
402.64682	376.4279
390.30023	375.90698
413.53564	387.16644
392.99506	402.90964
384.90497	390.6153
409.91827	406.82162
370.38882	376.57977
406.98688	382.22598
387.13898	411.3812
393.21466	362.75934
411.07407	401.27155
387.61847	395.5364
399.68604	367.5302
402.2745	398.11368
380.23102	382.96112
408.35098	371.342
379.14606	398.53732
402.40176	358.2862
397.64102	388.4626
373.10522	384.51062
416.59857	375.65143
396.7729	405.65704
386.48163	360.84763
412.79272	395.33417
382.4576	386.26385
395.54987	360.10287
401.38055	406.33066
379.43536	369.35883
419.57388	385.59158
