500.42514	89.93335
460.32495	93.76428
467.33453	99.33861
494.9262	102.180595
474.03302	77.70539
496.1958	83.02459
480.09122	91.58527
471.9367	62.443565
495.40332	68.24964
451.29874	89.06842
488.80304	82.64657
486.03326	100.49362
443.1399	98.78857
497.07666	59.78501
464.26547	110.28469
492.86798	60.803658
493.97235	107.352516
466.3755	82.93309
485.9702	65.17322
480.6036	106.63643
452.7215	69.84267
501.5208	96.30967
474.39874	106.61257
479.86395	56.298347
487.26508	108.760414
460.74884	63.58869
508.08163	69.70644
453.07495	112.322266
473.8355	56.572838
798.4284	379.64404
795.204	375.06964
806.51855	379.6975
794.2762	388.36102
787.95355	382.49265
802.20154	390.04657
787.6004	395.43134
799.9447	370.12787
805.4877	394.52594
786.6032	388.518
810.2155	375.58118
797.7464	397.74673
789.1677	374.59088
810.0541	387.65717
783.16034	375.06998
402.34875	370.7787
391.96405	384.0981
393.862	374.5048
411.50034	377.73148
380.1893	386.2945
394.85284	366.68527
405.0915	377.93756
375.50296	387.9721
412.5943	368.70734
405.71307	395.26434
380.25247	360.91043
399.64813	392.23444
378.2563	393.35007
392.7591	360.6142
408.29068	407.12665
369.25092	386.0973
416.32382	381.1347
388.57275	407.88556
388.5171	387.93423
416.53256	397.9968
379.6124	403.8773
405.3212	363.27173
394.45905	400.01846
385.78677	373.53168
402.3136	385.43573
384.9698	401.2121
382.91232	366.81537
413.94928	391.71884
164.49532	401.1819
180.53677	382.8946
168.32547	389.82242
166.3924	375.0123
187.58624	401.35077
177.54967	412.02408
173.0431	386.73184
172.76591	395.6579
161.42068	394.48538
189.87308	388.9831
164.44547	410.729
169.93343	379.97653
174.15656	402.4453
155.28168	385.43683
179.0938	373.26276
180.30515	404.5489
161.34454	384.64508
183.8428	392.10883
154.78523	402.74045
587.38635	381.88702
588.3629	399.7225
566.7291	385.80145
584.3009	375.59332
575.7913	390.91858
568.64246	369.81454
585.5577	388.1026
576.8042	402.70343
595.77185	371.86578
584.1638	403.11572
560.1674	373.82266
592.6006	389.04605
564.4553	395.6351
574.19824	362.34192
598.9265	392.67764
570.3377	393.49457
588.2975	364.80267
571.2607	377.45926
578.2437	382.15576
599.236	378.2811
561.47144	389.8987
584.05853	368.91824
593.2489	394.11444
480.98053	369.92715
492.47705	385.95718
489.68677	390.23642
490.8983	377.5303
515.25226	394.11343
482.20386	382.10046
497.2548	371.6631
503.01572	394.14804
469.71674	372.8283
497.80673	389.7808
493.8459	404.85748
503.3255	376.37054
508.50983	393.38614
480.23114	388.70453
504.9127	385.75705
500.34985	403.87744
485.5556	363.00922
513.3925	383.1103
473.41098	391.03195
490.9337	363.2547
484.93253	395.5702
472.8294	382.25833
509.24203	372.5961
481.34552	403.85284
490.70566	368.93866
185.559	485.39648
163.29117	472.27554
176.62874	460.47592
158.60715	487.89804
170.87785	477.10123
179.02028	465.6773
160.38766	479.25546
178.03621	479.43198
174.14491	488.3105
159.78441	465.8104
187.05835	467.11383
169.16006	486.41016
165.65364	460.5066
181.51793	471.85776
155.69969	471.8864
172.01663	468.81934
178.38431	491.75717
167.95212	546.9041
180.76018	553.0159
166.45833	561.12024
163.74933	541.6816
181.3833	561.3654
164.80316	555.6166
173.01724	541.46014
171.5921	551.45856
169.52034	534.4387
186.13107	549.20325
157.69412	552.12634
179.19879	535.2902
173.49141	559.41724
155.95724	545.62805
182.64561	542.06116
166.53606	186.41193
171.0765	182.72586
183.3395	191.44978
162.27481	181.35934
177.28232	178.08833
166.20256	193.75345
156.40224	189.32504
194.46948	193.50801
168.62302	201.06236
175.43788	169.61069
178.6008	195.37473
175.94876	192.09935
189.39522	184.26407
168.78384	211.86198
153.95879	157.84926
193.74077	183.51575
152.74934	192.1052
170.06367	165.71407
180.41367	201.13004
159.18338	176.15715
191.61267	172.33858
150.74118	198.18869
165.95581	174.1348
187.32167	199.3169
148.5956	176.02957
186.08818	58.423115
165.22243	52.728577
155.72162	49.262447
185.74004	69.13799
155.71277	89.57418
175.32281	45.395866
172.03806	61.303764
148.39966	48.835583
194.92648	56.56126
169.41458	85.98674
180.06967	66.794075
186.55618	78.76439
145.1036	69.484406
168.2476	50.273872
175.85533	84.95551
156.58408	74.71365
190.84277	64.23969
167.14725	63.23751
170.73328	35.13768
190.18248	85.97974
156.99852	63.98816
179.98026	54.775
161.91034	82.17489
158.4238	43.667137
194.35667	72.93237
150.55608	78.53632
177.94902	35.361958
181.66643	74.81111
757.44934	49.557495
801.0414	48.017998
796.63354	78.05498
785.525	58.421
791.9294	72.912506
776.3065	69.36478
792.72327	61.368187
781.6876	46.796394
764.26874	59.006702
796.6487	64.28699
770.6197	79.81276
793.4007	34.515095
795.2558	88.027084
777.8212	45.89384
795.4459	45.997116
782.00116	82.490585
789.46375	52.420856
810.70496	64.55166
772.2667	63.13456
808.76556	46.24135
781.99976	67.25136
776.0336	39.884888
800.263	62.092255
778.2795	73.59407
766.38293	43.14186
805.90686	69.483025
165.35458	303.10367
187.94089	281.5274
176.51646	306.7914
161.24878	288.12097
168.60634	296.70276
154.4685	311.33026
168.61508	286.07837
177.5066	298.3293
152.65167	286.28128
194.02255	294.11115
167.98071	318.3214
173.22763	293.33124
186.73775	288.97144
158.80435	298.31558
173.51793	273.10834
174.51956	314.6922
163.06009	278.85114
184.10367	306.40976
167.51013	309.8883
170.00385	280.34686
187.49138	312.6169
151.98459	294.33276
180.18454	287.33856
738.0532	383.88202
733.0469	373.91754
755.24036	386.683
729.49384	380.0112
745.63556	370.18924
738.4769	392.5346
718.3539	387.79938
750.86743	379.57132
732.3564	393.36026
736.7722	378.7204
747.1489	397.6225
726.305	385.1858
743.0111	377.82455
734.3454	399.49896
725.6088	372.63965
744.88684	389.07422
726.43274	392.20483
737.07874	368.2687
668.69653	390.53046
655.5301	385.01764
683.4041	375.91876
656.3451	392.33795
658.45154	371.2333
682.6217	391.35217
646.2538	380.93228
669.0285	370.52896
656.6996	400.33084
649.32623	369.574
677.11523	381.23566
647.0917	395.13834
658.47644	364.95856
675.78577	391.7302
648.48065	388.65457
676.59705	371.07416
664.0871	404.18475
656.9558	377.66302
668.9952	379.54657
662.39703	385.37943
664.22815	375.86038
668.82556	398.0149
845.35095	381.86215
852.3571	377.18274
851.3091	387.28674
846.34424	375.00027
857.7035	385.7338
841.7424	389.3606
860.5962	377.8936
851.5072	394.61917
839.2362	374.10342
864.1498	384.9625
843.64923	396.89145
855.3786	369.8139
858.505	392.951
836.13635	383.56555
