701.1397	385.0992
696.67944	398.83344
695.5393	391.3024
705.3289	391.50653
684.69556	382.70978
707.34534	372.40793
689.69446	403.1829
691.7101	385.6372
710.4538	395.00177
685.72473	390.80508
701.4452	375.68936
705.8528	400.8832
689.3153	375.04898
707.72455	384.0954
685.84375	397.04147
695.3104	375.79373
460.8313	401.86935
462.0477	382.78665
478.81607	383.1067
465.08063	392.65814
452.19766	379.2375
487.40707	383.30658
456.98138	388.79196
460.10165	376.33517
471.35394	396.70966
451.23105	384.8521
481.92072	373.40988
465.08438	404.98676
464.38242	368.61438
468.7829	388.32996
449.10504	393.43994
472.5931	368.71393
473.54892	404.5506
454.19635	372.7034
483.00302	392.1095
455.3824	404.34702
472.65326	381.77603
483.46265	402.96332
161.42874	548.9545
157.61198	545.0497
161.88634	555.21344
150.64609	539.66
167.36403	556.6672
151.71082	554.07007
168.551	541.43256
161.00237	562.7538
145.44878	548.92017
167.79729	548.6961
151.32701	563.1596
158.74646	536.4929
437.1913	106.99396
453.40338	87.77687
463.10553	62.908752
460.75482	76.639885
417.37827	101.96508
435.15704	77.7751
458.86884	116.02608
450.98837	68.247505
465.89737	109.48024
437.03534	97.60243
474.6294	104.87012
458.80753	88.67076
449.02643	77.78044
469.2582	85.74068
429.1285	71.42133
441.2514	64.657265
450.0621	105.019424
413.83112	80.36018
475.59116	86.52838
428.79135	112.40499
442.92618	53.364655
453.05054	125.90501
434.9616	82.55177
475.40265	68.47857
437.72144	115.40839
423.9918	61.77395
473.71967	95.57801
450.93848	121.54695
167.62265	183.45622
163.6947	209.7576
142.75269	185.8569
170.10796	198.70943
156.39206	168.7603
143.98361	166.97365
164.20354	200.97995
152.01303	188.93613
180.27988	176.04993
162.31316	204.32779
150.00175	177.11357
173.03763	212.68823
146.2622	198.54535
160.59125	183.43106
176.43564	199.81213
133.68286	198.80174
161.13344	171.81152
141.7626	206.90036
136.97879	181.67592
173.66235	189.68945
153.67601	197.27042
171.59933	172.72995
633.94104	394.99506
620.7323	379.03876
637.3202	389.82166
627.121	394.3568
627.0381	381.7907
645.17957	392.24948
625.95447	387.97
645.42993	378.35257
631.1385	403.84827
628.45636	373.97327
647.9349	386.57614
618.0992	394.17477
635.46326	371.52713
641.78284	400.12967
616.4232	386.08942
633.6235	378.68784
623.42896	398.59564
795.88214	378.2832
810.3835	392.18573
795.2494	389.0172
802.70557	385.7237
799.6073	396.4946
791.0038	385.6175
811.10175	381.9134
792.0789	395.21396
802.35095	378.61255
804.3498	393.17587
140.43375	292.2512
171.65874	292.45544
154.85738	304.79095
151.69772	289.03052
158.36006	293.71512
141.37466	315.5307
162.20255	284.88153
165.7793	315.68
147.08444	282.51428
180.40704	303.1756
163.1759	308.51376
156.64058	277.40283
168.64151	307.3882
145.24876	300.31635
167.33379	281.3626
158.62021	318.73633
149.72267	296.7453
176.92879	307.03925
151.47194	312.40024
160.594	477.9831
151.29707	486.89136
153.78542	480.56122
169.56784	466.9328
157.15887	494.28598
151.62674	468.08746
172.95174	490.12177
139.83458	484.48358
156.35667	469.73306
161.34923	489.88028
148.7972	474.21246
172.67894	481.6399
144.1817	478.53998
158.48944	461.8348
166.25569	479.82486
748.2791	390.07816
766.1072	377.47305
762.12537	394.54266
748.4791	375.46274
756.85675	385.16925
743.54675	396.56512
756.92395	377.16452
752.21716	400.86157
741.15466	386.86435
764.92834	385.7934
757.3098	395.96478
748.22406	383.50256
767.1907	392.61774
127.58555	60.5324
177.20522	46.83359
183.79086	88.84834
141.2604	59.78842
164.23189	74.943085
157.84782	90.31218
149.45589	62.30059
164.31131	82.89383
151.7665	76.289955
159.93364	68.38105
140.15474	84.3902
171.36913	54.628387
182.945	67.22557
139.82693	63.995216
154.38089	47.137253
149.0929	68.567
148.28098	49.7767
166.39989	57.332367
149.29446	83.96886
141.68845	35.060753
172.86151	72.466095
134.91368	56.69054
182.15063	58.178673
177.25443	75.62597
155.73746	54.428875
555.0368	374.17465
541.97943	384.74036
562.61365	373.1088
555.03357	409.6957
545.90204	379.52277
569.8102	384.636
563.8027	400.53314
548.4901	396.90323
548.35266	389.31668
538.682	392.15482
558.7532	363.8133
570.4673	406.1217
538.31555	376.5656
575.6476	379.6723
538.55927	403.38312
552.57697	385.49225
559.1269	391.38016
532.88324	387.75977
565.89984	379.907
553.46	401.91443
549.48047	374.21268
566.89886	394.1591
146.97311	403.53677
165.97037	388.3426
164.66032	410.42886
142.91	385.23514
164.68356	396.8886
156.30453	405.1268
154.14893	377.85455
174.17746	383.38242
149.05527	391.4
168.31898	381.99582
155.34056	391.82208
149.27274	384.12527
173.97987	394.47345
152.68036	415.50934
159.75584	382.00113
167.98601	404.0373
143.98407	398.13272
364.3559	394.41852
370.2995	401.5239
364.18634	372.58575
388.78714	389.69092
362.94308	399.25836
378.7781	366.66003
380.91055	401.82745
354.35236	382.91376
391.8516	384.68448
363.2546	414.61957
367.74905	378.85394
388.20743	398.5
355.90836	394.24777
377.03464	377.1943
359.9072	381.68295
357.78915	366.75195
392.58014	404.6355
350.31076	391.06885
367.62585	362.77594
374.1187	409.7834
348.83167	373.97995
384.49765	369.9547
365.65555	406.18088
374.7883	370.27362
377.23672	386.7356
344.9234	396.34296
384.70584	378.67004
763.0641	64.16187
730.4142	54.86065
749.6249	58.00338
738.56305	82.506195
732.0998	42.788193
749.89124	81.58538
710.1029	66.98909
738.4257	60.48649
727.21686	67.13686
735.1703	66.75322
759.5072	84.20616
732.5024	76.98515
746.8895	42.99047
744.7939	90.47454
723.56604	57.65686
739.8623	47.529667
726.97644	85.88257
746.8101	33.187237
748.23944	70.20412
716.7501	67.909645
753.6468	47.439034
744.86896	76.899445
732.30554	49.400555
756.4119	60.285606
