159.18887	59.086567
170.54774	64.939316
156.47888	45.90969
182.59834	72.955536
167.72838	52.273643
184.75917	50.315178
151.65237	83.43927
153.40921	51.768055
188.34537	55.101784
140.7922	72.98799
172.44707	54.9068
161.96118	83.94337
147.11362	54.516243
171.5531	71.58835
154.1222	90.38281
168.59978	39.140465
191.90771	70.61348
148.75931	67.62546
175.88625	62.340485
172.8594	89.2018
156.25145	66.03571
186.16208	82.86244
140.30635	83.64851
180.46739	40.812714
180.13931	84.76463
480.62848	390.39053
496.86847	384.81387
489.72382	386.123
494.57916	370.9688
508.01865	394.1141
487.7964	403.9284
511.80655	382.45657
492.74307	406.9477
482.64468	385.0429
516.62573	392.38104
499.6665	398.09235
504.53995	388.91315
503.21762	402.41638
474.28305	394.35992
508.27725	372.96222
496.7171	411.66788
484.57965	365.4309
518.42377	398.28476
483.86685	397.27478
502.4493	376.3223
511.76337	404.43173
479.89264	372.61948
523.45776	384.22894
486.46518	411.21918
482.30225	379.27835
169.77745	398.1958
158.49306	371.41742
170.29253	384.76608
163.4391	388.65918
151.33945	380.64688
184.82675	376.50946
155.15343	393.10617
171.60384	378.17014
180.95737	389.602
152.80356	387.1042
177.55563	375.58502
161.33533	399.37115
167.50923	373.37445
174.9271	389.78268
161.0622	380.88892
164.69374	366.21002
170.38776	300.26215
164.51256	286.07324
166.02573	281.24786
156.97968	307.3846
171.55124	279.57806
181.25156	303.49646
146.80879	287.65842
176.65149	286.25995
176.67514	304.03052
156.42873	280.3438
173.67134	293.33014
151.82303	298.16144
164.57661	294.40607
170.21298	310.5826
160.13223	299.8427
182.36644	293.32516
161.42644	312.90005
864.96014	383.7772
876.14343	393.74005
862.2938	391.48853
877.1761	381.28986
868.0508	396.1592
860.1493	386.3632
879.64343	389.4507
862.3421	397.98505
870.8284	383.90414
874.19305	400.85052
154.27336	466.38925
175.23636	465.80548
170.0294	470.87686
153.3616	456.81583
180.08476	469.45294
163.3307	470.848
173.39021	450.7475
166.86426	480.23566
163.0745	462.26172
179.1824	458.9479
158.79901	479.40527
158.98761	452.81403
175.87292	475.7853
153.25642	472.25888
169.74364	456.9672
819.48145	398.77368
809.365	381.1645
831.2552	386.02634
802.12744	392.46005
822.76526	374.22644
823.0731	394.28754
805.24	388.10168
815.2899	389.0453
809.12134	404.81662
817.76843	380.90848
830.7712	396.5347
808.683	396.2049
823.8251	386.1382
822.85675	405.02142
802.6771	382.2198
172.13185	536.8151
157.8027	549.37415
162.52005	527.7183
175.8819	549.21185
165.24734	548.93225
178.76584	531.5526
170.93594	553.3791
160.88965	535.8772
177.92789	542.7953
151.34453	541.28894
170.99753	529.8043
166.84654	541.5842
154.82199	536.6968
185.38713	175.13293
154.69287	197.33934
149.50162	188.93896
168.83055	209.44583
143.46265	194.81876
177.18942	181.95432
177.92535	211.49348
159.12793	182.9669
179.47432	186.48703
166.00333	215.29843
173.20961	194.73613
158.80026	202.8437
169.2663	201.38828
171.76083	175.42245
149.49545	210.55652
153.95895	173.51587
179.9398	205.0949
159.28128	191.56122
168.00478	168.05289
187.99026	200.86835
153.05325	178.27304
184.84863	186.33205
466.70566	96.468765
490.7604	67.46708
503.09302	120.22058
450.6372	105.43623
499.20087	71.98436
483.84613	108.51192
484.95493	88.48684
492.04996	101.902855
463.08496	100.4395
464.8732	89.6778
490.25366	123.03202
452.7767	90.68258
508.96387	71.970085
476.0633	110.190506
478.43637	55.23365
505.091	81.88786
449.14948	77.894714
471.5541	88.77782
483.01666	130.05043
466.2207	67.225464
507.85797	113.91294
469.0135	110.30479
471.99716	72.67874
504.13422	99.817764
463.75098	75.65016
495.99014	78.42885
473.80206	123.59953
469.89063	61.390022
480.58926	74.63127
444.6433	90.18391
685.7301	383.16083
685.952	394.63882
678.3065	381.85455
679.3664	390.92255
673.485	404.295
673.1813	376.98935
692.2372	400.7357
670.3106	392.31186
690.5987	380.25555
681.3173	401.92587
665.9704	381.28986
691.6786	392.1974
667.1831	399.2109
684.5814	375.73172
680.1955	408.04974
665.9143	387.2333
695.9948	387.8998
773.57526	80.743256
791.4608	59.51464
804.7886	77.73585
776.3602	63.764397
796.3182	45.93329
789.9505	65.57166
776.03156	54.24128
812.78033	43.156452
784.08325	74.02182
777.73694	37.613396
800.9149	65.864174
771.5995	49.59889
805.77747	41.18679
799.54065	74.529686
777.6498	42.60192
819.41504	66.8033
770.46497	71.80916
789.1372	43.98491
810.1439	65.61538
802.1241	53.425987
797.6524	60.484863
782.11597	58.877525
588.5747	388.33423
599.98145	406.98532
592.181	395.01373
615.4185	383.15268
614.7459	403.2341
601.6401	363.31146
611.172	397.69098
582.99744	405.58417
602.78174	386.1119
597.8877	390.1609
581.9922	386.33853
610.0519	370.43597
589.35236	408.94467
576.9003	379.57916
616.0004	392.25998
578.1564	396.8884
602.9379	379.68164
594.5579	404.51093
581.3688	380.72507
610.00183	389.66138
600.8752	397.35986
593.6557	377.79584
753.9845	392.2813
740.2147	390.314
761.4769	392.17242
744.65454	406.3619
739.61163	377.8196
767.45105	384.05988
748.8261	396.06424
748.04834	387.1063
755.81024	404.42456
739.6561	383.7218
757.59174	383.85468
743.25946	400.2431
748.6911	377.87167
762.7229	398.34213
736.0937	394.94608
756.5357	377.86417
399.12415	416.09042
390.57104	391.47794
391.04697	397.33102
376.78494	385.95438
382.1015	398.99908
408.25348	402.95837
375.82523	366.90112
397.49905	390.73447
390.27487	404.1711
382.29395	377.63525
403.59637	390.7454
370.1764	391.0759
386.5403	383.89752
398.79898	405.40134
362.87183	395.80078
391.21927	374.30853
374.64594	396.39865
388.6034	366.88055
409.8388	394.20947
370.2266	384.19836
410.40887	374.17804
383.4698	411.8851
367.37628	379.81186
408.49716	387.38333
374.9751	407.42734
401.23883	372.968
