737.053	62.870586
746.2974	51.11315
731.1252	43.673195
731.9469	75.55834
717.2288	68.32399
746.9411	67.73717
726.33325	78.46629
726.47986	55.471687
742.76086	67.92156
737.027	51.09929
744.46796	36.656013
742.9767	90.85884
711.528	51.448284
762.0155	54.294453
728.5167	85.76084
753.09174	61.00227
756.6686	76.935616
724.2608	61.136322
756.817	49.766518
737.5879	77.311966
723.1119	50.383705
758.26715	65.18927
720.3422	72.47722
734.90533	37.47804
752.81946	83.41565
157.81046	383.06577
179.40385	394.9459
149.57492	404.53107
167.12306	385.81714
172.41245	388.4429
146.51558	377.96716
156.84451	375.4522
160.47968	392.03854
151.34775	387.43152
174.98793	382.35834
145.79312	394.69452
166.54324	373.82593
172.00294	402.15118
141.11954	383.0029
166.83136	378.4998
164.2931	407.10577
150.74095	374.87195
809.9283	384.03558
806.4597	389.26556
809.4999	379.6765
812.6335	391.0539
799.9691	381.75604
819.64355	384.68216
803.66754	394.9162
803.326	375.5395
816.25366	396.90707
798.4518	390.30673
812.6448	375.37808
159.22946	320.15314
163.75842	275.5444
171.47075	288.50717
150.49083	289.4121
163.04199	282.6245
158.0798	286.76974
139.35982	287.95242
180.56111	299.7113
155.66298	307.1811
156.27054	275.95074
174.44913	302.00735
146.98657	311.40082
177.06784	277.47784
159.0948	297.05634
149.61685	281.5354
176.53992	288.88544
153.30716	311.4261
145.78873	271.54938
166.4034	301.3215
147.49396	300.76776
166.47076	285.79428
643.762	388.1275
629.0965	378.96262
626.98773	386.13046
632.079	389.95575
628.3893	373.28152
636.1295	402.395
612.1369	382.11752
644.53925	374.44598
621.4735	402.86652
623.8369	365.0866
648.34143	391.57318
616.42847	385.5672
634.8075	381.52844
632.0386	394.85715
623.6318	374.003
643.2915	381.07086
623.82623	395.89545
633.413	368.15112
639.613	397.20596
618.65784	393.64594
169.794	185.67145
159.65656	181.96782
153.62146	181.35466
184.09833	179.00409
145.46785	200.7993
166.60558	156.27625
157.72504	196.18385
147.16422	179.18137
175.40666	178.07854
156.5379	189.28207
159.66257	168.25252
173.95506	194.2861
150.82721	196.24066
158.57826	174.29642
162.15866	208.06863
148.16853	164.3815
174.39351	202.8573
143.25284	190.441
170.81027	166.2031
152.61453	203.21902
140.35458	177.22272
164.43828	174.26566
155.72847	550.0498
159.09729	537.5279
171.98438	539.1141
153.56354	539.4895
164.91359	533.26556
164.74689	541.3459
151.56607	526.6823
172.6463	532.10815
147.78824	543.76953
158.74915	527.76434
164.98514	547.97784
146.91025	535.7584
165.70055	526.3324
704.42126	392.5799
699.51416	379.94363
715.97626	387.54037
695.2917	390.99713
695.86975	367.29355
706.7976	387.61615
694.6495	386.3166
705.748	378.9585
693.3155	399.8565
691.9457	378.59308
712.91614	393.94504
685.6261	384.65887
706.21075	371.48236
704.1422	399.6599
687.2291	374.82935
712.5898	379.8442
689.16235	395.17062
157.20302	466.57047
164.25229	482.75156
152.84822	456.0932
167.6152	460.9162
155.01205	472.21436
158.11867	456.5494
167.28873	469.1104
146.02393	470.00824
169.56549	455.39258
158.49055	479.77768
146.1226	461.6626
176.35184	468.6631
150.85033	479.77936
152.11766	450.16904
173.6385	476.19293
364.37146	372.48083
372.33093	384.68976
364.78067	395.83594
384.62585	388.66187
360.70294	383.75366
369.54376	388.41614
368.85928	361.3908
376.9533	408.08084
357.88947	371.09186
373.14215	376.20157
352.1163	385.5561
364.48138	367.74185
373.56195	399.82813
346.77927	392.602
379.3226	370.18796
364.89594	403.717
344.68866	375.32373
381.8487	376.82196
358.3064	405.69217
376.36972	393.03192
389.31708	399.86322
357.26434	380.35068
391.06046	377.17673
356.60547	396.99246
352.72498	369.80682
388.39673	386.22238
552.51495	390.90683
559.45844	380.55823
565.08386	398.8775
532.4269	386.58328
567.68475	383.6027
554.5748	399.09195
553.3661	366.19974
568.3773	393.39188
539.6713	387.78516
562.2918	373.90234
557.8644	384.36673
550.08936	384.99518
546.6077	376.83746
530.4525	392.54407
553.67255	373.63702
555.7481	405.21527
542.4192	371.07806
568.02625	371.6131
542.8433	404.74182
535.068	370.20428
559.76135	390.42642
547.34204	397.0958
765.64264	379.95123
760.0443	390.0372
753.0082	386.38208
772.25305	386.6035
749.3391	396.93103
758.6903	381.72736
773.11237	394.11737
747.4803	377.49124
770.13855	376.24323
755.8006	398.0292
752.6881	372.93585
764.7565	386.21747
748.35126	388.39148
761.9388	372.00778
764.4386	397.2148
170.88437	69.19094
180.65216	78.91194
157.99718	49.76331
149.48447	57.03961
180.45863	85.76278
156.70615	80.92021
168.31625	55.577026
138.03293	70.30018
140.75558	45.67576
164.91635	77.90593
158.29605	70.88505
150.70937	44.753273
167.08937	92.320404
142.81161	53.098694
170.82498	60.622345
172.24402	79.183914
130.73865	57.13496
183.5763	65.28006
141.72324	64.25831
173.85983	42.574383
150.52646	80.20622
133.89548	68.0057
178.57388	49.64219
145.7864	80.80473
166.43407	50.28274
177.00433	61.047497
444.96362	80.24417
429.49554	72.38419
458.24823	96.61223
418.07657	89.21011
469.90323	77.0766
463.58853	107.29353
436.52393	95.31842
461.28754	122.29659
431.60873	103.57161
470.3501	93.47227
449.4463	113.47777
456.82437	56.116474
477.48267	84.916214
424.73422	108.05906
472.71564	65.90932
425.55948	88.47899
428.40045	65.9637
450.69293	81.543495
430.74896	78.586716
448.8167	63.672108
475.2382	101.459785
440.1657	73.95527
480.11646	76.91633
448.7535	121.62571
441.03827	60.107952
446.60138	91.88114
423.22272	80.33936
458.1624	78.73012
466.4327	383.9305
441.9647	375.74255
475.02603	391.93417
465.7897	389.13306
462.64862	366.13055
484.82578	397.3675
450.07553	376.33353
470.55576	361.73932
460.95078	410.60352
447.72186	366.6867
466.32837	402.03442
457.53427	393.1786
480.35162	383.96857
471.36224	402.85352
464.5211	378.14716
489.98526	383.1291
458.20703	403.506
452.91806	372.25497
479.62213	387.85107
445.52777	391.08316
466.37857	373.7137
464.01904	395.16827
452.93842	386.08734
479.11908	375.7462
450.25726	397.43475
