159.21771	551.53296
152.31497	556.4031
162.29549	546.0983
168.27486	558.8973
153.58437	548.8749
169.55261	547.09753
157.02747	561.0753
153.91959	539.79156
165.17319	553.72473
146.46744	549.08514
164.91637	538.6014
374.9325	385.47012
374.4245	376.66302
380.6437	376.50787
350.0002	401.31586
384.26828	370.2432
379.45654	402.5082
369.14536	398.87506
395.65063	382.9372
359.22968	390.89453
358.1191	382.15088
378.70343	392.14734
354.06732	384.98846
361.02655	368.35382
365.97662	401.4183
343.48947	379.89935
385.31976	383.67377
365.956	406.77338
356.43533	366.04785
391.96417	396.66336
355.5409	375.01996
374.11325	366.63165
375.3408	412.44165
367.73315	380.31036
390.52798	390.13544
357.6084	409.70004
369.70795	370.1974
385.7967	403.1457
346.82385	388.43604
391.0862	376.8388
159.70396	68.73332
158.45195	60.565197
173.84558	87.09853
150.83627	89.70817
165.74246	50.010544
167.39218	80.316536
153.49355	76.01606
181.42014	74.43449
130.64273	82.376
160.40181	43.6517
169.95802	63.06834
152.87234	63.73236
184.46445	67.380356
157.85599	84.86353
143.08963	53.16677
172.0205	95.66071
134.19658	71.71818
145.05501	45.34063
176.13812	64.77254
141.76212	61.677734
171.33755	45.241024
142.09879	80.51672
149.20932	61.116455
184.957	76.596855
140.85901	75.701225
178.48007	56.781525
157.77515	93.889175
132.82806	64.42732
186.70555	58.676464
745.47363	71.96517
739.20953	88.384384
746.3595	86.16925
726.72577	70.6332
747.4256	57.605755
747.0126	93.21786
713.8376	61.08479
769.43536	73.15846
726.33887	74.053185
731.62274	38.776222
752.20056	80.2349
715.68506	49.1198
763.69336	54.24696
723.51166	80.76045
736.92145	49.085083
749.6666	68.588486
723.80194	66.84258
739.91986	59.155407
731.4497	89.37352
733.5177	54.558052
758.0971	60.982788
723.192	97.232956
752.2631	52.363503
750.6514	95.587265
712.35486	74.58293
754.9916	46.868435
716.52673	82.700714
727.02136	49.137714
760.94946	78.95216
555.62933	396.94318
569.4603	365.7254
570.33295	405.5768
566.5095	384.294
576.72455	381.50385
548.47095	399.84747
564.6606	377.59613
556.4056	387.88507
548.45776	382.37042
571.3353	388.0367
560.0153	400.94965
556.8904	377.7729
587.296	387.9339
552.1722	389.0065
560.3641	369.18182
576.5387	391.8727
546.36975	377.0107
582.4	378.989
564.9204	404.85724
550.83435	373.1318
567.7414	395.07758
544.18115	395.952
574.677	372.55396
437.48154	89.60681
431.05524	76.53025
487.68954	90.50937
425.94647	94.74868
436.21466	59.27113
463.43027	98.17989
454.5374	70.054756
471.93463	100.29913
440.85693	98.68354
446.65137	58.869953
470.89136	85.43728
417.66412	103.89528
448.04135	46.73766
454.88275	86.516335
414.3807	91.51632
463.8602	59.897026
419.03705	112.9636
466.01117	82.64082
477.3443	109.628685
436.0323	112.893654
457.69604	66.15761
457.2962	105.59253
430.65186	88.11406
455.70132	111.37596
443.61386	113.19376
445.42017	66.65407
451.36832	119.01878
438.60394	69.013855
475.36426	59.39808
446.70966	83.60506
698.81696	381.70114
704.8416	391.8625
684.95483	386.61362
691.2589	376.15692
694.1559	386.7559
691.3114	381.52887
702.7385	386.57422
687.67694	398.5001
691.40247	371.37643
702.1819	400.0878
679.0897	386.819
704.96436	374.37045
692.8505	400.49753
681.24695	377.3294
708.5651	385.0467
680.4774	395.46356
160.07726	196.47769
163.0523	212.31412
136.70467	197.17522
180.03477	200.62598
138.4131	220.61337
147.72343	182.79889
174.84895	204.51126
162.85425	206.36832
173.46684	177.67343
164.86859	219.3814
171.93365	201.83075
169.44217	191.58485
131.15817	205.50166
157.0472	174.94263
178.92688	214.05783
138.26459	186.65152
167.6011	185.4292
150.03194	224.08694
142.81496	192.69144
184.16808	209.3458
146.51347	204.45505
154.70232	183.00073
162.3611	224.72392
148.61494	197.35739
176.75494	188.17584
152.7429	209.54617
632.2335	378.18784
633.8104	388.32086
627.2606	386.56622
639.01263	383.5511
636.0597	400.19946
623.985	377.96997
644.91907	389.84796
624.89874	400.38953
637.6799	369.48077
642.96405	397.46054
621.4004	386.45782
645.7477	381.74603
633.33374	393.8479
628.03656	370.60773
650.71497	390.43237
623.3579	393.30737
641.4082	376.45093
751.3273	399.81387
740.59283	378.79828
753.6105	386.64752
740.55975	397.50305
751.8071	380.7154
759.8068	392.89825
734.8463	388.9007
758.8928	378.7457
747.31885	387.69577
745.4335	374.94073
760.6264	386.0036
742.19684	391.06012
754.6887	373.65198
753.49414	394.29852
735.15344	382.47073
166.08435	404.59174
152.09875	407.08456
160.8825	413.64667
156.33641	416.54892
149.15698	414.42896
161.6903	395.79984
164.7653	423.72012
149.95044	393.93433
174.47404	399.7339
142.67815	414.37628
158.19098	402.6856
170.90182	412.78745
141.85733	401.43668
169.16667	395.6481
157.26282	424.76483
156.1804	393.5822
177.7753	408.66098
151.13081	318.33057
159.30855	308.12906
165.38136	321.08234
146.43558	310.14456
180.1397	315.28705
155.81668	326.84146
161.78705	299.35773
180.33023	328.1407
133.53966	312.4301
175.83052	308.39697
169.55176	327.8144
154.74539	299.1077
160.16014	314.51068
148.34099	325.65018
166.74048	291.12274
159.42819	335.96814
148.24913	297.71484
169.43686	303.70407
146.52132	332.4444
153.00302	311.3347
173.72511	317.04422
143.83646	315.08093
163.02667	472.3614
157.71304	498.687
147.76515	473.98257
168.88245	478.2105
150.00325	489.70547
165.9876	484.60693
173.2539	491.04443
156.98563	487.47787
163.28954	489.99286
153.09128	502.0577
156.26576	479.7936
174.64511	481.0838
142.97263	488.70044
158.02359	473.90845
163.24458	500.99503
145.52776	480.22412
492.14447	371.5645
462.42	375.20605
475.34732	368.24155
474.65106	399.68585
453.48212	381.59442
485.02222	380.13684
469.4687	390.48007
454.40192	375.06467
478.57568	388.74396
448.19913	402.82175
474.1097	381.62027
468.64746	399.36783
448.85782	376.33868
486.65698	371.2928
479.11392	409.37674
455.37775	367.6824
492.26752	394.48373
463.788	392.51495
478.73648	371.53287
482.789	400.68823
468.82626	378.07657
492.5157	388.61646
463.9615	404.4615
462.79663	364.38367
492.86783	400.62582
453.24918	393.3144
494.57748	383.22162
462.34082	408.7287
785.0858	379.74045
800.78644	389.88647
785.4488	391.0593
799.434	381.2495
798.5881	395.5701
789.9281	382.02878
805.3093	378.7492
791.26917	395.92688
794.22424	376.62222
806.0996	391.5189
792.22626	389.18848
