735.22644	49.676147
730.8228	58.883778
728.3207	46.850945
737.04645	57.654377
724.27045	52.955494
742.50037	46.492744
737.74744	66.8246
722.77124	40.790867
751.89716	60.07673
718.6327	59.461956
738.2501	39.378326
745.01697	67.60716
719.79144	48.20122
751.6637	53.59381
728.458	62.799477
728.4163	35.5401
749.0506	64.72409
710.2451	54.554253
749.14307	40.29551
727.89294	71.07463
721.3312	32.39663
742.70386	52.926594
716.5711	67.19603
736.6686	32.405704
734.6979	74.49851
714.5043	46.196743
754.4316	45.798615
703.53577	386.80374
707.0798	374.31415
709.069	381.3403
696.15936	380.62003
712.55225	370.4599
713.3019	386.2581
702.2136	376.6978
716.2792	378.25388
697.18854	387.37418
707.1131	366.1355
714.12103	392.12204
694.8236	374.1763
719.082	372.09576
704.63434	392.91534
699.49445	368.591
720.4518	383.49557
781.1282	381.99634
783.8778	375.6922
787.1129	387.72443
775.8084	375.41025
790.31726	377.63846
780.38806	388.46774
781.16034	369.84073
792.6132	383.61444
774.2369	382.02124
790.7577	371.20203
749.3798	385.4976
740.8185	372.40057
753.7411	380.4468
740.98065	385.9692
750.8551	372.30997
755.39417	390.01804
746.064	378.68887
760.6771	375.88925
747.3703	390.98505
746.8292	368.24664
760.3151	383.07953
738.6561	379.54092
756.424	370.15112
366.32065	380.8864
363.2902	371.8493
372.0926	378.45377
361.72525	386.7127
372.53107	371.08066
376.2031	384.9081
359.2808	379.427
379.28888	379.6384
369.8321	391.91135
367.4244	363.93118
387.01117	381.3341
350.81274	370.1966
375.20087	364.562
375.7914	391.37268
354.3463	375.9591
385.9169	370.12375
363.27145	399.64133
360.9472	361.62143
388.02814	388.601
358.70322	392.95923
380.44818	366.94925
373.39392	400.31805
358.9425	367.92157
389.6592	376.17694
353.9003	388.63312
371.1006	357.7948
381.96985	395.38226
350.4131	383.80295
461.21118	376.63864
445.11176	389.7751
441.5045	372.9668
450.63248	381.1789
447.19717	377.6508
451.21857	373.35394
454.43097	383.56497
440.27008	367.38696
462.09772	382.372
440.74747	392.8823
450.63876	367.09924
458.57086	389.22412
440.21832	379.1224
468.06146	367.35147
450.24884	396.12418
432.0041	366.1942
467.72778	384.54605
434.3173	390.1988
454.19003	360.20883
459.78134	397.09686
432.83896	378.89856
468.27972	374.22284
442.26025	399.34048
442.91495	361.9931
466.5275	390.90714
434.84528	384.5024
460.15424	366.08047
659.91095	386.5611
650.1205	369.3963
663.97974	379.48672
654.88165	380.701
659.3084	373.8102
667.09717	386.1629
651.1903	376.56854
666.44275	371.5722
656.95544	393.8775
656.7963	367.1159
671.8484	382.54837
647.21063	385.99704
663.6991	365.8056
665.01404	392.40228
644.4658	375.85596
672.68176	375.9544
651.1903	389.30792
162.74968	260.1283
171.27742	269.53986
156.76352	268.5052
171.68463	259.1809
163.1478	265.62717
158.21097	249.53256
177.30045	265.4124
148.37405	273.4133
170.81961	252.6136
163.53806	274.92285
159.008	256.05487
177.9552	252.87016
157.86777	273.4509
154.55684	243.0804
183.32147	265.04773
146.98364	266.35666
173.97195	246.91269
172.36168	276.99353
149.16005	253.023
181.31255	258.495
158.34978	282.3499
163.47675	246.97653
178.51552	273.2182
148.42513	259.9525
165.75294	155.81194
169.29237	168.54062
152.24463	148.7669
171.56236	158.89696
169.87418	176.64275
159.36656	151.52908
173.79909	185.28815
155.73004	158.36128
175.30333	154.73384
155.50743	179.88023
162.49687	144.92831
177.88065	168.04723
154.06227	164.81425
169.68283	150.35947
164.93506	181.9502
147.67496	153.62984
180.86433	161.52682
149.4961	173.54721
159.67665	168.21848
176.39182	177.95834
141.28781	164.27307
180.10196	149.48709
159.94893	172.26895
156.02774	141.2241
187.06155	164.85909
147.98477	163.86588
172.61856	142.28769
598.9254	389.11414
592.7628	380.6321
603.9422	369.40152
593.8808	389.38983
600.2096	376.70728
609.8856	387.6568
585.59485	381.57233
608.6154	366.27826
603.2477	381.82938
592.8778	372.7626
610.4024	381.33286
585.9469	389.9471
594.58136	367.1984
608.60547	394.27277
583.1619	374.91754
615.4918	370.21136
594.5209	397.32773
590.7394	363.08414
616.82117	385.62292
581.3161	386.2492
600.56573	361.53714
601.2515	395.59418
582.5047	369.19946
614.6822	376.11887
158.31503	441.67978
160.57324	426.61713
178.78513	440.17584
164.04588	432.62808
176.8283	420.067
166.24846	439.21442
154.3826	422.794
173.19168	431.92682
152.3582	439.32358
168.07254	420.6552
170.29427	446.11212
150.38745	428.42047
173.20364	426.13028
161.39264	446.9958
161.55443	418.023
171.8833	437.33212
152.98349	433.43073
457.65497	65.51689
451.2382	83.28369
420.93756	78.95939
455.34125	89.69775
445.41138	99.524124
451.28598	72.78523
454.29266	94.60297
438.89484	70.41304
460.56494	73.83922
444.3024	76.36137
435.38818	60.694374
458.1548	80.242546
442.05112	84.363365
461.78955	70.16713
452.93442	107.70972
426.04947	62.893574
464.44672	93.191345
429.72412	94.349205
445.19775	56.65568
479.67365	88.55748
429.88785	86.485825
465.81378	60.607227
436.2709	97.63054
425.7036	71.99151
475.38458	74.895134
440.87808	92.69298
452.727	56.28715
464.80023	102.89061
433.95395	76.82627
469.07465	86.46687
161.34317	502.1823
162.82007	483.62637
176.58292	503.2386
151.6813	500.75195
170.7268	485.08887
168.17622	503.77173
152.20882	493.4422
168.01505	496.5642
153.42416	507.28207
164.0812	492.1761
171.36992	509.13882
158.35072	495.9586
172.8129	491.93683
163.2262	509.62775
155.74396	485.59546
179.48126	493.54572
154.26309	559.70135
166.38126	548.8904
167.374	559.12915
160.27148	550.34674
173.77089	549.77734
159.33398	561.5437
162.09464	541.1802
173.11826	562.9491
154.48088	553.9032
171.0582	543.90344
164.07602	564.6424
153.94867	547.3845
175.58228	555.28577
722.6308	131.51936
734.14905	123.91081
740.8302	135.55922
724.61163	123.04397
741.6827	122.36391
730.3357	137.07364
729.6996	117.93471
742.41785	129.18443
729.22705	128.47092
737.672	116.718666
735.5943	133.56061
515.6493	376.05832
529.8201	383.472
513.1705	387.12943
529.98846	376.51068
539.6092	391.25323
523.18567	374.3791
536.2367	372.26126
522.66205	389.68063
522.85834	368.02914
537.3913	385.16376
511.01895	382.6281
528.8163	368.86713
526.86096	392.62286
509.0357	375.4011
544.42096	371.89584
522.0203	399.4864
520.18384	360.52875
544.65924	383.58414
521.5043	381.82492
537.9577	365.89777
533.5421	397.82327
511.85962	367.6652
539.8546	379.3845
516.15314	394.4955
531.45465	360.004
168.0579	356.30823
161.94925	348.66428
171.64935	349.2216
161.84633	370.71683
160.84592	336.7063
177.03195	357.67276
147.89284	356.5701
167.43625	336.22705
167.9086	375.12653
154.4531	349.6789
179.04396	351.6874
153.95769	370.15704
157.4562	343.18463
176.78036	365.15338
163.18034	356.23834
179.46634	341.85425
161.47945	364.24094
151.89444	341.26984
183.52658	357.29205
151.08743	363.2757
166.60661	343.12735
169.22815	363.67133
146.91269	348.63348
174.22455	50.02678
147.24947	68.71722
162.01465	47.98305
185.89914	57.6083
162.3904	57.470234
175.11234	35.270916
174.27615	75.8387
156.88857	49.69556
182.65816	53.29032
154.7303	62.878838
168.74324	54.271645
167.60782	60.209312
147.93991	47.63052
166.64413	41.333466
163.55801	77.216606
153.71439	39.487617
174.65976	59.996613
146.13272	62.50345
162.76321	32.499413
173.15501	67.60309
146.1176	42.873833
178.91016	49.229237
153.33481	75.04297
153.46631	32.721252
182.2022	67.0265
145.25735	54.09629
184.15945	42.249523
160.28366	69.01704
