780.6429	42.16877
784.1251	46.22732
792.6333	40.084217
789.0393	67.5089
775.64655	48.71601
794.2466	53.230553
774.391	58.821075
771.50696	38.133423
785.0004	55.79289
766.20294	53.590527
779.6964	36.73501
779.8558	64.8622
770.0593	49.23839
800.8018	53.1172
769.7239	68.119644
775.9804	34.27398
796.4285	60.48739
756.0106	56.50694
798.9115	40.100452
782.8695	71.26909
765.2472	41.17449
803.71814	62.472942
768.8751	61.204033
788.80676	31.562277
791.62506	71.885574
762.1407	48.60355
792.9735	47.26931
776.4575	71.669464
475.3654	68.76264
486.76083	89.36926
466.8497	93.911064
472.9083	62.118664
479.48566	81.77503
459.75937	83.89027
488.2086	82.3053
490.18536	64.407196
483.15137	52.269432
480.80762	90.95993
470.96234	80.20909
490.1835	70.93941
483.99786	106.2865
462.88055	71.221794
499.27798	81.08987
477.48926	98.926414
481.5664	63.435345
491.31583	92.75903
453.7495	70.79364
501.02777	71.900696
461.11563	98.71553
471.27753	55.488026
491.04742	102.51974
459.08423	75.53214
495.61664	70.08432
471.33	88.241585
469.05365	65.126396
500.4059	91.13654
459.8038	88.465065
494.29364	59.94129
764.4322	380.59503
757.30457	376.8253
767.7607	372.16898
763.42004	385.9603
762.2101	371.3394
775.2519	384.41513
755.17004	383.6622
765.7743	361.87646
768.2053	389.23593
750.1235	374.06366
772.72656	376.71698
753.1886	390.6375
760.2738	364.56927
774.2189	390.9327
748.05554	381.32443
772.5998	366.50262
760.88257	392.9855
753.15906	366.4145
778.1945	375.44296
388.2395	383.9246
403.70285	359.16507
395.22247	379.55893
387.77283	376.6849
407.068	379.35022
397.13184	388.3961
391.4966	366.03326
401.59552	380.70316
377.18774	385.931
402.31335	371.66876
398.0797	396.7193
384.73676	367.38422
415.3443	384.15997
380.67828	393.1415
398.15643	362.0232
405.14142	388.46793
383.13254	373.3682
414.64468	369.55707
387.88602	395.9571
383.33002	362.50092
417.65	378.48007
378.63452	378.56494
409.29388	362.65387
404.35214	398.40494
374.26093	373.68692
407.4503	372.50327
389.77423	389.95724
390.68533	358.67075
411.36035	392.34833
164.0942	432.10004
180.55469	427.59137
174.51736	443.87994
173.37064	425.173
180.44052	435.27515
169.75983	439.75806
173.71576	433.57745
183.1726	446.6963
158.4089	428.96036
189.65604	426.10638
171.97858	450.09155
173.6189	417.227
192.18158	440.41708
160.9762	439.03082
185.5308	418.85635
182.14912	452.88867
166.57643	423.74252
191.58138	431.85782
163.68613	447.5296
180.84708	421.65976
186.09425	440.72876
173.02579	550.7191
182.76273	541.8063
176.99623	558.8238
171.89705	542.4962
183.0231	553.7196
166.64978	554.75964
177.51309	543.8192
182.91153	560.63635
166.01833	545.8091
186.06473	548.8334
171.48291	558.69666
175.4448	53.72113
184.58035	63.895752
167.31717	57.24412
188.39543	43.900078
183.34158	72.11937
167.17403	36.122166
183.3892	56.176655
169.35373	65.847374
176.61856	47.643017
193.15495	64.83214
163.91899	49.406338
188.16098	35.268684
177.87402	63.379047
177.06192	37.850075
189.21652	52.77815
154.00201	59.37314
182.77684	41.952713
172.94724	71.51433
156.86612	47.41264
192.48135	47.48591
174.85568	79.8313
171.10394	33.07645
192.52542	71.29426
159.19254	55.479877
199.40996	48.798473
163.33194	70.23302
158.85385	38.41461
194.11362	58.727417
161.37181	62.286278
557.68835	371.8474
568.4044	383.85333
557.0757	379.6883
565.8191	373.2598
551.82697	392.8938
554.83844	365.5413
578.37994	385.74707
549.5965	382.65363
569.1061	366.46094
567.4397	391.68994
548.47546	375.32895
571.8055	376.1685
561.4988	383.37473
563.24084	358.97015
573.9623	392.90753
542.74725	380.45135
576.8324	365.72437
557.8526	389.71045
550.06287	362.1616
579.13055	379.04535
545.52704	390.71234
562.7734	365.8227
560.98047	395.74115
548.6092	368.8976
577.6928	372.29004
696.9267	380.4063
703.12915	371.35272
705.156	384.46872
690.9999	376.0956
706.66174	377.56784
697.72614	387.30664
701.13617	365.95932
717.2532	380.20673
690.7357	383.65952
702.35583	360.95316
711.379	390.26672
695.9283	371.286
710.557	372.023
698.3617	394.17743
692.5679	363.433
718.1483	386.0663
684.2431	378.96454
711.5024	364.38498
706.05286	393.9933
686.43695	370.96143
717.904	373.5465
690.4435	390.15753
874.0443	371.6092
884.496	384.0235
869.2617	377.18573
886.00696	373.6435
872.5869	387.4833
868.0368	371.06186
881.80646	378.24298
868.3286	382.74637
879.37695	369.61053
878.5921	386.19293
473.20712	374.16373
488.89365	372.68896
479.07895	387.23523
483.94742	377.76508
493.0644	382.33295
474.0103	383.5091
487.3191	362.5041
481.6264	394.3337
480.3979	366.0805
498.49945	385.42804
471.98453	389.82245
479.11835	371.4618
486.26105	383.5328
462.05795	375.4068
493.2081	363.57172
477.88956	398.71646
471.35773	359.70395
505.6535	386.305
469.55426	377.67047
486.94897	358.03955
490.19424	395.7666
469.25714	366.01575
498.62933	375.74423
467.7643	393.1258
478.6522	359.1388
487.9164	390.0454
463.22217	383.64108
498.7602	369.7851
182.60385	270.68512
171.56435	260.01605
178.7149	256.50705
154.2446	259.0485
185.22876	251.0756
182.91522	275.31238
165.14958	254.8958
191.8745	255.68587
175.81601	264.7073
175.26022	251.73523
183.49922	263.9263
159.10922	271.22574
178.8993	242.75871
183.20801	279.24335
163.83347	245.68839
189.2305	260.74536
168.06339	277.8824
173.56094	244.43974
189.79607	270.38828
160.68594	259.22345
190.65633	245.94409
174.29442	280.50983
168.10153	251.16667
195.3271	266.24963
166.27177	270.40924
636.8641	370.77094
634.27106	380.2066
618.81525	370.7847
646.169	374.3214
627.2659	389.2287
630.87695	368.39053
646.011	386.43558
626.52966	380.7096
644.5515	366.7035
635.48376	387.9592
625.5954	372.75754
640.44635	377.87012
621.18744	390.42862
631.1408	361.3762
642.8698	389.9202
620.7632	377.5526
650.27814	371.2659
630.3766	394.8832
623.2235	364.43243
651.58386	382.44427
617.7163	384.19125
638.20575	362.52036
639.94214	396.66357
799.8	374.62418
814.75543	376.74033
808.031	388.19846
808.7196	373.46942
816.3022	387.80475
803.57947	380.15836
819.37585	372.10233
811.6239	382.86954
804.3231	367.91696
820.2039	380.3969
800.6606	385.22314
812.6146	367.2706
184.7208	161.03687
170.98648	155.10268
181.76288	156.34341
175.62283	175.92276
177.61905	165.03058
188.68326	168.44241
167.08383	160.68822
193.22372	148.99084
180.14732	171.66885
164.71753	153.23906
189.4029	156.63689
167.11008	169.48297
177.03726	154.24411
184.24051	176.47945
160.27237	163.91403
184.34592	139.82559
168.95744	176.83026
167.4404	144.07971
197.29419	166.03108
160.6539	171.53531
178.37912	147.93161
178.32893	181.64519
157.33154	149.1691
197.3544	157.87373
163.73395	179.41226
173.7475	142.34917
192.85568	175.68507
156.17409	157.23172
183.12276	338.9319
173.0285	356.81683
164.58069	336.07532
179.25822	353.61185
166.70555	361.87494
182.34795	346.82086
188.8227	366.43118
173.5051	349.85852
187.57603	344.62595
175.86696	362.63425
168.22977	343.6739
191.49695	355.74756
158.17294	352.37643
180.57164	333.9881
181.4872	366.24274
160.80814	344.1706
192.88895	349.62933
162.56874	366.39392
171.11325	335.44867
186.94595	360.4555
165.34232	354.22958
192.40681	338.84076
172.65207	368.4305
173.32263	497.398
182.0536	505.8416
166.78209	511.6148
179.46558	497.2767
180.8651	512.8747
168.09584	500.26068
187.93124	495.19443
173.33359	506.5761
173.67741	489.68353
188.92233	508.3942
163.43262	504.96158
181.75577	489.53076
173.96666	514.6173
164.82822	494.57318
186.6871	501.22983
837.3397	383.77197
844.2108	368.748
852.54895	386.58234
841.3337	376.28265
854.39075	372.2801
842.0911	388.7144
837.60126	369.86243
853.041	379.8055
834.65247	377.80783
848.779	373.09555
845.80206	383.09695
