179.89322	336.8725
169.62321	340.55487
170.05232	328.84674
182.48514	345.679
170.99754	335.5119
186.13551	337.76288
175.35532	344.93726
164.45163	330.23566
190.42404	345.6997
163.31415	349.7043
179.88678	326.56836
179.05215	352.95416
160.31226	335.7623
193.04974	336.3205
169.65665	351.1544
171.96408	323.20834
186.75015	351.31644
163.53114	341.5786
186.7147	327.537
174.18843	357.69763
773.17444	46.861565
783.05115	45.28222
783.0785	57.784813
786.35364	40.969738
787.3028	52.47349
775.85693	54.448658
794.8016	51.15634
771.26135	69.24156
777.81476	39.8114
801.74414	60.10492
771.97577	62.463646
794.95215	43.233555
782.444	65.14097
766.46814	51.54658
802.2394	49.764744
780.42505	77.6848
776.7978	33.80082
797.8425	68.61446
766.0212	59.306267
800.7056	41.521973
776.70905	71.01936
769.0522	39.34597
793.76276	58.43517
758.89325	53.832664
786.54846	35.595303
789.0049	68.25519
764.3965	44.129284
181.40324	533.18823
172.19424	541.3241
174.37187	528.591
180.43723	540.276
172.48387	535.3832
185.46011	526.3656
173.47722	546.8944
167.5964	526.9072
188.09595	537.89996
166.01028	540.6655
178.1832	523.244
181.97588	546.6239
165.27025	533.77625
484.54907	78.022766
466.1395	84.994675
473.24155	68.85546
486.77423	66.5347
480.66196	77.26039
476.8358	64.26943
494.96085	85.56309
468.89642	77.5502
482.60092	86.75069
459.3745	80.878525
496.0066	68.57388
487.66748	102.611145
459.84927	71.65925
490.4979	84.133415
472.39166	97.91956
464.93854	65.4437
499.992	80.71672
465.4168	98.03477
495.7027	63.390755
508.46527	74.59154
447.04776	76.436386
499.825	74.728874
475.26007	89.728714
481.2875	52.64579
495.80942	96.66205
462.03677	94.21153
478.16595	58.208717
472.47223	107.05907
455.01016	69.41248
706.45087	375.20282
689.77966	380.3512
694.02045	376.8554
701.46814	381.42307
687.0935	371.55695
700.0253	373.56384
694.047	386.72662
688.9934	366.54358
710.754	383.0033
684.01807	387.24756
698.305	361.0442
700.3618	387.4039
681.35706	374.4588
710.94604	372.0591
690.7821	393.83862
694.7413	366.78516
709.5318	388.41135
682.1513	380.80524
705.37537	366.86676
698.359	394.1032
168.94601	476.25244
182.12057	480.94897
168.18857	486.09088
176.28316	473.7575
182.78014	491.1901
174.04231	482.31055
184.59915	472.92975
170.01384	492.39044
171.87923	468.42487
187.30008	486.57568
162.78369	483.32977
179.6731	467.22055
176.25337	490.6601
163.93022	472.32608
189.01173	478.50528
834.611	385.972
843.2048	370.43878
852.1053	385.75604
840.0282	377.01758
852.5257	377.03784
840.2879	389.6036
837.1128	368.10553
846.78046	379.7164
831.7591	380.13184
849.285	370.75522
844.228	385.5787
832.7907	373.58173
189.25957	407.98392
172.26291	422.75766
170.34026	408.49805
182.18036	421.37012
177.31337	418.10748
185.15164	401.9695
177.2051	428.00424
162.92703	406.2356
184.94943	411.45026
165.91055	420.69025
179.91205	401.15814
185.74399	428.25333
168.07372	412.97202
177.38664	411.24664
169.74593	430.14893
169.16779	403.4072
188.50523	419.93048
160.79056	415.71777
563.2639	367.7742
565.3518	383.51053
558.67957	375.0796
564.6388	377.44257
552.5623	383.64536
556.38666	368.2081
577.1776	390.81158
549.7731	377.89764
569.5432	369.20004
558.4066	393.79672
547.15967	370.18292
572.13513	383.94165
547.34827	390.00894
567.53455	361.1968
560.8622	386.94675
543.8773	374.8422
574.0237	376.24423
553.4621	397.66666
556.51746	361.51227
580.6132	381.19232
542.5167	384.6028
576.8451	368.69415
564.92206	396.5853
546.11835	364.06015
178.37068	251.64339
171.1828	259.8328
173.82408	238.20215
179.50877	259.58154
173.23581	269.2312
184.72478	250.44759
162.9039	267.6015
172.02167	246.05136
191.37514	259.18097
162.29427	257.33868
180.02583	239.51392
184.47609	268.4315
167.8306	248.3698
191.23843	242.00517
170.37769	274.33246
167.0527	240.03833
187.27267	264.23056
161.8497	252.2214
185.77101	240.94527
181.6458	274.2077
160.45224	246.35149
195.20366	253.72275
159.39253	261.12335
476.8152	366.88806
495.6158	385.8407
477.86588	376.0417
483.82538	374.99194
480.52408	383.04706
474.9665	359.93597
499.92285	382.7471
460.84784	381.3489
488.22656	370.22714
487.75592	388.83078
463	370.23917
494.66498	374.87924
473.0257	386.41644
481.6001	363.4898
492.74957	393.27097
468.0988	383.90103
494.4686	366.4699
480.8436	394.67014
470.37036	368.6601
487.84283	381.89014
467.88974	393.11948
487.73535	357.0213
486.3271	396.1151
466.5543	376.87592
501.59808	374.09656
475.49365	395.13937
800.0293	376.3225
805.5021	380.81732
797.6229	381.21417
806.3728	372.53333
801.44366	389.71893
791.38	372.03964
812.0901	381.31586
789.09143	384.50616
802.8894	367.2044
808.2191	389.58746
790.0645	377.93372
813.2754	373.7454
795.4562	387.82523
795.9737	366.79187
407.39856	385.04785
392.94144	386.52533
398.48587	368.9833
391.13974	379.04706
383.76968	372.54263
405.42725	375.42328
383.82748	389.09607
391.8694	357.4124
406.6447	390.80573
386.48248	382.799
403.89294	365.78262
399.83942	388.2749
400.16452	377.6154
411.59555	374.1979
375.90332	386.0769
390.17963	372.69373
408.50336	395.82062
378.06824	373.98102
412.86346	366.5329
393.39453	394.4568
388.64618	361.75104
412.9603	383.45074
379.1825	380.71866
398.87558	360.907
399.57794	400.97375
381.39444	365.1646
418.21793	373.4554
387.9928	396.69138
171.1416	41.104546
193.68243	59.055992
166.30711	53.59786
182.91946	55.70049
175.74455	69.323135
165.86098	47.815525
173.51039	63.45754
166.61842	63.365612
181.207	39.51638
182.73972	76.170456
160.27327	50.260235
189.24104	51.859985
170.3318	72.504166
172.4088	34.907646
190.88846	71.28541
158.65189	60.404247
184.89752	47.249443
174.95909	47.83141
158.81209	41.0577
199.91895	57.194542
158.56183	67.49837
188.85948	34.401962
182.04861	67.76133
152.12407	51.705544
194.47882	46.394535
163.72047	72.972824
166.74765	32.893456
189.0444	65.83542
615.34076	383.90353
636.20966	369.57074
631.25433	393.51135
615.2004	372.86624
650.081	376.5423
626.43823	383.99152
630.0469	372.78458
636.1039	389.1122
627.92664	377.40143
641.59033	366.97803
634.50214	380.1425
626.8424	367.88303
640.68384	381.90448
620.21985	388.5877
635.79474	361.7312
639.3063	394.8752
620.5829	376.60052
642.7548	375.28647
625.4772	391.98578
621.18176	363.8377
646.1284	386.3307
747.1138	381.20322
759.0189	374.95316
754.73596	382.3097
743.38556	369.25385
767.4019	376.21497
745.99097	389.60706
751.87036	375.1402
764.2186	387.47336
741.41437	376.1093
760.9431	367.44238
751.6604	390.22467
750.12274	368.2875
764.0019	381.72653
740.6549	382.6782
754.7664	365.27948
757.73663	391.51904
870.99866	377.05984
883.2775	377.18176
875.5184	389.17874
877.1989	370.4895
887.53253	386.56915
877.06085	380.55176
890.3721	373.21115
881.47034	386.7476
871.5544	370.10184
891.0091	380.4813
870.3338	383.8244
883.08997	368.4908
180.38452	170.06476
172.91331	159.1676
180.04184	161.41574
165.87492	166.48294
172.63815	148.30649
189.03392	161.53476
156.33636	154.50067
186.24182	148.1613
171.8	164.63243
162.68307	154.45604
186.11891	155.31113
163.96684	175.34023
180.57265	155.21555
190.9629	172.45999
164.64526	160.38063
187.29361	142.02136
177.27036	180.52466
168.60614	142.3099
192.12129	167.51195
159.63736	168.22043
176.63383	141.92961
184.81393	177.06842
161.23894	147.63297
194.9915	156.10867
173.54648	172.13847
