171.89694	538.92523
169.29822	544.0648
173.38535	532.4943
174.73679	549.9563
162.84964	538.51715
180.14651	537.48895
167.90547	550.5645
167.00815	531.59973
179.58118	545.9647
161.26352	545.7092
489.6023	91.67592
478.6822	95.61961
467.70905	76.20499
497.32187	79.98176
487.10498	71.62224
465.46573	64.00544
472.67148	107.8206
467.92694	96.629745
496.1922	71.025406
460.7228	104.37534
480.57495	83.386215
489.3742	97.59098
448.40836	91.54096
473.60904	70.646355
483.14658	106.265
457.99683	82.09996
502.45453	77.845474
489.37613	116.129715
452.5284	72.05656
496.1516	98.741776
456.15894	88.68623
503.1001	66.147804
499.9527	104.38346
459.85822	74.89834
506.85336	79.85033
460.88828	94.21722
483.30078	62.015266
485.51538	101.314064
469.6341	86.68114
486.47803	63.20214
167.0811	490.00446
168.54083	480.534
178.83176	487.55777
158.96135	490.02612
173.51599	479.556
173.53189	487.7714
156.20158	477.59116
183.7185	480.0008
166.41135	498.84796
171.3861	469.25815
183.22891	490.94913
162.19765	484.25848
178.0441	475.6867
172.72702	496.88275
164.21866	474.52344
565.3382	387.51126
550.45294	391.92575
559.6629	375.7011
557.42834	391.07443
548.3256	378.34103
559.25	381.9051
554.7516	397.9341
553.3718	377.8541
570.8484	388.09644
542.4846	390.20682
560.8602	368.20212
560.03577	400.97842
542.7581	380.22488
569.80316	380.26178
543.2335	396.5893
550.4035	370.6021
566.3522	395.8537
547.078	386.00293
567.41907	374.032
797.92706	390.42145
792.3258	375.06784
802.70105	383.9154
791.12366	390.40735
804.41003	374.2769
807.8246	393.26993
788.4193	380.84415
810.92163	382.75604
793.60693	397.02945
798.8015	375.97772
812.5868	388.22418
793.6398	383.50522
810.8456	376.61282
802.4823	397.90726
157.92584	52.206512
194.21153	52.743683
163.1957	59.354836
180.27695	52.511284
179.43423	63.894753
153.37721	43.840134
185.32666	53.520203
159.33002	68.42694
171.24342	41.439865
172.94978	51.87475
168.07852	51.10327
174.20285	35.13554
185.76526	72.478226
151.07426	55.13502
185.02257	44.51098
166.6948	73.8495
158.8219	38.070732
176.47188	71.73574
151.73479	65.20878
180.87894	39.707153
172.16696	66.8983
164.86731	45.390438
187.58432	62.61075
156.80525	61.285667
476.10248	385.85388
485.3045	390.61838
474.66196	379.32883
493.15887	376.06412
471.21396	398.07074
473.8641	373.1388
483.36212	384.76508
465.06992	384.27768
483.30634	377.92206
489.65094	400.53815
462.12677	378.1026
497.91202	382.29855
464.84726	397.39578
478.9057	368.8117
493.7085	396.04153
460.373	388.62207
489.41293	370.7513
477.14005	400.36267
468.04736	372.53625
495.72998	390.13208
471.84512	390.28522
484.1131	366.31305
483.47226	400.35965
838.076	384.1666
852.3346	380.9322
840.5294	392.9277
843.62225	378.20282
853.21497	392.28375
835.1581	389.57532
848.92413	375.6872
845.7155	391.62387
837.27625	376.96512
851.2749	386.37024
154.41081	164.69023
169.0544	170.90172
176.44302	175.42484
166.88821	151.69595
186.32646	149.82446
162.4533	163.60341
177.68388	153.07228
179.01973	160.03232
164.19345	158.55466
172.3165	140.53688
174.48415	162.19933
153.17058	154.91678
192.09622	160.2561
156.07362	171.35226
164.88766	141.23386
181.71745	168.50385
159.43015	152.77715
180.2959	144.70839
168.63683	174.33987
163.9562	147.50362
185.60379	160.34116
608.50946	391.15656
622.9938	381.07806
627.527	393.2686
614.4886	383.14
628.55365	382.657
622.07227	390.1353
618.6722	371.2206
634.1577	387.63495
616.5417	388.2747
631.79913	373.722
621.7254	400.7977
613.55536	376.03607
637.2548	382.11105
615.1945	395.29352
626.0607	373.02512
634.2661	395.47763
608.8006	380.5724
175.83069	242.2771
177.88838	254.16045
167.70647	246.84201
188.17978	251.84253
161.31216	255.03181
174.25511	235.33598
171.91095	258.33066
159.69862	247.54831
188.7009	244.39279
162.1141	262.8244
174.4504	248.50461
181.7486	261.5338
151.6233	247.81084
182.72571	238.39888
169.30875	265.6812
161.39041	241.75737
182.05554	251.55725
155.9979	259.5267
164.80035	236.36874
171.98299	342.42142
157.89615	326.68488
187.20535	327.34882
162.44617	344.78253
167.33685	329.7915
184.04788	334.9182
166.56271	338.2984
177.22006	324.07477
172.0657	335.02075
164.13864	319.55322
175.43092	331.55804
156.35318	336.73047
169.92267	321.43362
183.93694	343.20328
159.61	332.4464
175.08798	315.81183
171.63966	350.01587
682.7269	381.676
697.5047	387.00665
675.69324	390.462
688.13025	374.1744
689.0219	390.66443
682.18896	388.1887
691.2625	381.3816
681.21576	396.86124
677.01135	370.15213
695.20734	393.08246
671.6115	385.479
694.0723	373.14542
690.1753	397.8896
672.7222	379.4648
698.16876	379.87277
674.575	398.09058
682.95245	374.4953
172.27036	412.25204
156.95851	403.55765
186.20381	403.352
170.60107	420.14008
167.88089	406.41428
183.3171	413.9319
163.8735	414.95074
173.96062	405.15106
173.40102	424.84277
161.98734	399.28226
180.99556	408.49286
158.5334	420.4041
167.4217	395.29922
182.77878	421.2242
158.6009	410.67938
175.97162	397.68845
165.491	426.05215
738.84467	375.7962
748.934	388.2109
736.6644	387.88077
746.16785	370.50214
751.3342	393.2072
741.7919	382.24677
753.33484	380.5291
742.4338	392.7112
746.5521	378.45145
758.66614	391.82535
729.9234	386.18793
755.1618	373.6216
747.3932	398.85468
733.7146	379.34024
758.5199	382.94687
737.2851	396.9169
880.805	378.3203
887.0967	393.54068
875.5247	383.17322
890.4456	382.6703
875.9728	393.65634
874.26746	376.12396
889.0469	388.07538
872.5285	388.64435
886.5885	376.15652
881.1416	391.26904
377.37323	387.74033
393.0224	376.98346
386.13168	398.5453
381.19623	375.3907
401.98914	394.35208
382.51627	391.93167
392.44412	371.41315
389.33057	392.53925
383.86588	369.7377
399.80994	380.8869
371.76044	396.2497
387.86002	382.29547
396.09735	406.753
370.97458	383.6229
411.83813	379.4209
383.32498	403.38776
381.19876	365.62427
401.64642	387.59406
376.9526	376.9953
404.36432	371.47577
397.4261	397.83194
371.68295	371.5976
409.52896	386.89136
377.20645	401.19287
393.64227	366.5088
404.4522	399.89746
783.26294	61.203083
791.45404	50.667492
792.4601	58.264923
778.40265	39.000217
800.16864	52.934002
773.3822	61.18163
798.85034	44.763462
788.2911	65.96801
771.3172	47.224663
804.9691	47.810047
785.36096	75.37808
770.0309	40.847248
799.7489	60.086132
764.73676	60.830406
789.8265	38.234863
793.458	72.647964
776.02795	53.22439
811.1654	59.053375
769.7189	68.17763
782.5054	45.09932
797.85834	71.51112
789.0743	47.06948
797.96277	35.703064
776.2128	68.63612
