485.9222	379.94464
477.41846	378.55432
478.65216	370.38983
476.7851	385.2277
472.36655	374.0079
488.64746	373.9424
471.88568	390.2519
474.6478	364.78473
486.80298	386.70673
467.67242	380.58536
486.85352	367.14993
483.4322	389.79883
466.97003	371.1875
494.69693	367.59357
464.22064	391.289
471.1923	360.05774
493.60117	386.82367
458.78165	378.35538
486.79614	360.61374
474.58466	395.71564
464.59326	364.35696
494.50665	377.25357
463.38324	385.301
479.86636	359.37396
482.8313	395.197
458.6793	371.68146
620.68994	369.28387
611.7667	383.95102
609.366	371.21295
620.0261	379.8939
614.4722	378.30072
614.2405	367.28094
618.2236	387.2739
603.0346	372.30225
624.0815	375.6886
603.30676	391.45993
610.8763	360.80716
626.4777	389.80823
604.4954	378.5537
627.3329	367.68512
610.91785	392.6153
603.6178	365.2552
631.327	381.4879
600.7987	383.45578
621.2125	361.4279
618.87885	393.32446
596.15955	375.09
631.3629	373.91824
786.50525	381.7868
788.2385	374.84344
793.1113	381.47742
781.19763	378.1604
796.71344	367.24963
790.3145	388.94525
776.8579	368.80878
795.7203	374.2541
777.26526	389.3763
786.12885	369.2739
796.1091	387.4141
772.9982	375.03583
801.66693	374.22528
784.5282	389.79224
783.1027	364.19403
800.9234	381.62103
774.27454	381.26508
791.33386	362.73328
476.23105	82.48592
451.1848	84.876816
489.41064	64.93401
472.5809	88.42094
469.84805	65.81549
503.46924	80.767914
475.88657	76.57593
477.82803	69.973495
479.91797	98.54747
463.12286	68.26402
486.06683	79.21014
458.07135	88.26036
484.48462	70.292175
491.94366	96.876724
456.48642	70.26827
492.31073	78.58305
460.60855	97.19805
478.6895	57.866615
495.576	87.85253
466.96558	84.162994
487.9586	47.857212
482.17838	88.3917
469.9815	52.422607
495.51285	71.88935
479.67572	93.181076
489.74884	59.932507
502.32877	93.44584
459.92725	77.47307
497.09326	66.22084
465.97113	101.553345
171.56204	520.5775
189.79765	528.6736
169.78455	528.56464
178.50014	522.8443
179.62436	535.60266
166.02048	524.0121
183.36932	524.52386
173.19937	534.3249
174.61885	513.1687
186.51414	533.27936
161.91042	529.28174
187.10718	517.9126
175.15881	543.08856
165.62723	515.8135
190.71498	523.2701
166.41856	536.99524
180.74992	513.7083
186.39006	540.2314
394.80896	372.19183
402.7619	380.4913
395.17596	376.8499
388.67703	368.7234
397.89435	384.97113
382.518	383.8367
402.4843	363.52594
403.58527	398.63147
382.18216	367.17044
406.8266	374.3117
388.89807	389.34235
394.38623	365.8324
408.44122	380.7074
384.32947	376.716
409.07953	370.3246
393.5043	386.9131
381.5965	360.15762
416.36713	378.89325
380.9704	389.92755
401.96613	357.72958
407.8039	391.12793
377.53143	372.28278
416.05038	370.43954
390.52386	395.98883
394.5381	358.92596
415.0482	387.85144
377.0613	379.52274
410.65024	362.73804
397.28284	395.85718
667.894	372.99683
687.62897	378.70316
670.6001	382.4004
675.06506	370.99063
682.8429	392.7049
677.0359	376.6486
682.2784	371.4533
675.2656	391.92755
667.43585	363.9869
690.9152	383.748
662.70764	385.2326
680.28894	361.82452
678.5614	384.80237
661.6409	372.0822
690.18005	372.3754
668.0375	390.03293
673.95874	361.40692
683.9734	383.78055
662.5632	378.7613
686.6637	366.16504
178.51465	393.3399
169.45651	389.38443
184.65372	385.2077
162.10344	394.1728
175.65448	386.08325
184.98586	403.3384
160.85893	386.80542
188.0958	378.85983
175.3422	400.52176
177.55211	380.20142
190.43495	394.25067
168.37976	395.085
182.0046	376.33694
178.03665	406.0744
168.16096	380.11948
193.93478	387.77988
167.81184	402.2779
173.93985	373.50165
183.84497	393.91458
168.81885	149.2067
187.01863	142.00595
174.83655	155.54727
168.14232	133.82542
177.92374	150.0798
165.21771	152.9062
177.57713	141.81406
186.54793	152.50638
171.9881	142.22517
192.7649	145.9819
172.814	167.37772
174.44939	131.89163
190.67714	159.67697
158.19888	151.11928
185.95543	135.49158
177.36307	163.3389
163.54935	138.44753
193.87512	153.4436
165.04883	160.96228
181.41557	132.12306
182.2104	162.05713
162.09286	144.38991
192.55324	138.0554
171.9073	54.471264
169.57204	41.665443
187.48329	56.04238
165.40683	60.329063
179.40121	39.21623
186.4351	63.088642
164.12617	50.4564
181.92459	51.996532
169.44383	66.08298
178.0841	48.548195
190.6511	74.278076
160.72923	58.080925
186.35144	42.170853
173.63458	69.0149
170.38754	32.883423
190.93338	48.91677
159.30089	66.41733
184.3935	31.123043
184.07007	73.178856
154.8103	46.446926
200.92715	46.555023
176.01193	73.83264
176.8693	34.22762
191.86359	64.187485
155.82916	55.15075
191.67177	38.99023
178.458	59.82724
161.49277	39.93609
198.2994	56.596886
169.79955	320.3979
172.69676	314.84418
180.36165	322.45306
167.20244	310.1159
193.6116	308.52515
175.94267	325.27652
171.66397	297.5438
183.14888	314.8469
161.28984	318.99634
183.65057	298.06412
189.55872	331.19775
166.03162	302.99872
178.36055	310.98306
170.63704	330.9105
180.64992	303.66995
189.98582	321.83267
161.08757	308.57758
187.18555	305.77567
182.88736	330.25073
173.40305	304.27264
191.32883	315.2859
165.26706	326.54813
838.55304	367.53168
842.44073	381.20544
825.71375	375.33594
842.50604	373.8406
835.6364	384.1093
833.9372	372.3377
850.40576	380.70895
824.7643	382.50467
844.9832	365.44876
839.48816	389.27148
826.367	368.58463
849.05194	374.34418
830.38464	389.2582
833.52374	364.25174
846.69073	387.4665
832.3657	379.7492
891.50116	371.90848
880.8584	379.39325
876.0492	365.9257
886.8421	378.5473
870.2152	382.0147
883.4666	366.0417
888.005	386.8794
870.36316	372.85406
894.24646	376.74658
875.9539	387.51907
880.95154	372.14105
893.3343	383.75766
875.7923	376.34402
888.98425	366.7346
883.4689	390.9748
776.9914	43.92805
793.81555	52.50072
772.77716	56.612816
787.3108	47.556416
788.95935	60.875683
757.5059	46.707638
790.6445	42.99357
777.8058	69.9821
770.6432	39.0798
785.4304	52.907646
762.8717	53.703133
788.1737	35.961094
780.88586	54.69475
769.5146	31.36742
800.0495	45.77869
768.8317	64.105576
781.75494	36.591335
794.5558	63.485138
775.7754	48.50414
796.40466	39.114452
772.6554	63.27879
778.6418	31.404682
800.7587	53.172314
763.3684	63.494648
785.38025	27.790659
785.9585	66.25761
767.07166	46.07563
748.97986	373.36554
725.87146	388.82574
731.5302	363.84064
742.89496	384.04367
728.59576	375.56967
738.95886	372.25653
734.55725	385.7989
721.5177	369.77664
736.5851	379.9151
727.0285	380.9879
732.27576	371.21582
740.9813	390.78714
719.61536	376.7636
744.09875	367.4223
732.3897	391.4834
724.6285	364.70386
747.38904	380.25125
719.2965	384.68185
736.92847	365.19754
553.6596	388.0063
539.1989	375.17914
560.44507	375.10596
546.9342	389.13846
552.0669	360.63947
557.3094	383.2259
535.72284	380.91672
560.5893	364.20007
543.3478	379.3338
543.3475	369.23273
550.25256	380.36963
540.5482	387.55405
553.5316	373.1276
563.50037	387.19147
533.0395	370.5245
565.11664	370.0423
540.3573	394.1822
544.9246	361.57266
564.8307	379.5501
530.60974	382.21375
553.57526	366.0125
553.82605	394.12604
538.7501	363.15237
191.1594	229.41568
168.18918	244.74588
178.29329	231.49695
183.68883	234.86926
171.52046	231.54288
184.06706	219.74455
176.14615	239.12593
167.75804	213.66023
189.54866	237.63086
165.64172	234.76578
178.14038	225.15886
185.4172	246.58249
169.21663	225.58113
189.57295	221.30246
172.98476	246.90268
174.54056	215.99329
191.37161	246.26237
158.0377	235.9727
181.34143	215.38762
179.13321	247.79004
161.49017	224.38455
195.3692	234.18242
162.85551	243.25403
179.43079	451.3186
178.97792	457.61475
172.42224	460.42984
194.22203	454.74243
177.45612	465.22983
171.55618	453.29794
182.84981	466.49738
163.10464	466.68683
181.28134	444.9936
182.78409	472.97137
164.02402	453.8964
188.56996	461.6966
169.129	470.8456
173.74103	443.32715
189.06252	469.75922
162.80032	460.78857
186.67305	452.14853
175.59592	473.91113
167.90678	447.86737
