589.3739	390.74557
576.89545	394.7292
580.9858	385.18365
579.80676	390.0184
571.2617	385.38593
591.2902	381.74374
583.48267	400.48557
580.4529	378.11475
596.06726	390.20868
569.87244	393.10504
592.44293	376.33173
590.60767	400.31628
573.0316	377.23123
597.9557	384.56683
576.02466	399.9187
583.73535	373.73563
595.81573	397.1837
451.0944	102.69115
472.70126	90.35299
467.6004	112.153824
433.92368	82.06723
445.50888	109.1215
433.98907	104.963425
458.96875	68.15923
450.44214	88.23448
438.8874	72.62405
478.93427	87.36688
440.74506	99.60554
447.50806	77.9894
441.5211	84.39518
424.70053	99.28495
466.85815	86.96316
459.30438	120.55206
427.704	75.02734
472.64355	69.59447
422.52432	103.449814
452.24115	62.217884
469.98334	103.52515
441.00543	95.385605
463.2352	72.48726
457.46442	105.895485
434.08853	67.76803
457.92758	86.94666
422.26425	91.59157
447.09628	69.11412
459.95352	100.816986
426.20477	84.0022
161.6338	419.27408
155.13748	423.896
156.55913	417.25293
168.26819	429.4992
147.46162	422.71793
162.77792	412.3636
155.71332	431.74542
149.38614	412.43945
168.41794	421.102
148.39102	430.37207
156.66493	408.44565
162.29283	430.3151
145.47218	417.9041
170.60207	414.63266
153.66774	171.60217
150.25443	154.74944
160.2288	179.21622
156.20195	165.63785
169.2949	157.03925
154.28171	178.93776
145.46954	175.49947
160.30717	172.81055
151.86139	184.71303
164.4819	163.35147
170.86911	184.82126
145.35417	161.23521
172.7591	166.33664
166.95966	179.51866
150.26665	164.06084
171.11948	173.02019
141.60245	180.23074
158.63406	152.97884
699.5417	398.69583
693.0693	385.3637
709.0585	384.15143
696.9126	390.4455
691.97687	376.9662
707.1553	395.17267
686.8627	389.45978
703.8295	378.7647
693.48645	398.09064
686.38806	382.20667
704.0466	390.53717
687.942	395.93793
697.98346	380.29282
748.40704	398.0628
737.96893	388.7298
745.3367	382.55365
737.4851	397.85724
736.9987	380.2468
749.4973	389.57303
732.5927	392.71536
742.9179	377.01526
742.99915	394.22467
732.3434	384.65945
752.62384	384.72946
738.07794	68.68355
740.456	38.239704
752.6701	61.49394
734.9447	53.100178
742.0458	45.223003
742.3938	59.284313
733.26776	46.906887
751.7304	56.42501
721.2627	62.45448
737.39026	33.310192
752.96936	67.11108
725.8402	59.680717
754.01685	46.976974
731.2873	68.58631
729.79553	35.044464
758.84924	49.50158
728.1186	53.03241
748.97815	35.0398
742.5362	67.737
723.9701	42.03259
747.62976	50.286846
510.6957	401.35208
516.4377	382.76996
520.0292	389.7227
513.7567	388.55896
523.2441	383.0929
515.0155	396.13495
510.69098	378.3482
526.77527	392.28732
505.57022	395.5397
524.2599	376.1274
524.7374	399.6962
504.6452	381.24014
532.53143	387.1716
518.5035	402.8437
515.31793	372.93268
533.0789	395.40125
506.11823	387.66034
530.6437	377.8509
363.39307	398.61334
358.52466	372.58154
369.9428	382.20828
360.8462	390.4029
363.29965	380.5016
365.40454	405.4139
339.68793	384.5814
376.19812	383.938
352.80685	399.5674
367.06885	373.57303
369.10516	390.34268
355.15057	387.80167
372.5381	371.347
373.23026	405.34708
348.4649	380.4184
380.4359	391.75922
353.62576	405.8626
364.1061	366.02682
375.7552	397.06012
344.81186	389.94305
376.98022	376.98615
358.53204	407.04828
351.2786	375.77457
373.1457	391.91403
351.4829	393.1297
160.68314	334.58582
158.21078	359.94244
146.74324	345.0748
165.97896	339.42148
155.26407	354.09503
151.54825	335.54138
160.82231	344.18677
153.64883	346.0107
172.5762	340.28586
162.12569	350.363
145.49365	338.24094
172.13545	350.25586
147.45004	356.87646
159.37576	329.50867
166.61516	356.8408
144.53336	350.06763
167.7378	538.35583
157.88266	549.8036
153.06332	533.22656
168.18752	546.90607
148.829	546.0269
159.63994	533.53656
163.04323	552.22095
147.8413	538.968
162.73679	543.4
151.58813	554.57605
156.2774	541.2096
793.4243	392.8926
773.0885	389.67154
787.58716	377.86432
781.74664	399.4325
775.5374	380.13092
788.745	387.70013
776.29846	395.1687
782.41907	381.1944
786.6295	394.7714
778.4432	386.80255
792.59406	383.2404
156.46457	487.58945
155.10492	476.0393
162.95139	487.4231
148.07442	490.1902
165.85301	477.08575
158.03183	494.7021
149.1536	477.7833
170.55313	484.65424
151.29474	496.66656
160.25229	479.2646
166.60347	495.50104
149.5001	483.83804
832.5719	379.6574
825.2913	393.21777
814.7258	380.85803
834.59875	391.83902
816.2396	392.82394
826.18115	381.47342
829.97034	398.02475
817.68884	387.19614
832.5156	386.45
819.6419	398.17264
820.4083	380.59235
163.66205	54.931355
140.00092	71.60208
159.14145	42.622093
157.63641	65.20437
155.25188	48.181984
155.94894	55.158497
153.38745	68.70327
167.31784	52.087963
172.57953	76.56453
143.64755	52.709686
179.49435	65.17445
151.85062	79.82289
144.38333	43.399345
172.53712	69.86865
141.58902	80.37848
171.98216	47.255493
161.98964	71.99879
133.3246	52.761116
171.92584	57.41682
147.97485	71.42506
150.73245	61.608177
164.76706	81.1828
144.68977	63.981007
182.38167	53.852623
157.40353	80.9193
637.41437	375.20456
650.40936	388.55408
636.5723	399.67657
645.1493	376.03134
647.0209	392.87823
636.732	391.04745
650.68677	383.7783
640.4916	394.9596
641.0681	384.01285
653.5996	396.74786
630.5038	388.4914
653.3277	376.74765
647.2362	401.0036
635.1157	383.30826
658.0876	389.2826
153.00621	262.1796
159.78851	260.57245
170.44499	272.79666
154.3242	251.34102
168.48497	245.53242
156.45166	276.04544
144.28458	251.21213
172.21365	264.4775
146.9725	269.12735
160.9053	246.6038
161.0249	269.79193
144.21112	256.88364
171.99838	258.44348
147.05173	275.14606
153.11018	245.34872
163.72282	266.44464
148.13707	261.91888
167.17058	255.85564
444.08063	395.5507
441.88574	379.63925
466.97665	387.89362
433.11078	399.14355
448.39545	382.50482
456.21002	400.03412
432.38037	383.14615
459.69858	382.11728
442.13907	404.21848
441.62973	370.0874
462.5063	393.1286
439.80267	386.20108
455.34247	377.76224
450.3261	401.591
437.9567	376.70184
447.6705	391.65155
439.7353	397.7271
451.1607	369.87823
455.0773	390.5953
433.06577	393.35654
