615.7654	388.6645
660.72363	392.52383
636.0032	400.59045
638.47546	385.67105
637.8318	358.16797
625.8774	360.34915
615.39526	392.4732
627.27344	356.8049
650.1046	362.74594
610.83093	376.55292
654.7112	395.18213
654.86786	385.48563
611.69244	386.21173
611.14386	367.83008
634.2157	405.74078
655.9778	381.71396
645.5872	397.39456
618.29565	385.05127
655.85846	372.61078
647.9208	395.7332
622.5558	361.5174
653.10675	366.92886
838.3009	378.74432
864.3585	373.48334
870.8008	380.00848
839.1798	373.644
860.0864	368.22684
862.79474	390.23932
840.1388	389.18268
858.2961	392.99243
844.8201	393.89554
848.1418	359.93796
852.08966	392.75528
851.99756	364.73193
855.38464	375.037
752.69775	76.485245
813.497	70.37447
815.0778	60.753014
766.24475	76.72051
788.9862	87.32808
752.4694	80.19357
752.65466	67.5656
818.8325	45.109962
813.5945	43.562286
793.25195	20.365902
748.4418	62.95517
751.7992	44.74769
811.96356	26.612057
750.8832	60.90699
784.37634	22.630632
816.9193	49.092144
758.17395	63.74104
743.42114	36.521782
781.7316	87.62773
770.7289	21.217821
758.46954	46.8319
809.3088	76.48988
824.7709	39.921337
766.40356	89.76491
749.9218	25.38531
793.66736	27.743399
757.4524	81.5531
812.2995	36.810097
199.50938	315.99838
156.47832	316.71417
162.20352	295.94904
164.08037	351.9591
164.9027	367.89175
193.42715	351.10703
151.99646	347.57062
186.4482	300.40863
204.10023	329.87985
198.16429	340.09558
186.6219	354.27496
148.34866	339.91562
167.0296	359.31467
207.02054	311.3723
152.59631	352.24612
188.71596	305.19647
155.96347	342.83444
164.31573	347.81305
194.10716	312.7607
200.4152	300.2013
164.39485	312.93848
531.93274	101.75377
525.57355	105.18404
504.9354	114.82904
523.5107	35.10148
521.58075	26.391108
444.34537	58.592754
428.7355	83.13905
455.59164	23.63669
535.123	78.76675
489.72183	32.24034
542.5628	84.13704
524.3314	62.722084
507.9348	94.011696
435.77277	57.494133
421.64618	94.27072
434.76578	49.10874
538.35754	94.2793
465.445	10.511348
515.6204	48.730797
437.12177	107.24394
446.10703	41.12836
529.5555	88.898315
523.7538	67.17021
493.44424	124.426414
430.38898	96.82057
515.37445	127.878456
479.4626	134.95773
531.20966	53.643597
432.36148	55.92756
436.96906	98.13707
548.69086	395.58716
557.75977	358.2055
544.22375	375.3875
570.4207	353.1103
579.3544	398.80124
541.0968	376.67657
584.7516	365.6881
586.3606	392.26572
555.83746	355.96594
567.9946	399.97406
561.49414	409.02936
559.35767	352.31458
583.26263	395.2381
542.35297	388.4437
582.9983	388.43353
571.84564	406.60895
547.1924	361.2072
562.9876	363.273
538.81866	380.01874
565.8158	357.2429
562.32556	403.9947
591.2914	385.9964
574.4966	356.23447
574.3199	400.36368
680.5773	369.38116
697.634	357.61627
710.29553	364.72272
677.5475	378.60495
708.04834	396.11978
678.4495	382.86563
712.5668	395.1935
697.9042	400.96313
723.01044	382.8543
717.1989	381.4408
700.02545	356.4666
692.2633	396.2545
686.2229	400.22592
708.93933	359.0163
714.02905	362.4256
678.8453	374.0801
692.1371	360.26276
719.8499	387.7061
705.4867	382.50626
699.6647	379.75568
680.8976	382.12292
757.11975	353.63654
785.3957	385.06976
747.84924	393.92703
758.3729	358.38425
749.835	362.847
772.62836	366.1093
743.8926	401.67645
771.5012	393.8751
738.75244	388.18576
773.9315	389.87378
742.6354	367.3774
779.9257	370.3213
740.4527	374.99872
745.2118	371.87506
774.59656	384.3548
751.0105	395.86957
770.0934	361.15485
759.5998	399.46878
466.4576	403.87155
511.24707	357.58124
491.5727	344.7719
478.86563	408.44016
513.159	379.33688
494.9319	410.813
459.077	385.68533
469.80695	407.26404
522.1916	400.8675
461.87704	395.64197
492.23608	362.22665
483.86002	354.21826
485.52475	411.83682
456.63525	373.1315
508.45685	398.75793
466.1898	367.85413
477.90863	354.7641
462.13165	403.42
499.14728	363.3548
509.8283	368.629
506.9791	393.14276
461.0025	363.68802
495.84286	401.6998
456.5918	389.22006
473.649	351.9594
515.44366	381.5032
488.87607	405.12128
503.9311	345.61157
431.70947	385.3718
377.189	356.24396
408.14532	351.3045
382.64	409.5942
399.23486	410.64307
405.94144	409.3084
368.4656	365.5783
433.01035	392.33167
379.2568	410.3454
386.83154	346.50595
408.84564	410.83002
388.52484	350.28326
427.6712	368.20636
387.42224	403.7415
404.1651	347.11447
415.9942	353.2322
422.51196	398.39917
418.1378	355.69714
370.72278	386.489
366.14624	380.8211
382.3654	351.73926
397.63284	373.5197
428.8039	385.4338
421.31396	390.09827
418.06903	405.7352
400.12616	349.70135
374.01703	394.08218
380.4378	359.8565
374.23306	402.3205
397.37628	410.5389
180.70769	513.32434
162.76721	517.2138
159.27278	531.43097
184.64957	546.4929
161.86467	552.56384
174.39273	513.9537
193.74402	540.02606
162.94298	545.64594
188.58394	517.66516
194.75127	525.99615
172.93192	555.65247
191.38516	548.16364
176.69273	532.99915
158.01686	538.60205
201.1854	164.47014
165.50511	131.32948
192.34187	135.00906
157.18193	183.25325
146.0131	147.86955
201.80405	141.19463
208.9606	172.32323
145.04695	154.47757
198.90805	176.49405
209.44621	162.15451
148.0461	133.8179
161.39133	180.77138
156.91357	158.3818
154.81978	131.87572
186.24121	128.38167
204.5128	147.95044
177.75705	184.56064
167.25827	186.38194
188.34608	188.61101
155.64699	140.26846
160.8362	130.90352
197.35527	179.93613
165.6273	192.2435
195.73096	128.97202
151.20734	176.2823
170.72655	54.628937
196.50797	84.02238
192.11465	87.252335
163.34517	16.642735
194.46336	81.86962
140.74113	75.99484
206.43604	41.971275
150.11385	90.147896
175.1825	16.148174
168.14919	91.720985
167.46136	22.310064
202.36394	29.55803
190.1703	88.6351
144.06123	62.179607
147.28468	28.280674
194.62834	26.135904
207.0865	56.548492
145.14822	75.361305
149.90123	34.975048
133.70694	64.97163
178.34406	83.408714
190.84137	19.577116
212.73991	49.59859
156.74469	25.637196
199.45308	43.133156
200.23965	82.97018
151.35199	75.67354
210.76721	32.33879
141.02756	41.28812
176.54668	463.18832
165.47276	495.70004
157.91266	475.76935
201.16936	474.4948
178.22408	497.71207
170.61182	462.72714
183.2189	458.5083
168.42294	503.1919
180.88792	494.30338
168.81003	493.8514
194.36255	481.47113
193.96988	468.10016
202.72365	482.5506
156.86346	480.77304
152.69678	491.70126
791.3765	384.22748
821.9624	382.38086
804.85956	396.61227
817.46313	397.1896
809.77454	394.58804
799.7413	388.29504
798.0531	367.94656
820.36163	374.0078
797.28845	383.03796
824.6242	374.95
796.03735	372.1813
805.8817	363.37503
813.0626	359.51328
818.2016	388.19537
818.77185	368.50424
885.55554	389.9375
875.00134	377.88187
894.14075	373.5156
876.52325	383.8648
890.3246	369.60248
897.5303	371.10532
899.0418	378.0993
893.833	389.0561
899.71533	388.30792
877.91943	372.81033
875.91583	390.1602
149.84941	250.51704
146.5418	266.0683
192.08804	252.77661
170.0104	275.5604
144.70477	237.04312
198.37204	264.57297
197.25647	229.22964
147.59393	255.4888
166.49167	222.78177
154.15276	219.94016
146.8085	260.91135
182.19882	218.40144
202.74113	238.50137
179.04227	277.32816
162.6039	227.7861
204.81783	253.63614
185.71669	278.26077
209.49796	260.61136
175.79463	275.13065
152.02519	230.61093
183.9869	222.29456
149.69858	234.18799
206.97989	237.91867
150.90643	421.22104
183.93272	387.89038
170.63931	435.30573
164.9911	385.8745
173.29779	381.89627
183.74063	384.19025
167.58093	448.5146
178.96042	392.48758
177.91978	437.32056
197.7048	393.98083
186.07123	429.20807
157.20401	427.80518
195.9063	414.10712
202.81631	404.1728
159.11282	401.46658
176.72012	410.36557
200.09276	424.1751
173.49435	438.4339
195.02386	384.58368
155.42615	421.90057
150.63373	412.77408
