172.64728	28.041662
176.61113	50.259666
197.3627	65.00051
191.52698	91.2203
176.91086	91.45731
201.57834	74.954994
161.3849	86.35701
210.5214	61.406868
143.43303	75.21377
150.3389	80.62423
157.06029	25.069538
165.88495	88.18403
166.73625	29.265102
194.74759	34.73168
143.10226	49.91257
144.97748	34.433342
191.975	88.48025
159.02992	68.78594
204.23535	68.09226
185.5314	88.30512
149.19788	39.689854
200.5439	50.819862
126.49403	70.161766
153.54295	33.29996
195.54942	80.47804
137.04079	53.18592
199.19077	43.464836
768.79956	85.61557
780.2184	78.8799
816.65015	67.18935
753.39905	49.80671
782.6308	29.446533
810.08057	91.30403
752.46436	66.048134
815.24347	45.294823
774.74066	72.65005
802.20197	31.981476
804.6354	80.64351
769.51587	32.913204
806.2541	42.412926
793.9957	87.33847
780.4355	21.735897
818.08185	58.4964
761.89294	79.61894
759.5269	34.889977
783.6032	96.61568
755.54425	44.289482
813.4853	37.112644
741.6664	58.28521
776.6061	28.604004
812.82166	80.002525
757.5536	54.92901
804.47723	26.724792
785.72107	87.012436
382.9699	363.15292
421.49713	390.55365
401.57147	361.41693
402.67624	377.30182
368.0863	378.60736
391.60992	396.69418
412.7083	356.03766
392.48996	408.63693
381.06128	354.73398
386.49863	419.28998
382.06418	406.92206
420.6232	381.37372
389.8639	364.96304
375.70142	358.63266
422.26117	369.12448
369.82022	394.61185
400.40985	355.37982
397.4812	390.33545
362.83115	416.30762
427.0336	388.35147
406.6961	415.05634
367.5307	373.1144
416.77505	403.8784
359.34647	391.31992
389.54245	351.72696
413.86215	405.5312
361.61304	383.9723
417.94736	363.0925
384.89563	409.33917
626.2426	379.2385
634.0201	392.76117
628.01624	385.0998
646.1372	386.3703
638.8396	366.56537
622.2208	372.27063
653.63916	388.54498
639.49817	374.67676
655.9573	371.2066
661.8629	394.081
648.9062	377.58337
664.0375	374.48547
644.3761	404.44247
653.40344	364.89542
655.8652	403.03818
635.5161	402.0222
645.4359	371.179
184.46988	490.6701
157.66144	471.01263
174.1641	474.50375
156.1523	479.88022
163.77408	464.1374
171.47818	479.5153
184.37166	467.06366
189.34503	483.3073
169.89378	494.00287
156.84172	464.4816
182.46461	486.30072
162.34256	490.01855
174.81558	460.08
493.07562	359.48578
507.63983	395.7441
510.32974	370.45648
463.5039	380.9671
482.19318	379.5387
520.7741	390.79703
472.9642	402.32132
493.8957	381.85077
492.4672	408.38858
458.16925	379.99002
517.62756	386.2571
466.18085	391.6101
486.19653	356.70352
497.67157	415.41177
464.69855	373.96747
507.1542	353.97507
519.11127	397.67477
477.89316	356.73422
502.75497	406.629
468.72787	387.77753
499.32397	356.71564
479.21265	411.8891
470.50146	374.87408
516.2444	368.85712
492.97736	401.36115
491.71393	351.7983
581.61584	365.20438
589.1923	370.6972
572.1558	359.86057
554.0821	375.42487
567.64594	363.56024
587.2014	400.88602
555.202	389.75916
560.4338	376.9079
577.0465	407.09555
563.6774	399.60187
581.826	397.2141
572.62244	404.21283
556.98083	370.68033
597.629	384.8283
554.57355	385.3317
589.8119	364.54346
588.8747	405.89703
555.383	400.32343
598.38055	380.05194
565.97296	406.06088
584.19244	358.73737
598.88715	370.98276
455.90543	122.88849
519.16345	66.968575
438.6817	100.881714
434.86932	90.559845
519.26447	89.67204
477.27774	101.302666
485.48297	39.551918
496.77704	107.42698
507.31573	97.522095
510.68784	56.084118
468.00415	133.43513
464.54312	44.460407
514.426	106.60875
516.3003	79.14806
487.97455	44.024956
442.39655	64.67937
519.6671	58.648964
520.73987	78.18327
467.50668	125.66255
468.19415	31.463373
524.6151	70.83202
433.51773	79.576614
526.01135	82.465614
444.9459	118.76018
474.25946	71.50103
475.64996	133.5374
429.22852	75.04161
453.70132	45.13183
514.8122	121.17461
433.05582	75.08351
816.00336	391.60394
787.89624	389.5125
806.4613	371.9491
815.1312	371.369
800.6481	386.83527
804.55255	366.69406
804.12994	397.67822
801.33075	381.71243
810.2322	379.44598
800.0802	397.93784
795.7101	370.52753
811.8632	396.04697
789.0684	377.68677
857.0283	379.47308
844.86786	395.82977
840.0213	371.80038
851.2923	393.516
830.44464	383.12592
846.4645	374.78955
837.3402	387.90106
835.8878	375.30423
853.4764	383.13657
836.97864	394.64798
879.2609	381.16608
889.619	390.6911
867.8568	379.37955
891.91095	387.06052
876.3851	394.8178
875.81476	373.54776
887.3097	383.03455
864.4332	386.2625
880.44934	371.43292
876.6918	386.71637
157.3196	528.48016
189.60237	538.7944
179.34323	546.3026
154.99156	520.56335
183.57271	540.8413
155.6905	535.45294
187.79584	531.15814
171.54483	531.59656
163.25111	521.849
182.06929	532.37524
169.06093	547.40924
169.15921	517.02496
752.5265	370.3345
741.1856	393.7559
739.6301	382.22623
745.05133	386.40918
745.365	370.91348
762.88367	371.16928
749.0028	397.22552
766.9299	375.90796
762.0126	394.03967
745.44165	377.004
772.03735	380.09677
763.14435	400.8711
759.7682	366.81503
768.7512	394.02618
158.66496	407.9617
171.65128	416.28473
186.08212	428.35425
153.18556	411.47974
189.20374	423.4637
154.82982	426.51
186.98477	402.05524
176.3768	397.62253
184.84329	411.96445
193.02083	410.97607
166.1362	432.18985
164.42587	396.16742
156.6277	432.7894
153.4493	419.6915
188.72946	416.35092
162.09956	287.5794
195.10391	281.8514
162.17354	249.73906
153.05637	282.5583
152.09395	258.6911
189.5973	280.1673
145.77513	259.21295
200.2205	269.90176
163.20474	293.73126
159.63086	243.24675
196.63724	254.95996
178.7565	271.54028
173.09846	244.24031
185.17357	290.21228
144.65797	265.80518
193.32089	274.59955
140.64139	271.85492
171.85423	239.26028
189.57335	259.28055
150.8591	270.09998
175.76492	235.93967
175.35759	367.5584
162.91576	326.80945
188.4433	356.52948
163.94348	365.9971
189.32378	349.37387
189.126	362.42398
158.99571	332.52628
191.03992	340.8931
152.30077	350.9657
185.86636	335.58575
193.86758	334.88837
171.90668	347.2944
152.80936	341.08038
176.63814	361.50754
148.34827	347.81458
163.58917	340.37003
695.39374	389.4794
712.2146	369.5485
711.85333	400.37592
684.3245	372.8583
720.40063	373.60095
699.5787	398.49164
685.2554	386.604
717.1995	387.43768
681.86	386.3714
698.06714	366.05988
723.76807	392.95526
703.36145	390.04486
701.0724	373.41107
692.8476	398.36252
688.3693	375.72153
718.66583	378.20557
183.97993	156.11023
144.499	164.57495
190.0278	138.71518
156.97456	140.17528
201.84903	173.9754
181.46104	193.65627
150.01123	182.51326
151.54227	167.96748
171.74126	170.39252
180.11487	142.9218
190.86417	181.71532
159.32132	147.2549
193.82286	185.36182
142.80064	174.10837
198.71521	163.54356
195.94339	189.53726
154.7426	190.90564
195.29752	170.39589
163.83711	195.69093
171.0076	143.90395
169.96333	199.92746
154.71889	148.1288
186.28546	144.64133
