159.5619	488.46674
167.09634	467.90024
193.13663	474.5685
181.98972	457.71835
169.90797	483.57022
190.79349	453.7623
155.90283	476.63443
182.54176	450.92715
192.70163	487.05707
164.58633	486.13477
175.51028	456.18744
188.23557	491.76605
158.43253	462.14984
193.50952	479.92935
175.0372	493.66122
167.44551	459.1312
563.4188	357.53232
562.3876	373.2927
569.4884	381.8553
543.08386	390.01746
558.34735	393.34592
568.3251	396.08737
547.3765	395.58804
553.4995	361.39417
574.3284	368.24384
539.6966	365.23383
581.19196	368.13065
553.28577	400.2064
573.51337	353.21515
576.76715	391.58316
534.692	386.3884
574.9858	358.5335
566.85706	400.12408
544.3589	363.82758
580.39355	379.30164
541.0111	371.4687
543.7895	356.56952
540.2281	399.36993
532.5011	375.79462
802.9088	43.600883
807.629	55.45344
771.046	75.083824
804.55945	68.07967
779.9669	38.89101
771.0707	31.3764
763.7105	54.058514
763.62665	24.537708
792.87195	62.941643
785.3906	73.19113
772.00964	22.547626
811.5385	41.526936
757.60376	34.65674
801.83777	33.66784
771.5404	80.817856
750.2907	36.45273
808.1022	47.606567
758.9803	65.0749
780.4866	22.34783
796.11786	75.015274
750.38904	66.5588
809.2802	36.3366
776.8715	76.31157
764.8634	31.023703
806.87317	27.534672
792.8313	363.97147
813.2899	370.3676
804.28436	389.85062
785.37866	380.03098
819.33124	374.00742
791.9779	390.6939
790.9891	379.8799
810.92566	391.128
795.4446	388.02518
815.8079	390.11206
820.2995	377.7417
799.18823	362.7331
815.38226	381.0197
802.2656	376.3953
804.36017	360.87128
480.05377	110.14575
458.38712	41.186333
446.52496	64.495026
457.9605	108.304306
455.97885	49.183186
505.56525	113.92442
500.13443	111.17361
519.5025	80.69405
460.6678	125.9436
444.12402	53.413074
507.5704	49.1717
441.8426	110.95189
500.42218	40.66291
489.4522	96.908966
448.7137	99.61606
509.94116	110.090836
473.18497	121.613014
492.373	37.439953
484.7237	118.74827
480.52466	39.499516
445.55127	47.6287
514.0422	95.8618
431.6359	89.32167
522.96625	72.427475
441.784	100.912735
441.62598	69.14365
521.168	87.47973
463.23138	62.514294
187.99307	346.7303
182.86728	335.1439
160.40952	322.55792
174.61035	352.40143
152.70248	331.44244
176.21672	308.29703
188.70108	350.54135
155.43591	336.30728
202.0601	326.1073
189.09277	356.45807
182.63535	316.43356
197.06035	329.47952
165.13689	333.85733
165.6169	313.82233
199.18568	336.7458
174.3978	306.15366
192.38019	317.1409
161.70822	350.81195
158.1796	316.8991
855.9126	389.69345
835.5709	385.6473
847.71106	369.74677
832.1502	376.09235
843.5636	362.99457
859.423	379.10635
846.70575	377.29645
850.96857	362.94577
839.7624	388.86505
836.93866	377.02475
864.84326	377.88177
849.81085	382.30563
861.47644	373.02753
195.71912	146.06833
174.56784	130.79628
202.4793	164.80894
154.92372	160.47247
200.95245	157.19939
191.27357	175.0917
151.48932	140.99338
181.2197	133.08159
174.14865	179.76659
164.81006	156.41156
198.8743	137.543
185.9265	176.08824
146.95183	153.68925
203.29276	144.1303
153.39224	167.9509
151.54782	137.13649
168.15678	180.19092
156.9479	141.65742
182.30367	183.55899
156.23538	174.21463
171.5516	124.60671
199.02826	173.3561
138.06404	167.50333
190.91129	133.46219
885.2575	386.03787
873.3408	382.44232
892.1068	370.57977
884.15314	377.94165
887.021	367.12753
890.79626	387.88116
881.4061	365.97116
897.22003	379.11005
877.3571	386.9112
876.89764	372.52737
204.34135	48.86466
150.41792	64.50179
184.49886	24.48434
180.05016	72.69963
160.59409	31.44039
197.78384	45.01379
147.26239	74.342896
158.19182	27.462698
188.70512	76.699905
152.72746	52.992664
202.64247	40.884415
155.26523	73.19021
190.22534	39.653004
195.76817	75.21257
144.82382	60.085915
169.32976	36.181534
160.86215	74.79169
194.38498	28.669067
207.02727	42.928646
167.38759	84.22969
152.5253	31.62286
206.09253	75.49093
177.14911	65.027756
191.52423	22.99532
184.86302	79.93409
134.194	52.172974
207.74504	65.53748
494.15057	396.80692
487.86948	366.86102
484.21982	350.4505
458.66534	382.1434
504.6393	384.9352
497.44278	379.28894
470.98608	358.76486
503.18146	366.53784
463.53168	399.20752
498.69208	362.48236
501.0063	391.19888
499.12207	372.48172
478.98624	364.17603
461.51825	387.8625
479.5272	354.12286
483.3414	399.66238
453.19025	386.09314
508.42374	380.50516
470.48935	397.70505
455.84985	379.4921
509.91553	367.14932
466.99072	380.09256
469.63556	354.7932
479.44287	399.62076
459.58994	370.65817
714.61884	373.1491
694.6885	392.71075
711.067	383.05634
708.5282	392.0242
683.0067	384.06024
708.5967	366.47214
681.3495	393.9132
692.91266	358.58694
718.39734	380.6269
694.10876	383.2257
693.30426	366.24542
700.9278	374.4127
680.7091	368.03317
713.3792	366.36185
696.2642	399.50107
682.8081	362.74957
681.01746	375.12946
688.6602	391.24152
765.0846	364.92233
750.9479	387.9518
741.38995	362.18866
770.59344	374.30032
763.4313	386.94745
754.72815	358.9083
771.3027	383.26495
742.19275	387.3105
744.04205	370.50854
749.8106	398.39102
735.6744	371.63733
757.8996	396.09457
740.7976	392.2413
759.5907	363.24908
750.56573	392.48944
733.7926	380.98932
769.9379	368.73944
179.82176	278.32587
158.14825	260.38406
187.1159	261.92157
185.38972	239.90865
194.3291	226.3057
194.99445	274.57355
166.35631	225.05367
197.50612	231.04118
169.84976	258.1426
169.05547	272.07043
196.83328	266.91437
154.039	229.63423
206.42838	237.13
178.03159	272.7986
162.50082	229.34958
197.97562	245.7686
149.20354	246.35747
174.72073	225.78679
185.59048	270.49457
153.36948	252.2762
165.14336	216.69345
161.95404	273.32956
189.2835	230.00774
194.51157	527.5054
169.97346	535.73395
183.1011	514.62897
165.88138	549.7794
164.43744	539.229
184.08727	520.30945
167.16946	520.71216
191.36505	538.34924
184.66875	552.0069
157.89554	526.5969
194.72017	541.27356
178.61685	558.07635
174.49423	517.3465
184.60153	535.7465
161.93443	543.827
179.07883	384.73972
180.67627	397.3403
180.60172	391.4991
164.93492	384.56546
157.53482	418.45953
168.31725	424.08514
186.78949	420.30072
158.9025	408.94586
190.98915	390.54675
177.63353	426.62213
174.23378	386.4829
186.54414	427.93393
156.67587	412.59784
198.27951	400.30096
197.55722	407.22736
154.23067	403.01276
200.45657	404.11243
198.95462	414.32648
612.35803	360.09296
642.6769	389.0626
613.3209	382.141
640.34753	369.8556
620.81555	397.84695
647.29504	363.26764
651.4441	379.23785
607.2167	383.03442
630.73175	379.44604
634.1484	368.25467
614.99835	372.8151
655.57074	373.25577
644.8208	396.08173
617.92596	362.1239
650.52026	360.07758
616.31213	392.24582
637.63556	353.86206
632.4232	401.97156
609.191	370.4917
641.9952	356.21408
628.10425	397.46136
634.9647	358.23038
653.08905	391.02878
389.09454	391.45416
378.19733	368.12524
373.93253	390.4507
402.6516	354.7497
405.2986	403.43457
396.44434	386.95493
383.86005	385.94156
426.38153	378.5242
370.92596	370.42755
415.12372	363.2318
411.24487	403.62723
384.33057	350.24182
426.66104	389.22552
374.90118	381.833
415.11725	355.24133
398.1188	400.80756
384.40674	359.0622
417.5104	394.4411
369.56198	383.57492
409.7631	349.49603
414.2392	367.58826
378.06503	360.41043
419.4352	376.5367
390.92786	401.60965
397.03415	352.52713
412.8295	395.79678
384.5221	407.2105
389.7874	355.1794
