781.2998	67.92406
784.22455	73.45014
791.6111	73.73313
802.0031	84.307335
766.2172	26.294226
812.35297	44.105583
759.0689	77.16193
787.61755	31.560297
796.60846	37.574146
766.94543	20.897789
790.66833	87.181725
823.47394	68.08854
767.09595	34.993195
816.3533	42.26001
759.73303	66.18362
772.3312	28.677618
815.274	98.424255
748.58435	76.74242
801.5719	30.08263
778.2108	83.69208
755.80334	36.961292
817.38257	65.67463
801.2069	93.23358
782.1649	22.239294
783.5804	85.92739
757.7918	46.48601
800.9124	62.630867
367.8366	403.38583
406.4945	351.8334
388.90784	388.78375
378.16025	399.87692
410.72183	357.62683
377.50787	374.03976
397.31677	366.86432
414.00226	377.53143
389.53903	413.92145
401.11478	380.67834
413.4478	408.30988
373.07773	380.93634
426.02124	379.784
395.20673	415.1212
399.76837	351.04413
419.16837	402.09576
366.48798	390.25665
381.08856	350.41583
397.53198	408.16653
366.60345	375.63922
392.51147	355.44583
386.25067	405.49878
384.61163	359.54388
423.03925	389.52002
364.3875	382.15924
415.55707	363.78558
373.5883	402.23376
368.23373	360.76642
425.97296	385.16333
157.7745	294.35773
188.19766	269.6716
196.71896	247.91653
153.32881	278.6231
152.67845	268.69717
179.5438	281.93817
162.07773	261.13416
201.75684	278.03564
152.7741	297.6312
191.8225	261.72858
193.65439	289.16068
155.96288	257.00708
192.53238	281.41748
159.59607	299.0757
174.14574	256.68857
168.57553	304.1009
150.04019	264.35547
195.70941	274.90042
182.3565	302.61813
199.79642	271.5188
488.13556	41.56105
441.02426	60.322807
509.60455	47.251377
523.25476	68.53999
463.42462	95.16652
491.54825	110.516495
452.08774	117.68125
448.19336	84.59984
519.877	52.58393
455.34814	125.739685
480.0411	34.479298
493.5335	133.1936
509.82675	73.97137
501.41333	126.28532
464.24698	44.204193
477.53107	39.210735
511.54755	98.42383
443.1823	72.923996
513.327	92.78699
443.36954	98.47431
452.09808	42.37909
515.5502	111.74918
487.0144	121.67161
462.28882	39.584244
462.69537	122.21999
430.55927	68.287964
504.20645	51.364967
437.48236	100.78274
457.9978	76.63921
511.07065	106.99385
829.90216	394.3178
834.7059	378.9892
826.1637	388.096
831.2145	371.4447
838.42255	383.3675
837.2842	391.7694
847.67706	386.34045
837.6409	396.471
823.3823	382.06708
844.35486	374.77023
643.8151	402.18762
635.2753	363.81827
666.1712	382.53134
624.02673	371.20004
649.14856	361.39813
635.9858	401.81448
628.5067	384.03738
645.17444	367.64523
630.5634	398.58218
636.4972	371.36227
653.334	395.50458
658.2219	369.49838
662.38684	394.88672
661.63947	400.98016
629.06934	375.5246
662.01965	377.09683
624.55194	390.6449
666.42267	373.16156
654.54956	401.13428
563.60333	365.1146
588.17914	383.4378
558.77893	371.6508
573.1087	367.347
557.8001	381.26758
552.76355	377.22623
596.1091	373.30405
582.7022	406.1848
564.5495	373.89764
589.2228	400.111
569.47394	403.63925
572.6127	397.7591
578.3397	399.42053
576.9196	411.9146
587.9855	367.61218
600.7379	390.22177
567.92255	361.04767
595.6598	388.60046
560.7799	396.8106
588.2645	359.88864
584.5604	402.9383
140.89551	168.84087
199.8434	163.61249
197.00957	196.54332
158.07755	158.69499
173.3545	181.6175
177.93694	151.09418
181.30905	212.44034
172.24956	202.43428
203.18623	173.68475
183.99135	173.31241
141.17886	175.96768
158.99173	146.37372
191.24591	210.88931
136.803	178.56674
166.54007	148.09805
174.54193	210.46896
157.8613	149.40825
197.57787	189.00008
149.16606	189.05644
198.36832	154.5255
186.10214	203.6071
150.77968	155.00449
196.51031	204.34999
161.17805	205.83723
183.84882	145.97
164.78981	168.1825
147.70627	363.4187
186.60294	383.40604
177.19788	386.14886
148.73672	353.66965
195.12723	370.03152
150.46834	375.38232
167.50816	373.8804
182.37672	344.99237
157.52383	346.18195
183.8661	379.51932
162.57977	387.81595
182.30507	340.62006
198.11734	357.53745
155.12447	356.0445
191.77525	347.46262
166.7037	385.65427
177.5054	338.6274
193.09824	362.20648
187.99203	353.4206
792.48914	372.12247
800.1803	395.299
797.3774	386.07892
811.31494	383.57794
808.4142	390.63867
801.8286	381.58765
806.24005	372.26883
786.286	386.11307
798.8834	368.9428
792.0957	394.56155
793.39404	380.41132
509.80664	387.95245
496.03433	408.51874
494.35968	360.1621
506.706	389.0285
488.54556	355.27377
509.56088	375.5003
479.02814	409.1082
471.05258	372.3802
469.81512	388.52866
470.47794	406.43805
493.99585	379.8852
507.93872	402.24493
482.3146	369.01703
515.74634	372.02927
471.27213	400.74908
476.3476	355.96222
528.55945	398.54468
483.7661	404.30417
501.39948	358.92352
491.86157	413.53214
475.03354	364.05096
519.97174	386.91394
465.2481	377.48114
500.67877	353.8714
512.2761	405.56433
465.006	394.04388
523.38007	372.80054
755.1207	392.73376
758.0891	370.31732
771.3374	372.81723
747.22485	388.49048
756.95544	382.1977
755.2348	398.58017
748.77295	372.27338
767.16125	379.85233
749.01984	393.25427
765.61816	370.3902
772.6015	381.31912
768.09406	392.62503
176.37163	531.02576
174.62195	561.4545
160.83928	533.6712
187.61087	546.1539
157.09154	542.64606
182.27585	537.4965
182.43202	557.14996
160.08015	538.8539
166.36429	535.16754
164.6637	558.5436
173.14525	547.5624
190.01207	451.0639
173.41759	415.60263
170.8424	420.23813
167.2579	444.83554
160.60757	424.25677
184.32773	421.76993
176.98842	455.23105
165.1	422.4214
183.34126	450.9663
163.14558	456.03314
192.67868	435.07733
151.04916	437.6953
172.70038	437.4567
182.12381	431.9179
157.2297	445.72998
190.07736	60.91734
196.38086	86.39255
138.87079	57.180622
155.13855	54.229473
183.31381	96.5034
142.39998	40.920242
203.23007	75.35016
143.66776	77.60083
205.91452	43.850056
157.20561	31.906372
178.00414	30.757818
210.76425	74.97206
177.22311	47.26734
166.1274	30.27293
199.673	82.23647
140.52127	47.7851
206.42245	37.661705
153.16771	81.25496
143.96988	56.59547
189.08992	75.740776
146.73624	81.37804
199.37494	42.90145
193.7164	88.8919
187.67548	29.301443
186.65755	35.395195
162.23026	96.23369
125.49251	62.545094
187.55766	93.60803
863.4709	377.93616
881.796	381.22015
865.1459	395.10474
859.7459	375.11676
869.47644	386.9865
859.3701	385.35
867.89276	371.52414
882.69696	388.58203
877.2954	388.54196
872.64276	379.1469
179.23251	510.6769
167.9535	483.27847
187.36125	501.59943
158.63467	495.01572
182.71309	492.35376
158.1856	505.7522
163.55717	478.06918
164.92271	513.51715
159.90373	485.42227
185.97034	483.57822
186.87558	488.0717
161.65167	501.78427
710.0556	399.02597
710.7782	404.74396
709.03357	380.36307
722.3685	397.61658
702.5055	401.1667
710.33307	366.00232
726.1979	376.33777
699.70996	385.4052
722.89197	370.47238
689.9557	377.70697
696.16833	364.06662
709.3463	385.8725
690.74963	372.8283
718.1317	369.63974
695.2127	394.68024
701.10376	370.52087
724.1302	389.78802
