162.88689	298.0934
165.84247	307.7363
153.2343	329.61984
182.92957	329.47348
163.37332	338.4706
186.26631	311.3875
144.77649	325.039
154.86513	301.68094
171.03105	341.25082
155.63966	339.93353
176.50172	300.9353
182.99008	318.35675
142.96799	307.15692
188.71375	320.90802
147.1917	314.2986
153.41139	295.48868
190.09435	330.5055
149.86441	336.08002
181.07521	295.8631
152.96867	345.4643
149.48021	307.3652
464.91608	80.21055
401.83456	90.24076
413.9458	42.411156
461.00473	105.926575
427.80753	56.63758
432.79303	88.44797
452.31876	111.9738
440.69565	76.72698
485.96753	103.7266
409.68463	66.97238
489.31976	48.190163
434.92154	110.44505
409.72894	83.925
466.90543	39.980484
425.91803	112.483665
496.29428	67.24391
476.0524	61.761974
462.20303	92.15542
480.20233	65.24059
427.59506	120.24605
459.292	41.739426
499.23834	78.44594
410.4428	87.494675
419.11856	48.732796
479.22638	82.15358
398.02725	74.14579
449.49542	69.68465
403.72278	104.64075
450.35693	29.60524
442.54037	130.74696
500.54337	377.44763
501.54932	366.1869
535.5848	385.5647
514.676	362.57904
504.87183	371.9161
506.94067	388.0133
522.6576	355.01114
527.71655	382.52036
501.2896	386.4508
535.1017	370.24478
522.1067	359.21213
512.08575	353.48254
540.7916	386.88678
501.19873	393.38806
530.74817	375.72827
533.99054	396.68936
507.94867	359.1382
539.5542	377.50818
506.4604	395.45612
531.1481	361.06396
523.24994	392.30795
494.08783	371.0395
539.47546	363.12976
520.2482	397.8405
164.03062	35.702667
166.78728	64.02662
139.86176	64.271736
152.98154	77.83888
183.70853	63.14815
143.26837	30.444584
174.94235	51.495197
181.71536	28.583172
191.00186	69.08064
149.69087	69.07409
166.9871	45.777367
170.18631	23.211727
168.6808	79.85579
162.60448	19.599867
188.4107	75.54689
143.33951	66.944084
144.75531	36.61429
175.58517	75.95208
146.2402	76.158325
190.10748	27.086056
164.93303	87.23657
157.6716	26.203308
204.09961	43.78064
133.81209	58.539345
189.18594	37.291126
194.83768	50.456547
136.90057	36.58674
196.92038	46.977425
137.45363	75.32394
788.499	374.46866
802.0538	381.23758
781.7035	378.6372
789.8052	366.50705
800.2392	387.61267
784.81824	362.7566
792.2741	379.29962
779.1998	392.708
792.1283	359.97025
783.4169	390.2303
777.2668	369.15192
806.87836	372.50104
791.3773	389.86725
770.37866	382.28732
799.7626	367.81448
776.165	381.68988
758.61743	51.600536
745.6489	72.27022
740.9995	42.092285
754.2738	48.045845
709.4841	18.106836
729.50134	19.376997
758.9347	62.441395
702.37946	42.683086
725.9174	65.17489
720.11316	42.773506
708.14417	56.75824
760.6415	38.61248
741.6256	68.4677
715.16345	18.17041
758.1947	56.851208
742.5283	33.395
756.12195	34.879898
726.761	70.46195
722.735	23.562996
717.03827	70.1029
739.4368	76.869064
734.56793	29.63775
713.90295	73.767204
708.2252	40.99794
751.0967	65.68907
701.8536	53.18203
157.26807	210.48787
169.91383	242.26216
149.83679	244.80717
163.08688	260.61417
159.41747	254.69829
185.01357	236.8901
186.61641	241.9692
159.9071	217.44246
171.77089	211.58902
153.30759	267.5391
144.43431	232.80698
144.69386	227.43759
151.3372	262.3704
168.18	219.41336
191.6214	254.01846
141.58092	240.49304
183.8042	222.89404
180.88031	253.44682
146.89377	221.05298
191.75296	233.29443
147.13022	254.98409
190.92538	247.47
172.91727	265.31052
148.46262	380.0446
179.13306	376.61752
179.70328	407.18417
152.37802	400.60193
169.31528	399.07022
159.28157	388.82877
143.86252	392.1084
167.45406	413.19492
167.7333	367.15677
165.53487	408.24017
147.1807	406.9577
173.82031	373.11664
186.82178	402.23575
155.48561	378.00073
185.36275	381.90363
156.25009	411.576
159.41547	374.62726
186.73083	391.68707
145.61942	396.71906
586.97284	362.222
587.9454	390.51007
575.2826	361.54807
595.7111	379.1504
566.0918	393.40436
581.0472	394.85107
592.41656	387.8681
571.2615	388.29697
604.9147	379.388
600.4266	390.06595
565.2056	366.39365
575.2471	355.99567
559.0854	383.08563
570.56256	358.2164
585.96515	354.60767
570.57495	370.69418
602.2982	385.6754
593.12305	395.70917
558.14185	372.18634
596.8082	383.33792
564.2965	378.74146
598.3275	369.0231
749.5811	389.2336
728.995	368.97684
757.8739	388.23105
730.22424	374.83038
744.677	361.19415
751.81006	383.26193
748.37885	380.32712
747.953	364.44415
733.05585	387.004
738.63104	362.38098
763.0387	372.72363
726.5857	386.15613
753.4584	360.39224
753.72943	392.67072
729.2647	383.18457
748.1382	371.04962
743.7045	390.86157
639.8213	367.51288
653.4391	383.9029
627.6808	381.64117
651.06177	366.66766
633.0165	393.026
626.93414	369.92108
640.4576	388.49854
640.3611	396.94046
640.0465	358.41122
659.2868	391.22055
619.74365	370.24084
656.9394	368.34613
646.28436	395.66943
630.0326	362.74414
654.7842	377.73633
620.93787	377.9567
643.47156	355.38235
652.4576	390.94952
624.73157	363.9129
660.1776	372.352
623.15234	387.63324
163.6811	186.07771
166.1906	172.34653
148.68498	132.73639
183.24805	130.18198
155.39378	162.76906
164.13284	122.20892
193.75647	142.22281
146.20926	168.66373
159.9169	167.72908
186.09525	176.09607
140.45622	155.22879
186.33926	159.36595
170.23474	178.60524
161.75911	128.25699
174.23906	174.51341
157.56445	124.94081
169.9963	124.42108
179.038	160.15536
144.0148	149.30371
188.47813	149.43333
137.11177	160.08157
153.78569	138.65034
193.50711	158.39159
139.81339	144.5769
189.73996	137.20055
844.3468	377.2053
837.9871	384.51276
849.41565	375.48282
816.781	378.0517
841.9619	362.5455
845.41394	384.8694
827.2855	379.4865
845.88684	369.22946
819.4299	383.74213
822.17786	373.3012
836.71326	390.99304
836.7749	363.7121
823.88184	364.2799
835.1506	395.71732
818.9561	367.59256
824.5757	389.54782
146.1824	519.6061
153.1892	532.3253
160.52043	528.8185
167.09778	538.73737
181.25398	530.5519
173.3244	537.7935
155.36264	513.303
183.27573	512.2215
149.43633	516.96765
171.1434	511.41177
172.64232	544.96124
152.83734	509.39447
181.06099	509.0476
145.77728	528.7007
158.96811	502.38535
185.66379	522.10876
166.85562	522.7698
396.4058	374.67255
356.13828	396.85184
373.37018	369.4665
400.57343	391.57742
356.99927	377.86707
361.96448	345.6062
374.6016	384.98016
354.37332	363.28812
384.673	365.54935
362.12656	407.0851
361.30374	355.41058
392.85028	386.957
388.47388	400.00397
393.72598	354.386
374.21664	395.50797
346.51212	363.29694
403.56207	376.0775
390.9989	372.26617
401.13934	369.4812
379.32172	395.91315
351.68	372.41162
376.14764	348.59598
368.29462	400.4679
357.97388	358.66034
389.14597	396.07745
360.66403	402.10687
371.78458	351.1136
375.04202	404.81137
346.3122	371.33466
393.1124	362.16745
690.47144	393.4941
693.9999	360.42407
705.5886	393.6076
695.4051	377.22034
708.53046	365.52997
706.0751	383.76
682.3523	364.07434
687.7767	363.94073
678.2484	387.228
699.4881	358.06006
695.1098	387.74487
687.805	382.66003
714.79565	373.11606
699.6659	394.12405
673.22595	380.41022
711.70996	378.20654
680.77966	369.31488
700.1499	364.58075
677.8616	376.5793
435.7914	358.1506
469.09293	381.23984
431.57666	381.26328
457.7281	352.0466
442.86923	371.1436
431.80103	371.68674
463.6805	367.95044
461.73633	376.8006
438.02075	382.65118
459.7618	362.7182
427.37256	371.40894
443.81723	361.596
465.55035	385.0457
427.04974	384.97736
464.9372	395.50793
450.9239	396.8371
454.87848	357.481
474.64307	383.77997
446.8046	380.8083
470.7398	364.3874
442.4687	401.56943
422.16568	371.59885
457.8265	396.64215
433.11664	394.70847
449.26978	351.49286
460.5932	401.67963
186.9153	450.61972
181.04568	451.5416
155.93343	472.78427
144.12952	461.9831
186.88419	460.68155
172.22581	448.2932
180.61815	462.2339
150.40782	476.6564
147.17581	449.86368
169.45105	479.48138
175.89697	477.1482
165.60526	440.28888
178.60547	469.24457
149.77386	454.98828
171.43324	438.25836
164.75992	458.86002
147.24155	467.82266
160.88907	479.14996
