686.6627	375.68488
690.4065	386.41977
706.99817	387.15253
696.53314	386.2788
679.4248	391.4626
706.3645	376.97992
704.0519	400.26904
687.82965	369.88116
704.3499	396.95734
688.4835	391.55536
695.4066	380.41595
701.2749	394.03235
680.1584	378.9222
780.7694	384.8156
781.9422	394.29443
786.2442	374.95425
788.3462	395.0586
770.10046	384.5364
792.9265	377.3681
777.29645	398.65073
771.7642	376.19025
792.3696	390.3937
766.2983	393.65912
778.07513	372.8869
527.5553	399.18237
524.5758	373.0173
549.33923	383.904
541.8121	373.47864
536.60614	369.21954
552.1508	387.7734
528.5873	404.53152
525.87585	366.2349
533.5191	405.08832
517.2031	374.81308
544.4293	369.6285
515.91785	391.45123
552.14197	373.0832
548.1925	396.27954
516.9024	379.39447
533.1004	385.9917
543.3813	401.75403
139.12317	153.27284
185.27617	171.93787
155.79404	197.34431
169.62776	150.75966
135.96855	174.05318
160.24135	150.21425
155.54062	164.80739
147.816	194.00229
142.40492	168.70059
169.90353	196.98026
143.08113	158.00536
150.06851	159.78789
177.62033	185.81317
148.40855	152.7085
176.34828	195.4356
144.78671	199.7422
186.49564	162.61784
182.00494	183.75302
139.60387	187.14786
495.40497	121.76045
440.30096	131.50644
447.08057	60.443707
423.17035	87.557526
421.1935	119.572975
469.55234	37.799114
490.4162	102.910446
420.4518	47.970867
435.40298	112.01699
494.05255	77.874344
421.88574	44.26723
475.8387	108.185684
433.3915	130.98663
462.95377	40.663628
471.348	119.203445
472.49152	53.94095
488.06796	114.96999
405.95465	101.68689
422.4554	54.39913
466.78204	131.2341
411.64825	96.49782
487.80728	74.42125
400.90808	89.39905
439.4709	41.66333
482.02286	110.1957
449.02628	85.283066
485.84644	64.14513
421.09067	123.33551
406.77493	71.78326
491.81055	65.58396
355.139	393.68146
396.94812	400.34003
377.81796	400.53207
344.1041	379.0449
374.87506	358.6988
380.10773	413.50024
387.39807	371.33865
390.9564	368.1407
385.3018	406.60876
400.0507	374.83392
354.47604	414.50894
339.9586	375.8946
405.58603	388.50012
348.389	406.12872
395.09042	365.33823
355.01974	403.6164
350.6302	362.58444
385.47775	352.2472
376.6624	419.14413
358.20245	355.29828
405.28326	371.28827
371.158	402.824
368.75317	359.7579
391.7263	410.53522
337.64224	387.01553
395.87027	381.008
366.35736	419.9485
365.40042	353.5981
388.49167	356.8862
342.5767	386.73975
658.3662	372.80563
647.1233	385.60385
657.09283	379.10016
655.5388	398.80023
638.23584	396.82172
635.8783	378.91705
649.28	399.34515
634.0602	392.56653
658.714	390.34903
632.79016	381.54364
632.2577	374.6507
662.73065	381.34488
640.0113	402.66165
642.44977	371.84442
174.01353	534.3617
149.26161	517.3827
173.59758	515.81915
151.3707	545.83185
171.90164	541.9046
175.80188	527.3216
157.40723	541.90466
165.92917	514.46204
148.53267	539.4104
155.62973	512.0587
164.15019	518.45197
144.03702	536.58124
170.33669	464.08878
154.51584	491.1059
141.24243	461.90985
173.59175	459.01675
143.30183	473.10968
150.81734	455.85654
176.11691	486.07758
155.76738	484.73746
166.93352	451.96494
174.74141	478.54218
146.11397	458.4594
175.79565	468.4812
146.18494	481.294
805.3908	383.32288
818.91833	386.93353
805.90424	390.56378
825.66437	377.10358
811.8297	396.8121
814.25476	375.01022
830.5547	383.20123
810.7104	390.80487
821.3581	374.3786
828.07605	392.578
141.44931	254.88115
183.69002	255.8016
150.13168	277.23407
169.18713	233.84126
171.67238	239.45255
135.62543	261.42725
176.73274	255.1954
164.32697	277.77643
143.23517	239.17354
162.24301	237.23584
183.57103	260.61975
154.70674	239.3873
170.97177	276.08173
142.71687	270.4975
181.99692	248.62033
161.03116	282.65192
158.83182	234.10396
605.1261	392.23648
588.99585	403.9193
613.2435	378.2338
591.14685	398.01926
579.71313	373.0321
603.82336	372.10846
585.5299	377.1306
579.9996	368.96848
613.91547	391.1377
576.514	378.12537
599.5029	372.6153
594.71606	403.71277
576.5342	388.83826
609.5433	390.3697
579.5789	401.26834
590.6475	367.48096
603.9188	400.83624
152.61458	25.90398
192.92097	48.60466
148.37222	101.366646
184.1817	32.51558
147.08109	59.101677
133.58649	92.08743
170.67111	80.15773
136.4763	86.89435
127.40928	38.641476
137.49126	39.60153
186.51855	75.90572
150.29271	33.685146
191.95511	69.326706
136.0131	45.473907
163.11923	51.281105
151.5339	107.390236
128.85115	52.200966
200.42334	88.10025
125.23067	47.54399
194.63704	59.23106
150.69374	96.13004
132.96484	65.53529
192.62906	80.28035
179.05789	95.902145
159.30252	32.882195
183.28938	87.574745
129.5029	82.6006
170.29036	20.696672
160.70905	319.12863
157.17517	351.63098
155.82462	329.84818
143.26425	353.02008
167.10051	355.04385
182.33316	347.5456
136.10147	324.86115
148.93976	315.19403
149.47212	354.00342
161.45235	311.71167
182.79587	329.6818
137.001	340.05826
174.10722	321.0888
158.83109	360.79285
153.08481	318.1369
180.62779	336.64374
162.60912	356.14777
730.7492	30.996552
764.3068	34.07933
728.8706	49.0222
744.40295	80.165375
761.9451	74.378975
702.5553	59.033367
772.26764	55.804157
715.8138	90.889595
737.34985	29.983707
731.2104	99.214554
728.8007	71.137054
773.6452	81.30635
705.7765	86.00855
713.7749	39.43795
751.0819	94.43428
706.0749	64.95348
768.97266	56.58611
771.073	88.21172
770.16394	67.18541
756.2447	98.42488
755.0377	29.616058
749.3727	29.210657
765.1437	81.42431
721.06067	30.435806
763.85046	43.045013
719.51624	97.92462
698.8069	67.98611
777.6969	75.8214
459.00204	404.65793
475.53802	364.08264
457.14984	416.24326
442.92847	380.4929
464.41022	382.95218
454.7	407.75293
458.76117	361.27768
485.9459	395.66235
442.57388	387.9011
489.63516	374.66055
479.7431	402.8236
450.49063	374.9492
483.65656	375.51563
455.15155	394.27307
467.21442	358.01605
489.76422	387.1777
474.5175	398.59067
484.7898	386.54138
463.96695	410.82916
450.204	366.2865
470.4649	408.1254
435.52548	390.4435
460.50546	366.51926
745.0168	395.41144
724.11	378.3282
740.73193	385.2382
727.4904	398.09424
751.6332	375.05563
753.0094	384.01788
730.3147	374.93353
750.9735	395.41278
730.82654	393.82205
734.77576	379.39548
739.8048	400.48898
724.3356	386.18903
739.8553	370.7767
163.85661	411.8351
153.68816	391.64673
159.06363	395.0119
144.75319	413.57047
138.9004	416.64493
155.9785	388.16254
157.93922	411.56207
181.64426	406.39447
163.72739	427.63043
142.17941	400.89725
178.47604	415.37167
150.38132	425.27692
157.3992	402.74884
174.75888	403.95184
