877.8973	378.49994
884.6885	385.25146
889.85315	373.34943
888.8705	392.48978
872.485	374.3587
888.4346	382.18915
880.9559	394.94144
885.0825	367.5949
893.60974	372.7684
871.29895	379.12238
799.6402	369.58282
798.2794	393.88052
798.1673	380.52078
802.2953	396.6908
784.0648	385.21475
792.03143	366.55893
809.98987	390.662
787.2525	371.96365
811.8434	375.70102
788.10095	395.13382
782.0773	379.28006
813.84503	382.40823
791.47064	389.0567
803.39124	364.95953
183.37192	520.0359
158.87267	528.13586
181.38803	542.28033
176.20084	549.6791
185.23831	525.6279
187.3038	545.8236
166.9275	540.80273
169.54668	516.62683
166.03331	549.7921
156.52675	537.953
188.3929	532.44403
160.26697	547.4022
171.80112	522.4317
411.20313	398.5305
397.7273	389.73013
414.41245	360.39276
407.39145	379.54312
363.89188	380.8841
425.22137	369.4003
377.59625	403.26373
381.607	354.30072
419.1268	391.8946
389.80026	365.5655
398.52576	358.68585
384.72418	399.64493
416.18555	370.11893
420.2784	398.9583
371.09842	378.45416
388.09503	353.71417
382.67755	410.7811
400.80872	350.77408
420.48593	386.0101
368.7636	384.31024
393.78595	354.7827
396.69598	409.29224
367.81937	401.49915
405.12653	351.08133
381.15118	405.1643
374.906	362.79187
404.92645	407.64767
371.14587	366.823
850.076	369.31976
833.91406	391.7218
838.6117	368.92194
854.8743	384.8824
845.56396	396.499
831.007	385.9721
859.26135	388.27954
843.7819	381.22086
857.0028	372.88986
833.9756	374.77728
846.5752	366.5473
841.2401	389.94366
830.7223	371.4901
183.86407	234.03572
166.1183	236.29048
157.34773	266.4121
172.01828	229.94878
178.20662	275.03888
157.5926	257.3742
188.0502	264.89084
169.05821	272.19745
179.46727	226.10323
193.36417	268.23242
188.25377	231.63571
195.2225	247.47018
149.48344	257.8233
165.32277	227.5247
164.44156	277.614
149.76921	250.83145
202.22668	249.4399
152.73517	234.36543
159.09657	233.15298
196.16391	259.23584
189.97128	408.80298
162.69928	389.66788
186.23732	395.3881
156.24861	411.13922
181.06348	421.9478
159.13261	421.55377
179.9553	387.34796
193.0984	403.42157
154.69392	418.5882
174.23666	392.2796
169.98209	429.6355
192.32848	390.76614
198.25778	410.56094
152.52734	398.26947
196.30351	400.85895
191.84537	417.3007
156.67686	397.19098
164.84755	167.31389
165.76372	191.22375
151.17648	150.54353
183.81491	188.19473
153.37366	184.37604
196.25113	163.66939
156.42087	177.19199
172.20787	140.49022
202.28284	159.94008
195.08029	173.42326
194.88226	153.7122
156.43599	144.99698
153.64153	157.49724
182.69406	140.75371
181.53255	185.28644
148.05647	160.65175
193.37344	181.44342
148.04065	169.37593
177.9078	134.70847
163.43153	184.03558
163.42514	155.04288
193.81079	476.4521
179.32614	492.28662
170.45274	453.5997
187.59514	461.87262
156.10315	470.2452
177.69278	454.379
164.32492	492.2845
169.04263	460.4815
172.09055	476.7311
155.83379	484.61005
178.22847	460.78336
191.40277	485.40778
163.0571	459.68585
187.1708	480.2024
184.94168	491.51846
157.60805	319.55472
176.61766	356.58575
165.05615	335.2376
175.1316	307.99036
176.0267	349.13486
170.83072	312.67645
173.81772	330.83185
153.42879	345.2913
194.68303	330.06787
189.16612	338.1637
166.58617	352.4994
183.5256	311.92
160.292	357.5479
159.41577	310.98196
194.02928	344.101
171.16624	354.07755
198.43425	345.4541
189.96448	351.35095
755.04114	50.25077
788.34503	22.525387
790.9242	75.92118
781.97815	55.94978
803.57715	80.601036
755.2118	57.437828
805.02844	30.23255
762.7657	76.569565
769.9728	81.63097
810.6559	53.936005
801.6078	34.93127
794.0514	43.133564
804.48694	74.2409
747.1187	50.293945
814.4535	43.404823
790.81915	82.76302
765.9298	21.557562
795.4452	23.959135
769.99677	68.70133
807.51935	90.86434
769.7938	30.556767
806.9543	49.02534
795.97174	81.04588
781.64417	83.42613
773.83124	23.092583
623.562	401.47516
605.0045	382.27652
641.6964	384.57153
614.9601	403.2818
624.8556	393.9243
642.9369	375.92688
611.24304	395.62872
624.62354	363.38287
618.2453	399.00824
604.08264	366.05457
634.198	368.02014
602.3956	390.1595
606.6	369.5562
631.4083	399.99106
614.5521	367.92297
620.9325	360.8159
637.14716	387.9651
600.97205	376.84918
630.9077	361.3026
670.3152	379.3873
694.11646	365.67462
700.4296	393.80212
665.92303	385.2923
702.7897	374.58817
684.90356	402.58005
666.6544	373.40536
678.60345	375.445
669.0338	391.19266
686.87604	363.09018
690.9146	398.742
674.18335	369.941
700.03314	378.8926
679.46716	401.6441
670.8325	365.65314
706.4971	376.04547
675.23334	395.35837
702.5093	368.39734
464.54126	392.61157
468.96133	362.83072
504.44257	390.16315
466.8185	400.0302
476.12216	358.68713
480.82324	403.09506
468.20718	388.89096
485.49896	359.8281
493.3277	367.48358
458.63242	370.17688
494.4165	383.11615
459.5179	392.88055
501.71283	383.2654
455.63666	377.22488
459.67514	387.89276
503.16226	373.7588
473.3537	402.233
480.1596	367.497
496.71933	398.23206
459.56488	375.70172
498.55145	362.31085
488.24283	402.87567
528.3572	375.63943
577.6859	400.3628
533.24164	383.08002
558.33997	389.28226
561.5417	402.2143
569.4356	366.10895
570.97375	362.04486
549.9516	405.36914
541.26556	372.02386
549.5079	396.12546
548.44226	360.2713
538.19666	360.69308
554.8216	401.70132
534.957	363.74792
577.47736	373.5654
537.0072	395.15176
553.3846	359.2331
574.0361	378.86484
537.1887	377.1295
560.08276	366.17307
560.9773	395.74677
747.1132	363.5418
753.871	368.4924
745.29285	398.8802
760.4321	373.5543
732.8298	383.6757
729.9003	368.23395
764.873	375.48508
724.16125	381.8902
741.3904	377.4945
763.0476	387.3982
741.16534	362.69635
733.98206	395.0595
752.13196	399.41837
726.13336	374.4682
763.41455	382.697
729.0182	387.02118
732.2196	377.01556
470.76392	75.633316
439.3142	60.359016
487.61777	35.84006
487.10883	91.58907
499.48495	65.04372
527.7445	63.669727
461.14215	129.96085
512.5316	65.31869
513.5239	114.22036
477.38745	51.56424
483.63696	49.203297
442.35034	90.140625
477.1227	42.49035
480.91382	121.22858
447.32672	56.760204
517.0024	99.847305
474.38004	123.67897
448.6731	41.88279
524.74786	79.03672
431.15536	95.52869
466.5402	41.75671
525.4428	84.71696
440.05182	71.7899
524	73.180954
477.48804	97.39366
475.7311	30.888897
497.22592	130.22891
445.80942	108.36881
505.70395	106.97414
202.94592	48.581673
177.60385	71.81017
186.73976	31.585592
189.1309	78.744156
143.89111	38.563255
196.16714	85.91668
146.60484	43.972378
197.78745	39.031803
159.5339	87.92694
206.65161	57.1052
209.73763	67.39757
161.30508	35.859978
141.91496	65.67473
181.77177	96.029434
153.5496	41.29006
212.53897	60.46537
136.40506	64.14583
139.92284	46.796944
182.48395	90.63612
148.82466	54.778828
203.50789	37.544765
167.55759	70.4437
175.93987	23.982466
189.99658	37.519974
149.00711	84.71618
143.48517	34.511784
141.42085	76.30911
143.98979	70.07944
