718.93835	376.3603
714.96826	392.92377
723.0908	366.7663
728.279	383.73618
702.7901	374.40112
732.3207	377.98492
716.05975	383.31995
709.7186	366.72687
729.604	389.69403
711.82605	378.1616
715.22595	359.7128
722.94916	390.81967
719.78625	364.4447
727.9142	367.04996
703.8266	385.01065
147.84747	74.79999
129.88904	70.72797
164.06961	44.08895
184.67343	62.861225
156.09882	65.66926
182.99356	29.339905
168.3577	20.186245
144.66301	34.553093
191.5551	69.42036
186.84201	67.7086
157.90591	58.814503
187.00934	38.042854
174.9849	75.6429
140.9064	32.693672
196.39175	47.755013
132.9532	60.715466
158.58557	13.186208
161.9939	78.24784
133.99492	51.54776
195.69768	37.93157
170.8258	86.676155
164.15262	25.690018
183.3061	76.91521
139.71326	50.567654
191.29916	50.20258
147.1661	81.14295
158.6487	23.092857
465.6397	373.68213
436.09845	367.3897
457.13095	356.86224
444.51132	373.94052
428.51718	378.65384
458.06427	383.17627
440.21054	394.53934
434.33868	380.03506
476.32364	383.74774
451.82843	398.8106
457.12753	392.45413
442.74316	398.3453
449.3449	353.9955
479.3943	389.1396
435.61798	391.21497
467.82422	361.85147
430.8029	391.76855
429.46368	370.39694
472.64233	362.3196
468.67407	395.8205
453.3698	374.38437
474.95972	371.19336
421.97354	379.9776
465.21698	351.83984
452.40707	403.52625
438.6097	357.95947
173.55267	329.8681
163.80106	375.83868
146.61693	336.55377
158.2591	330.433
140.45293	351.8473
190.85384	340.32968
161.08725	372.59296
155.64554	324.9264
172.2781	375.9886
149.67473	369.22498
181.06613	329.6961
182.73419	370.14648
172.55032	364.49173
193.72469	353.3301
183.16982	358.04535
140.35844	361.30084
192.09978	358.9449
152.35738	327.4972
168.85892	324.23065
155.15909	353.7494
181.55228	319.05167
186.82205	367.67596
139.01457	367.9579
464.6651	43.398495
473.95282	89.898575
425.99234	106.84181
461.07977	69.88631
411.05182	86.97473
416.27094	64.248215
436.6314	118.45895
437.49414	43.439873
414.83112	51.681133
479.53818	110.17252
402.35318	61.23111
500.50195	65.62342
429.77213	117.1235
471.8326	46.9856
480.622	99.52435
412.77554	58.67749
451.7679	41.093914
451.21646	118.89036
437.49384	30.801584
489.66937	89.15705
464.74805	126.3631
479.79257	53.886322
445.24457	118.0094
405.4239	97.821205
486.7107	57.414204
448.45068	99.16002
444.77408	50.86379
488.2767	77.55293
407.2776	69.62613
730.11694	112.77815
739.15546	136.24423
722.1927	113.253296
743.8016	120.71592
724.4331	131.843
736.90216	119.23169
726.5584	136.74649
720.9649	121.495605
741.89044	113.591354
734.6131	132.79298
140.25993	151.71817
193.0459	148.25296
140.34337	160.72025
165.89221	125.95976
162.50455	180.70999
158.143	139.54312
166.09583	154.74303
154.91486	173.59271
161.85918	129.50276
183.43625	169.75064
154.57208	157.5439
188.64413	169.55742
172.75153	185.75052
153.3305	125.46521
170.66537	177.5549
131.63547	158.25125
175.95126	126.7797
192.94754	153.66307
130.06561	148.60529
194.28793	162.60556
150.2089	181.60225
154.00432	132.4808
168.29535	131.31294
148.69962	177.07608
188.11723	132.5598
199.85297	163.81169
151.86426	476.23047
177.18384	502.03687
150.82765	503.3287
185.28604	492.01654
181.87737	486.42252
164.55884	508.5285
179.34561	481.61392
170.50684	499.3925
159.2279	472.71558
175.41273	473.7602
158.72905	484.72168
159.67973	503.39728
170.90599	506.44272
150.05885	499.61676
171.4606	470.80884
523.18677	387.0921
546.571	361.02704
544.53754	396.82996
543.29755	376.56085
521.5314	357.68903
531.831	403.39404
511.89935	384.21317
518.8524	365.12915
516.59314	395.59564
510.67514	390.5412
527.62274	397.1231
527.84937	351.9615
548.0929	391.5859
506.9733	391.52982
513.8427	372.3122
547.6627	368.54904
502.0541	394.8578
534.596	354.0488
551.25696	380.3585
504.5249	363.86993
546.1943	373.1556
512.017	360.21326
524.7518	348.46756
541.8888	402.78888
502.70758	386.02664
551.10876	365.88876
706.1357	64.34696
743.01996	34.959846
724.1579	84.61377
717.2526	73.67854
762.40204	46.69477
722.8095	74.55152
710.3672	38.20911
757.2855	56.24243
720.4643	81.8349
713.6437	35.35643
756.3245	69.95684
706.8382	57.441658
731.8563	26.23617
753.6869	63.85432
708.7543	26.579641
761.0188	66.848816
732.72125	17.92674
741.3809	29.43385
751.2509	28.157297
708.798	76.229744
756.6584	39.20474
732.0687	79.51764
706.3584	35.507618
765.6529	55.253143
702.1292	52.316742
740.27747	22.57417
745.26495	78.943146
367.13297	385.2171
390.2321	363.6507
386.47665	403.7016
377.98907	375.73477
361.6952	406.03183
356.28436	384.7287
382.78558	352.92004
394.29877	384.75668
391.297	378.32437
401.30527	385.10895
348.06586	387.61832
380.11835	360.851
345.70544	396.9297
354.3679	366.1471
389.20023	353.03546
346.83038	377.75833
351.48602	357.1121
393.6878	398.73914
343.29578	372.2121
355.78244	362.7536
381.70807	397.18652
346.17508	365.25067
400.113	375.97058
357.83148	400.27982
367.50485	349.3671
391.70004	391.40988
349.11816	375.38345
396.6811	361.37604
367.22333	401.45337
151.17372	537.66364
166.53865	539.81647
163.90634	544.84216
180.74002	542.07263
175.55139	537.1855
151.54991	549.4037
165.92285	555.55725
155.63684	550.78845
179.48901	533.2544
177.42209	549.9503
161.07907	536.41394
168.22935	527.0318
796.1146	382.43356
790.15826	377.8513
807.6663	373.42926
786.9422	386.08014
790.81775	366.44424
791.93823	390.78522
786.98157	366.1881
799.65137	371.2223
803.6852	386.9249
794.28827	373.87665
802.645	379.147
783.27625	381.44086
606.7515	393.89575
605.5459	367.01816
593.4025	362.00433
629.19775	377.03635
583.36896	391.41583
604.9215	354.9998
594.50574	399.12573
585.6712	366.4584
591.84515	368.5531
620.3216	387.22443
592.6139	391.8864
602.0499	360.54138
587.47284	396.27264
619.9469	359.788
610.9862	401.04987
583.4739	382.8112
613.6041	361.84894
592.6952	395.45862
595.61816	355.0249
625.9684	381.38663
579.62933	389.00476
583.2893	358.6924
602.15094	402.79724
575.8468	372.95294
619.8214	381.47006
167.33519	446.1125
158.69218	409.7123
173.99406	445.05402
143.39255	422.60654
179.34326	408.1408
152.64346	440.84497
177.99916	416.9704
151.21783	422.43887
182.9299	423.87823
183.94536	432.84464
178.81192	437.76434
150.09088	416.06503
165.58443	409.9918
148.17409	438.04697
171.6728	405.81873
184.11432	440.60068
145.88055	427.16104
682.01447	375.00653
663.2333	396.67557
658.4241	363.31384
675.66754	388.93585
646.7044	384.3138
668.38904	358.75824
672.3955	395.35098
652.78	368.78537
674.5611	356.56647
668.58606	390.2708
647.54236	371.97168
680.48804	363.89508
653.4678	392.9421
674.1952	364.82117
672.1643	402.29413
661.015	372.7098
686.99097	373.95944
658.6976	377.26147
657.25287	356.70282
687.1481	383.0589
135.18309	244.32141
171.41885	228.50578
172.78708	280.91623
139.66272	247.77539
193.29572	268.3839
147.14542	245.02217
167.52838	225.84268
188.09113	266.79077
130.88399	257.80713
190.65909	235.20337
143.49925	270.4507
158.18932	224.6678
144.57419	263.55954
158.69943	280.95316
186.7377	244.8895
164.26656	285.175
179.84416	274.75082
191.606	251.69852
169.66791	264.0512
178.71384	228.98372
196.47095	270.66547
140.39595	256.76263
165.5551	241.43369
140.06117	279.72012
147.00914	231.77937
191.1556	261.50702
762.31805	387.1356
756.39124	361.5719
764.2471	390.98245
757.994	377.2949
772.3386	374.42273
746.2098	387.51245
747.32947	382.72345
771.283	387.77438
746.37695	374.00644
763.87006	365.57538
752.84766	388.82886
753.6473	365.90192
766.4978	374.19385
