182.57051	532.4288
184.58908	541.4742
169.74985	540.0674
154.74548	549.1266
156.98361	533.05743
174.54227	541.9418
162.33385	554.402
159.30133	549.52576
186.52158	547.8815
158.95233	541.30963
171.48303	525.8544
844.7342	397.02277
845.24677	381.87582
854.0419	386.05142
842.4038	387.35712
847.0456	373.84918
853.13184	391.95654
836.48456	385.39685
836.7013	372.90317
837.55554	396.3449
832.7297	379.7529
884.9447	382.18674
875.2521	396.46878
881.7708	372.6356
878.1766	387.13666
876.088	373.66037
890.6457	392.4046
881.10205	395.35382
875.3869	382.8651
885.66144	396.08328
869.72253	376.45447
718.2234	389.63693
694.8871	397.98877
701.67004	396.72263
718.3967	381.47147
723.51855	393.00256
707.58997	368.24548
711.07837	401.3294
689.6418	376.05618
714.8682	373.33255
689.6876	391.73343
693.307	371.36823
719.4877	375.94806
691.03864	383.28857
722.4229	371.48883
703.44714	402.62592
189.94194	347.05377
179.1236	348.872
167.07472	376.289
193.8204	343.99213
165.0738	357.3601
152.40091	352.16046
180.16794	331.7612
160.52458	372.18646
157.28853	333.90826
191.43509	363.79254
152.08742	359.57306
161.88246	331.9317
177.31937	376.3549
147.54242	359.7293
180.94235	336.96515
188.06125	374.80753
152.1213	343.52045
504.58432	408.03598
494.72607	386.40915
475.38583	355.36407
466.93985	400.92502
504.5165	371.74835
476.64874	402.1015
462.63373	381.90195
483.1814	360.52954
493.54694	362.3019
468.80103	377.18378
514.1305	380.044
485.38727	413.06625
465.24927	375.14703
512.7566	392.8351
463.25092	387.09528
499.69394	400.8508
494.93842	409.66147
473.45712	370.65958
508.08804	364.93295
488.06512	407.73978
479.15186	362.80884
516.40106	383.93167
472.3427	395.4858
406.87796	359.80194
418.17188	406.58377
387.99896	412.3269
376.83707	399.66827
383.21762	400.1017
417.6311	367.7577
416.25082	395.7892
376.49277	378.625
402.3664	349.73346
396.78122	382.9604
389.19556	350.20016
396.4064	392.47733
367.0435	407.84113
430.19116	386.08273
402.1528	411.08008
370.01025	393.59174
409.9226	379.35895
400.79608	416.98495
388.8057	360.9229
427.64813	389.07315
366.1917	364.29865
423.84424	388.7648
372.56558	406.12204
376.28348	358.3992
435.22455	372.80212
367.8252	400.08353
401.64374	358.32343
431.00156	403.478
371.03632	369.08823
186.7056	486.3439
185.05807	496.4886
158.48758	481.992
178.64331	481.528
154.34929	493.9396
184.29172	475.2514
177.94426	503.78058
161.66011	475.6153
170.18529	489.8233
158.63753	502.4063
171.07098	474.01724
165.42117	504.52173
439.42584	103.57619
483.8484	75.67616
428.61182	88.89907
502.57648	122.66868
442.48325	68.99933
435.96942	71.642914
484.29718	40.915062
478.7126	127.89583
434.2259	103.20219
509.58148	52.448418
482.48495	111.59801
462.31894	43.90593
514.9836	127.1458
467.73642	39.41411
487.8841	127.55165
497.77582	129.11075
442.65732	97.6139
513.0425	42.661324
433.26636	79.898926
504.567	53.656334
517.12445	108.0687
457.94498	127.12793
527.86475	91.46644
449.17422	126.2567
494.6303	37.300224
515.33356	95.7733
464.83063	120.82616
491.61166	46.68702
515.2941	58.765205
440.51154	53.095245
811.0231	373.24976
790.53723	390.17047
793.0422	377.67145
793.43463	394.88766
793.52576	372.15994
814.0336	383.7674
800.9316	399.49457
804.21277	384.69836
817.2196	380.8099
799.4456	386.63815
807.132	370.93164
812.63715	395.86542
157.82771	50.42791
175.49838	43.405125
196.43279	73.424
182.11612	31.016357
203.2546	82.502335
139.47145	81.691444
175.15268	35.179546
181.4917	76.57048
140.55986	63.690125
212.5546	77.29045
181.8216	51.96817
134.53775	64.20014
170.89209	35.35668
129.52724	56.377056
203.71452	67.515915
163.93631	101.4803
201.4626	30.78155
207.59294	56.98153
164.1806	70.26399
167.04425	19.736897
151.0951	97.605515
139.74086	41.02503
185.69193	96.396194
156.19815	94.889824
169.05772	30.009256
171.11491	99.98491
147.19113	92.88616
156.30861	32.601585
199.57425	177.09793
180.1254	184.04445
192.60971	183.24138
152.07936	201.46927
164.39459	157.24344
186.73154	196.66571
153.4097	153.70358
199.15611	187.58748
143.68033	182.07469
160.1304	151.54654
194.71864	194.91501
174.6651	199.13733
169.14487	149.57002
156.51978	206.58377
142.37083	173.06598
174.75156	151.66261
149.57756	162.9405
186.71884	152.51186
177.78244	206.25545
150.22891	182.39368
194.99211	170.52628
168.94626	204.5051
577.5099	365.4676
576.3086	405.85306
546.70325	392.06702
573.21576	378.14355
599.09875	386.0392
594.4898	372.37173
562.7604	361.76944
569.68555	408.13297
555.2672	366.50226
590.6813	373.68982
549.95807	377.02423
583.1907	367.98987
590.0979	390.31046
575.3898	360.29196
588.69977	385.3323
556.2803	399.3254
551.7463	383.8644
586.4876	404.88617
545.1415	385.9886
593.42694	401.04303
568.4247	399.07428
150.7628	426.40985
183.32588	442.22632
157.5432	442.7125
187.34354	413.93393
173.73611	444.5727
155.49954	413.77213
171.28363	427.4349
179.62271	414.63998
165.96956	408.87897
168.70047	449.06592
161.84232	447.1866
173.72969	405.667
164.35872	443.01114
161.1478	413.079
190.46053	422.8575
741.87177	382.52863
757.43195	369.98297
760.8692	400.10455
756.327	402.56808
772.9281	384.2649
751.46295	396.8725
751.11017	370.8212
767.6541	393.59793
755.45154	384.5452
763.5072	371.57898
757.8922	394.72293
745.6952	374.51538
771.0424	390.76398
767.74915	64.747894
773.336	63.65499
808.1791	82.55051
767.7528	76.27939
815.5776	48.643383
758.19775	54.656055
787.3216	28.152079
787.9752	84.596725
775.5409	78.10396
800.1107	35.19134
755.58453	69.353264
751.94574	55.89521
817.12756	61.90091
818.70984	37.07621
762.6324	40.79664
810.7375	65.20095
799.0782	49.962826
800.11725	26.51142
776.14667	89.27858
754.60846	35.063942
807.8712	31.418285
756.6949	76.933556
788.0258	20.278105
799.77246	77.80164
151.48709	284.89377
194.28835	274.4302
193.12355	288.04544
153.19443	257.88867
153.22188	264.36206
148.39258	272.3236
190.73544	258.74936
193.89262	282.0005
178.49059	247.30722
188.25793	282.29736
143.99324	278.8155
166.0878	246.87192
178.6303	294.82376
145.91539	268.29047
196.45291	260.98944
159.15733	292.81088
160.62051	249.56482
178.83002	256.97717
165.75653	297.84198
635.00574	369.85037
638.4118	403.4544
629.5716	402.5191
661.901	376.72925
628.7302	393.70374
629.50165	370.8247
642.661	406.21045
636.1738	363.86575
649.51013	372.1574
654.2069	403.65625
637.1029	389.43143
658.5833	386.82715
633.5214	403.216
650.9902	365.67218
663.4574	396.45978
619.5211	384.83148
657.2851	366.92075
650.3358	396.65378
645.9308	360.90768
