646.70294	375.84854
639.838	379.45026
647.2436	369.96246
648.7007	381.6762
639.87946	372.4162
654.7661	370.03122
641.50684	386.12314
639.6835	365.23993
656.67395	379.52182
633.683	380.97473
647.92676	362.52975
650.0282	389.7302
630.77014	371.4104
659.6855	373.5664
633.76154	387.3889
641.7374	359.2552
655.7743	386.10608
628.7959	377.0484
654.5224	363.89526
643.0135	391.80658
632.93634	364.9264
790.26746	376.68018
782.1764	377.22638
786.3556	371.15552
790.6438	383.53766
776.93353	372.8533
792.9383	368.8458
781.68695	384.8508
782.14685	364.92166
796.4483	381.1099
772.8561	377.34872
788.91125	363.97833
786.95984	388.48016
776.35754	366.87177
798.0001	372.8769
775.75806	383.78354
519.3425	375.31042
525.0994	377.8271
510.5372	373.2729
524.40485	369.88965
518.42725	382.06027
516.24274	367.42413
531.9874	380.49762
511.4375	382.45062
530.8827	367.4879
524.8254	385.8713
505.556	366.44977
533.3418	373.9776
516.74585	388.85306
519.8031	361.44177
537.0209	384.08392
504.3794	380.4343
531.8764	361.29745
524.13824	392.9086
510.1158	362.48126
540.1084	375.94858
507.4134	387.63397
526.4492	359.5443
531.7608	391.0377
503.57452	372.99744
538.04236	367.3389
516.9273	394.29483
514.91833	357.39975
379.73047	378.34613
364.33893	378.1242
378.23727	366.90692
371.89685	379.78018
364.70816	370.40927
376.37262	373.56976
363.95966	386.11847
370.77847	368.81168
379.8255	386.10504
358.82764	369.31757
386.4036	367.39853
371.36456	387.445
364.79413	360.96744
387.3148	380.9988
356.1477	383.01425
379.49054	358.14597
382.0435	393.21503
352.6156	371.71127
387.88837	372.84222
367.01288	394.72626
369.7085	355.58615
387.144	386.71973
355.8947	377.16547
385.35034	361.15485
374.25952	393.61575
358.77808	361.5549
391.2151	377.13913
358.77728	390.75903
373.8988	360.75336
586.29285	378.6956
583.6053	373.68137
595.92444	370.35663
586.0668	387.66046
580.6699	365.38858
593.12244	379.06573
579.10046	378.94464
590.6235	368.26508
579.78845	385.73083
576.61975	369.06653
603.08484	371.58377
582.10376	392.56516
585.87317	362.85834
600.76166	383.41644
571.7388	377.47592
597.5534	363.8608
596.1134	390.74222
576.56775	360.78326
600.27844	377.02994
572.6501	384.75385
591.0106	358.81842
592.04285	386.76266
571.20483	371.3733
734.0624	121.854004
727.25085	131.44608
726.3513	114.421814
740.278	127.42326
724.04614	126.405785
737.89624	113.84949
732.78894	131.11742
721.1577	116.55994
741.5552	121.328964
721.7146	133.52037
732.01465	114.56345
737.43713	134.55717
720.05835	122.51515
750.3401	372.2829
743.8966	378.76834
742.0089	371.8807
752.85144	378.5052
734.4574	382.92743
746.85345	366.37323
749.7074	384.87903
734.1046	372.33893
757.44617	372.6457
739.0813	387.06784
741.51764	362.78665
757.52155	382.65115
733.99835	378.02502
753.0657	363.753
744.88464	388.1742
734.91376	366.75885
168.54105	147.63553
161.65707	159.60649
165.92825	141.34491
175.55664	154.47575
160.12836	149.76859
174.3809	140.74573
166.01273	153.19612
165.48764	135.48544
178.36443	163.95624
147.5401	154.48334
171.06473	133.67068
166.12167	168.45892
156.42944	144.80345
187.79082	150.13095
156.20862	158.48244
160.61795	130.06882
187.86948	158.56879
150.52658	147.3146
179.60733	142.15576
169.46765	160.54428
157.1964	138.81323
180.58691	151.6679
149.91739	161.1088
177.66768	131.33156
174.50153	169.48985
149.41412	138.75673
185.77806	142.19656
159.04356	166.40439
166.37265	242.58589
173.96286	251.9844
160.26212	244.34421
174.88765	233.38223
167.51257	249.59476
157.67865	232.9708
180.1325	249.24605
159.2872	251.67314
172.46632	239.64934
170.96402	259.32306
153.83203	241.95755
180.7076	239.11751
164.33626	257.6836
163.8262	235.01318
187.06491	249.56021
151.2177	255.09868
171.76974	227.5999
173.57356	264.96268
148.1514	241.23267
184.70859	243.56291
156.79724	261.3816
164.31448	227.53122
181.6467	258.5185
150.28346	249.75883
181.83978	232.06296
162.95715	263.843
153.80077	229.43253
701.8854	378.50565
688.8943	379.6376
697.55945	371.9944
703.80334	389.16968
691.24255	370.144
707.5192	370.7907
694.578	379.88327
693.1523	361.17633
709.33185	379.31375
682.56995	379.1518
703.22504	364.00955
699.13513	385.08408
686.2135	365.19147
711.963	373.99014
688.55206	387.6015
698.15	363.3709
709.84076	385.83957
684.4999	372.44397
710.0119	364.2413
694.3597	390.3082
161.04024	468.2486
169.9556	480.15747
156.99228	486.1057
171.96558	469.83514
173.6015	485.90912
158.21428	475.82196
176.3353	473.11066
167.93289	495.36978
165.55359	464.50723
181.27402	482.63403
162.3753	481.01025
174.82796	465.6144
167.28418	487.7545
152.85771	472.3543
179.76498	477.24176
160.14485	492.3216
166.12016	473.49893
177.76312	489.62915
151.74295	481.00482
165.88113	42.31386
167.40973	60.81225
163.87154	50.223747
176.511	52.920788
154.70872	58.12206
175.0213	39.64818
168.87173	54.076244
155.37833	47.159546
173.89276	46.9956
157.83353	66.2289
159.98843	40.781532
180.46706	57.230274
159.135	54.18811
182.51314	38.314922
172.73183	66.27455
155.39523	32.441273
185.11058	51.468
151.04755	62.63557
170.33632	32.67812
177.20688	62.710155
147.52391	45.556496
184.59538	44.89447
164.20871	66.71135
163.11148	32.57206
186.22542	59.29574
149.19278	52.98451
177.10233	31.76184
167.07643	72.153915
153.77309	40.424694
174.9917	541.1044
161.85971	544.8481
168.0021	536.8288
174.11581	550.76965
158.79439	539.7791
175.39252	531.8228
167.8552	544.76794
158.80685	529.63055
179.4092	546.11505
153.59756	543.0788
171.07076	527.42737
167.41014	553.8806
159.04715	535.0679
179.86005	536.3464
159.71774	550.72675
164.86832	529.2489
170.98557	337.40594
165.73518	332.377
178.05392	326.32803
164.04672	338.57904
160.1385	326.15924
174.939	332.58423
160.46976	342.9046
168.33476	326.1243
168.22911	346.0796
154.63988	329.06937
179.72446	319.81958
164.27658	351.419
161.7721	318.2252
181.79251	338.60214
154.10703	336.91565
173.63063	319.821
175.15802	349.14236
155.90965	320.90344
182.97572	331.0313
154.29147	344.48035
167.95154	315.28464
178.84941	343.61838
148.49466	331.71393
739.5717	41.40883
730.22705	53.47303
724.5714	44.332912
746.0047	56.03373
723.5486	60.728935
732.38885	44.567036
737.9565	63.93266
718.74603	50.65697
742.7248	48.789314
720.0814	66.91607
728.60547	38.25403
737.29	54.99757
724.94104	52.186348
740.8859	35.061977
726.92163	70.52578
721.03705	37.097496
749.6354	47.106598
713.8185	62.42683
727.9712	30.486654
744.44104	64.96046
712.6244	47.9461
747.7376	39.882946
730.64685	61.915398
720.79816	30.8435
749.58093	59.390106
712.2438	55.034077
735.54596	33.269325
735.42474	71.05366
712.9823	40.78408
171.21695	408.98322
160.26605	418.06558
169.21199	396.01364
172.60664	417.03192
160.85184	408.86472
180.98413	400.3973
165.59921	413.25986
161.9324	400.1734
179.14377	410.7202
153.95776	419.0288
170.8915	403.8244
175.94693	423.57147
155.52768	405.943
182.18863	405.8537
163.06282	424.6573
161.33295	393.92413
179.4256	416.7582
151.93379	412.40283
175.34785	396.3399
168.19302	422.58414
152.57062	400.22385
449.03653	374.64874
438.6022	386.90912
451.68784	366.95636
458.8626	383.3907
441.19662	379.06085
457.81274	370.87354
449.66318	380.69827
441.63275	371.48297
457.15778	377.42145
434.22202	378.26752
453.1892	357.14786
452.90387	387.45447
434.15323	366.99762
467.6944	370.7804
445.92075	387.58017
441.1872	364.41858
465.0353	384.9017
428.16763	380.14935
459.40253	359.54333
449.5878	393.5672
434.31494	361.4931
465.10638	376.48907
433.36566	386.77216
448.55194	360.35638
458.9689	392.563
431.98438	372.1767
461.2102	365.42957
441.91132	394.37646
442.7788	357.5892
470.0004	83.95695
435.65698	81.393326
453.09927	60.659363
443.8894	81.29707
439.63297	64.94432
450.1524	76.26912
442.37744	87.77167
446.53946	66.85873
458.68585	74.70968
443.2548	75.03565
462.49496	63.645752
450.44287	92.372314
433.83258	57.09965
464.48593	77.43904
430.0481	89.108604
452.73657	68.39467
460.13153	94.46922
435.18716	69.2706
460.88702	70.4772
441.0944	96.55281
441.0414	56.95408
468.66162	91.86791
429.58218	77.45475
463.06616	57.195667
452.83887	97.88142
425.6889	69.50439
471.5565	71.92585
436.45752	93.99086
446.84262	54.585724
456.21353	83.577126
