181.43626	72.99333
178.69615	61.004913
169.6041	67.18637
169.16702	72.83217
162.26398	67.90025
177.0926	57.069744
165.4876	60.490997
169.58621	59.472065
179.66328	77.87249
185.13696	60.490337
169.79616	52.75672
175.28555	72.67677
163.1326	58.25332
180.12167	53.35038
171.04929	62.674644
172.58417	68.05433
181.88132	56.68156
166.30417	72.99845
184.32881	64.79417
180.33917	65.52132
175.20767	61.098553
175.61685	67.75224
160.98428	58.03352
174.47903	56.157066
165.93115	77.29237
168.11252	55.87567
174.23096	51.252068
164.92459	69.647446
166.35959	66.634476
847.6193	385.6594
847.588	382.97906
851.18475	382.86426
845.53406	388.24066
845.3402	380.23007
851.9971	385.84583
844.009	385.7414
849.1087	380.08133
849.81476	388.13214
843.24304	382.86685
644.70996	379.1093
643.0602	390.78082
636.8066	383.8316
634.0447	384.70737
638.1403	389.60236
645.8724	383.7195
639.45685	381.33148
631.74664	382.25372
642.8913	383.0038
635.99725	391.82684
635.6139	380.21136
639.8896	385.40753
631.9753	387.72818
640.52997	378.26257
645.1183	388.0657
632.72314	378.77408
641.6909	387.88165
634.66766	388.60422
637.31537	376.9799
174.64078	181.85368
174.6614	176.64923
173.80276	167.1829
168.76541	170.69675
169.32872	167.77232
181.36925	179.19318
169.28693	180.59001
177.55472	177.11922
175.4098	186.36375
163.76865	169.65938
178.22527	169.82924
165.13095	180.38391
174.14276	172.45177
177.81807	180.50233
163.68152	173.65494
181.87062	168.83759
170.8893	185.92955
168.11403	175.1737
180.32188	173.14798
164.62599	177.82857
171.42477	172.62943
172.03835	178.91487
755.276	387.0335
761.9052	379.4948
764.2935	388.40213
759.25165	379.76047
761.8578	382.90018
758.0747	390.09747
764.33014	377.6988
762.2599	390.9849
757.2198	383.37762
767.3092	381.20013
759.02435	386.2054
762.4311	385.87994
766.9099	386.69757
756.38275	379.65814
765.8215	384.23206
795.62616	54.671623
789.40436	40.806046
792.7201	53.73313
781.22736	54.072853
795.5694	43.501183
784.1047	47.062702
785.97894	49.673485
793.39624	46.3492
784.19727	57.355255
782.1609	41.33553
790.03674	49.438217
779.56824	45.61125
785.70734	59.416664
790.1964	52.070465
784.9175	43.21415
793.0896	58.802032
783.51215	51.432655
789.368	44.901623
789.9951	61.53355
787.3543	53.84478
796.9561	50.085705
778.4364	56.411446
777.3466	49.931816
174.1489	356.094
170.81538	358.72263
176.0516	349.7217
176.88333	345.86652
169.93373	349.5524
171.75455	346.48297
171.3281	353.89508
168.14651	345.61493
178.44383	355.6729
169.64183	352.32727
181.11282	352.73636
165.60307	352.8473
170.80997	342.247
177.67538	352.37332
175.3289	358.7817
173.71231	343.9786
167.31728	356.4787
166.4453	348.97943
708.9396	387.73184
696.6083	386.4498
704.3294	378.7943
699.25104	390.08008
705.9992	387.50632
708.499	378.35556
704.4733	384.99014
703.00256	382.16547
702.5248	391.9498
695.91943	382.14233
699.8019	377.9444
711.36145	384.61536
697.96844	380.13712
706.07874	382.15414
706.8573	391.05115
699.9332	384.08673
709.8888	380.85037
700.6541	386.75375
169.46234	263.53986
175.61356	275.62762
167.27713	259.84088
182.22847	265.6969
177.03769	267.0006
173.85574	273.14072
180.92099	269.39203
164.84177	273.47165
173.96516	260.36957
171.1873	275.31772
171.31621	259.56073
168.33586	267.2226
165.10335	268.69952
173.72578	265.26315
179.04802	272.47516
170.5612	268.80295
174.3721	270.41107
168.28719	273.86725
165.30219	265.8673
177.7779	262.82706
475.5878	93.45093
478.1522	85.50265
489.87616	68.6328
470.88007	70.81124
479.47797	88.76965
477.7477	97.156845
472.45477	85.20173
492.3846	88.22658
470.3067	86.4327
492.99512	76.62108
489.60663	90.79972
469.02106	75.49452
484.30396	92.9632
472.9663	96.6004
488.23883	81.76681
464.14682	89.86067
482.68915	76.9747
486.25922	88.192345
486.74603	96.82845
485.685	73.308105
482.6398	96.468925
474.7701	74.90229
489.2606	85.62561
465.15698	82.219154
480.79752	73.84582
482.34677	83.642654
476.998	81.800835
478.13754	77.218506
488.89203	77.85298
471.48627	91.10975
175.96373	546.70355
171.36867	553.298
170.85753	545.66125
174.29349	552.8436
171.88063	548.1615
174.25058	549.64
170.89923	556.14685
167.9403	549.55176
175.05516	556.21826
168.50534	552.93024
177.42624	552.01666
887.06506	385.62418
878.7116	382.77045
886.6463	382.4107
880.953	387.83853
882.02344	383.29077
883.8937	385.69897
878.6284	385.8331
884.29315	380.54657
883.95984	388.8104
880.84875	379.77917
408.57745	386.39966
402.74435	395.94638
389.14053	395.28998
398.38983	378.61496
394.19424	391.81244
390.97458	387.4
408.00342	392.0672
402.049	384.9373
404.50812	380.82037
392.77432	396.87128
405.878	374.35434
408.3539	382.5324
387.0605	376.79453
396.394	372.49887
389.58078	390.33545
393.11496	374.7211
396.35663	388.99808
398.27032	385.80887
401.30615	373.20862
398.77756	394.14142
390.50787	380.10406
399.91525	381.61017
386.921	385.8537
396.0419	377.34232
401.93274	391.15628
395.60452	383.8207
407.9062	376.85568
391.9104	383.31012
386.54056	381.9017
406.49997	389.14877
496.01935	381.61642
488.36246	382.80606
489.06607	386.64505
483.77954	384.27817
495.42413	376.91254
483.222	389.57248
489.96036	378.6811
496.6193	392.54575
492.99008	382.93
497.1961	385.82465
488.12207	391.1475
494.84927	379.36868
491.1346	375.66327
492.87387	391.76538
485.45468	378.2294
491.39655	385.27402
485.88614	386.567
499.87875	381.36588
494.24185	388.17157
481.7818	381.104
499.28937	389.28867
487.00546	394.1579
486.8278	375.15396
175.29532	501.06015
166.38887	493.98886
179.01181	494.06598
167.14902	499.6499
169.05586	492.45914
171.22932	499.63422
167.23943	496.9062
175.52017	493.69962
171.49106	502.4349
172.22588	490.56964
178.6554	499.89545
171.68546	495.6067
175.09326	490.39545
175.79282	496.76465
560.3573	389.37604
575.9744	387.6256
570.4121	379.77158
567.6174	383.79248
572.54016	390.11115
572.7833	381.8329
576.4132	383.10324
570.05975	388.549
559.4042	384.95135
572.90906	387.03775
565.18445	390.83557
562.6136	379.2948
566.6854	380.20844
567.03156	387.83188
574.09576	377.3924
563.5799	387.06357
564.4879	375.80777
570.62317	383.91644
562.96295	382.71564
570.02673	376.57492
567.2165	393.04755
804.20306	382.44843
813.69415	382.3608
806.5408	389.57297
806.4835	379.06174
810.25183	389.53436
808.19086	385.9291
810.92584	379.448
811.2367	386.38956
807.0264	382.2648
814.1158	386.09055
804.7741	385.9273
809.8722	382.55508
176.0157	434.8731
164.45317	427.7377
180.06798	428.10254
168.78854	433.9882
171.30959	421.1727
178.20172	424.3121
174.55157	427.3632
173.35333	423.06827
175.64606	431.80054
167.354	425.22565
170.90875	425.6727
168.70393	431.13177
171.04019	429.0962
177.20192	428.59937
165.06136	432.60034
176.5199	422.00894
172.75743	433.1667
