737.4732	47.107307
730.4396	52.011646
725.9957	42.6486
735.6033	58.23992
723.28577	48.151047
746.4777	49.6267
733.1435	63.333637
736.0769	41.403572
745.5818	54.982033
726.6234	58.902596
745.1038	35.99524
742.6942	66.99496
716.82886	48.69671
753.06085	46.33922
727.00494	67.624405
730.3602	32.914883
748.36414	62.38086
716.5626	55.109764
744.3123	43.13873
735.62714	69.07646
725.005	37.57403
753.44104	56.299053
719.6833	61.772545
736.9048	35.1463
722.1	384.32782
713.8208	380.69455
724.6205	377.69952
715.3785	387.6899
717.3229	375.2535
729.29425	384.7257
708.16614	385.41074
725.6527	370.7685
720.75476	393.41
711.166	370.8211
731.075	378.2076
711.3628	392.76755
718.52	368.6876
727.0438	391.2807
706.41815	378.71524
165.59178	540.4405
162.36708	547.14606
158.7024	534.6107
171.50015	548.24084
155.06046	545.3348
165.9344	533.67676
166.02081	552.6786
154.74022	539.44116
172.46579	540.33203
156.45903	551.69995
731.84094	117.89498
743.5014	128.11505
726.6896	125.80699
743.6816	118.3718
734.18427	128.79811
725.4733	118.98515
739.5106	122.85502
729.183	133.624
736.7319	114.47933
738.7945	132.8368
455.8195	377.35748
465.84125	376.48514
452.6889	383.97028
448.99258	373.8524
461.91934	385.36243
443.93613	385.7119
459.1883	371.94025
457.31943	390.18915
446.69305	379.02103
467.17368	384.92862
447.41626	395.30588
452.7037	365.32275
466.90005	394.5591
438.66025	382.4295
467.35077	369.83896
453.9367	396.619
446.04047	367.85977
472.76996	384.84567
443.89615	390.77887
460.3401	364.91748
459.9091	398.53656
438.64087	374.64517
472.37515	375.77066
158.93231	251.73788
161.95078	236.58945
171.40932	252.98103
147.23419	248.73393
168.57951	241.83684
164.34158	249.34097
159.42888	242.79036
173.58824	244.86813
154.82126	256.62152
158.66733	227.60635
173.0989	259.67786
153.5148	241.75345
174.52461	234.37944
159.88039	260.39227
152.45149	234.32439
179.19337	251.52173
149.49576	255.08846
167.71712	232.73877
166.27669	259.1068
146.94945	241.45078
178.52884	241.88968
166.57593	61.527943
163.30855	47.389587
172.12523	58.916626
157.54013	53.75962
178.13924	43.17484
153.39424	60.035698
157.06482	44.522526
167.84607	50.38651
149.20792	55.339436
170.58759	42.30253
169.16731	67.04964
148.91557	47.159958
175.36186	51.16799
159.0297	68.006645
155.05305	35.204018
180.58263	61.292595
144.93504	63.00283
172.63646	36.8331
165.09396	72.35144
149.10559	40.910435
182.41122	49.294346
152.64354	70.22047
163.52934	37.329784
175.05547	67.81972
143.02122	51.233192
608.67834	371.24286
594.5498	387.5368
590.77673	365.1718
597.98175	382.54413
582.0497	386.95108
603.6781	375.60468
600.6412	390.10275
590.8312	378.94434
613.6004	379.3062
593.2776	394.6945
594.0417	374.2928
611.9127	387.7878
588.07837	384.68573
602.54486	366.76114
600.20807	397.03864
586.16504	372.4317
606.888	382.20184
585.0785	393.37558
596.888	368.3667
606.69604	393.43112
581.0662	377.288
467.58478	82.21556
446.46597	102.433754
445.15643	71.99666
460.45282	85.069855
445.40997	86.60921
456.50043	76.85703
451.04425	83.995995
438.08267	77.23972
469.25885	89.25026
438.6894	88.98431
441.31168	66.52753
457.37347	92.60597
428.67902	75.22155
453.75323	66.13192
437.9332	96.770935
433.98868	71.25055
470.05646	77.85555
428.68393	95.23086
456.35278	59.761513
459.96826	101.87571
423.51636	79.78654
466.19427	69.557526
441.80096	105.81273
451.08447	72.789444
467.10175	96.80232
429.05786	86.219215
464.1793	64.09765
450.49423	95.28075
438.34238	58.71978
169.56479	152.32082
144.99075	164.78036
162.56656	151.40596
171.04103	160.51819
155.11774	153.83098
168.54694	145.5109
163.14168	159.38596
155.86745	142.80435
175.33481	156.69835
151.00443	161.00377
169.50919	139.07208
165.28607	165.23068
152.27986	148.66869
178.19249	148.87776
156.6171	165.00359
161.54926	137.32257
173.40599	167.15262
145.24371	151.81682
177.34532	143.70322
160.06584	171.82452
149.34262	140.87932
180.62523	160.20737
364.91644	382.75336
374.2509	375.35516
380.75906	386.48065
363.872	377.0622
382.04138	371.72675
369.48846	387.4029
365.98978	371.9617
386.52423	383.1119
358.7083	389.47052
383.92352	365.74225
375.7695	391.85947
357.5143	375.75653
378.1536	378.95404
363.5757	393.2586
371.64407	368.22693
385.14883	391.80283
354.4332	381.87195
390.2392	369.49963
371.2337	398.90787
361.29718	365.84244
393.43402	384.523
353.87286	392.68243
375.35538	363.9662
377.8872	399.99942
352.15396	373.95868
388.03534	377.42087
364.35532	399.20422
368.19098	361.13547
385.1705	398.04034
153.96942	491.24585
172.09552	479.32828
166.55959	496.3414
151.63664	481.0004
168.97116	488.84457
157.2728	497.39795
162.29227	488.96933
172.29987	501.13568
155.88849	485.5329
174.32831	485.82404
161.45354	503.07193
159.03156	478.98624
174.01328	494.33868
150.34268	495.93402
164.68936	479.5855
801.69653	388.7234
791.03186	377.80255
804.2075	380.09174
790.635	388.78824
798.85077	374.41553
806.68567	385.11438
788.72046	382.82782
805.14026	373.41165
796.1977	388.67645
793.1383	372.00574
764.34033	380.91296
752.8717	389.0419
760.7346	371.8585
769.75275	389.32404
752.52625	378.73114
772.8011	375.96533
759.5881	388.4509
754.3337	372.95746
772.2478	382.86426
755.7683	383.25342
766.62573	372.53888
763.7747	391.61307
656.4987	375.66406
664.1483	378.22745
661.18335	391.76343
663.9042	372.29654
668.99396	387.84927
654.5381	383.35538
676.22577	376.8324
661.3384	383.53564
653.0972	369.2254
678.29315	384.44376
650.319	391.39166
666.9561	365.66083
666.4598	396.42694
648.4938	377.4999
671.70306	381.50174
655.914	396.86078
659.97766	366.44577
674.55945	392.2896
648.4171	384.02023
672.55554	370.386
163.22748	421.90186
158.68791	412.31113
174.3967	421.8998
153.88864	423.23404
165.55252	416.65936
169.18558	426.8283
156.31192	417.3602
171.44862	411.21802
160.36942	433.83258
155.47275	405.91092
177.09076	427.72208
147.9987	424.24097
169.28296	405.28036
167.58505	434.09467
148.98482	413.9295
176.43471	414.96356
156.10031	429.6329
161.84763	405.4688
173.51335	346.50787
147.74158	334.8875
173.93147	323.94885
160.49911	340.94223
155.64247	321.50897
168.43715	338.4385
147.5631	344.37704
166.35611	332.37155
166.64825	346.36957
154.52667	329.1042
174.49731	331.0993
157.82016	352.51495
161.40442	328.9272
178.90182	341.61432
155.00247	338.45425
168.0668	320.47894
164.40779	352.89063
147.58026	327.44257
179.74535	333.7891
154.36664	345.5701
163.6287	322.12927
535.90656	387.17816
517.20044	380.0119
539.32104	371.23285
524.42816	390.88116
522.0049	364.71295
532.96204	379.7006
521.9335	384.47064
530.91046	367.59164
529.2873	397.90668
511.93677	375.2232
543.9287	376.22968
521.2194	396.76184
526.058	379.45383
542.86896	386.63028
512.1668	385.8061
536.09753	366.301
530.95355	390.3636
517.2677	371.0433
539.5363	380.22397
515.254	391.03412
524.92267	371.41702
537.78674	396.11465
