735.07025	123.73789
728.6497	126.905136
730.5861	117.598366
737.26666	130.77417
722.8037	122.26113
741.0147	119.98136
727.3751	135.3372
724.865	115.40558
742.6193	127.141464
721.9944	128.96042
736.2324	113.948654
734.16595	135.52591
447.55405	68.642235
461.85263	75.45376
443.3166	85.36155
455.2084	64.51961
453.26068	80.18183
436.03018	80.188995
453.22052	74.52595
456.58112	87.09254
441.8068	68.04118
469.47012	85.74544
437.91888	89.615944
444.5538	56.50465
457.6289	99.498276
437.52435	74.74401
466.55853	71.37242
445.2945	95.10113
439.60895	59.054573
461.92114	88.52067
429.80014	87.67875
459.34003	60.384186
451.88437	92.19545
431.65268	68.79471
472.8083	76.01509
431.74155	97.24916
454.6596	54.97445
462.7868	94.2037
426.8336	76.321724
463.7303	65.96688
440.9284	99.445564
433.79575	64.092476
171.8397	416.16748
158.4597	417.65884
167.96753	410.22638
172.79924	421.8763
157.89359	410.53564
175.89156	409.85638
163.73186	421.5149
163.56967	406.57083
181.73192	417.0362
152.07349	415.88037
172.18272	399.31757
167.9472	427.29193
154.33629	402.94107
180.8257	411.57184
151.97713	423.31134
166.36069	398.74493
176.13171	426.244
149.90848	409.25333
178.86089	402.06012
159.38452	428.22607
160.56009	397.02725
733.4186	49.952713
728.46454	52.274517
736.1841	45.45495
735.4797	57.725624
722.13885	48.378242
743.1576	45.707752
725.65466	60.7194
728.89935	42.084644
745.646	58.279438
719.02673	55.00695
739.6142	38.098328
731.4034	63.910755
722.213	36.62227
744.6251	52.129047
721.3275	63.887367
733.65845	32.37348
738.5762	65.24684
715.8783	46.121635
749.9584	44.995007
724.9884	70.06125
728.4779	29.911678
745.6185	64.47029
711.4081	51.005608
745.40936	35.020706
734.0597	70.712166
716.85675	39.89169
753.7057	52.26762
714.7655	62.078606
789.5385	371.2171
799.8033	382.96417
784.9059	378.23322
799.54865	373.1123
787.9243	385.2394
785.03534	367.61426
795.84436	377.95596
781.14307	384.13553
795.2166	368.7849
793.88135	386.34375
780.6381	373.9737
377.96848	374.99396
369.81915	381.92612
370.1775	370.57278
382.81143	385.51544
355.9107	380.5824
380.75995	369.47916
375.01184	383.8297
364.7486	370.47687
384.80862	377.14825
363.55002	384.65933
374.48233	363.98114
379.39673	391.4088
358.84735	374.87778
392.84488	365.81268
363.02783	394.79382
365.29794	362.84003
388.93488	389.61966
352.2647	383.2782
382.3764	361.05142
374.6173	394.35724
358.42343	365.81525
391.52652	375.46307
359.64508	389.56296
374.14703	357.7945
382.67633	395.2146
353.7563	371.19855
386.11166	367.27332
369.52863	395.72562
368.12576	356.77853
391.152	382.93832
445.83112	381.5086
460.3438	372.1948
450.19516	383.82483
444.39697	374.43707
464.07025	376.51166
449.32748	390.13184
451.1705	372.53156
466.1618	384.555
438.52847	375.77985
463.66	365.76175
458.6354	390.2398
443.67276	364.6975
459.20337	382.33075
439.3348	383.8924
453.7669	367.88922
464.67227	391.33575
433.20197	372.28705
469.98224	367.41278
449.78998	395.76343
449.36792	359.52042
471.5357	382.57437
433.35327	382.29462
460.65372	360.48468
456.89413	396.10385
437.8837	366.08685
470.2855	374.50467
441.30338	392.20453
454.3672	359.47137
718.30896	385.98398
705.3939	377.47263
716.2224	373.89465
709.2129	383.36847
706.2121	368.93018
715.3521	379.78485
698.9253	383.7526
713.2509	367.38425
715.041	391.0788
701.8683	372.29852
722.6295	370.309
701.609	390.21246
707.43884	362.34247
724.31476	384.42194
696.5283	377.42474
718.1322	364.53494
708.3091	389.89474
697.5414	368.58548
723.80725	377.65515
162.9506	488.3233
169.5116	484.00992
170.94264	492.0197
159.53133	482.64282
179.23833	478.52838
162.25966	494.9986
162.01547	477.5682
176.42715	489.08234
152.90842	492.14996
168.69565	473.4522
171.09882	500.3647
153.58427	477.4205
179.97224	484.10254
156.4492	497.71796
162.08348	471.4161
177.46072	496.3958
151.49373	485.34845
173.69682	476.5563
164.06311	501.05908
156.9398	538.2605
171.06139	544.42786
156.33427	553.079
166.53772	540.54016
172.06058	553.8167
154.50716	544.8193
176.999	540.39514
163.53415	551.34686
162.0119	535.63
176.71877	548.99994
161.29427	545.82605
170.86168	534.6369
166.45407	556.8112
515.4229	369.14743
532.6673	373.39398
519.14734	387.72552
520.1195	374.91968
534.8748	386.97906
522.16797	381.394
537.62756	369.1798
527.65485	384.57822
521.5764	365.284
532.4788	380.41068
511.20197	383.84824
528.05347	368.68887
535.24036	392.80655
508.14325	374.50787
542.3502	372.88507
521.3728	393.71396
523.51355	359.14496
542.0115	385.68256
512.17554	378.85065
536.8729	362.68268
528.2947	393.19257
513.71515	364.2844
540.3158	378.5909
512.84686	390.07135
528.959	362.58466
595.51013	378.56708
590.8522	377.18698
607.6448	371.312
588.5719	384.8173
589.2105	362.2821
602.0824	381.38574
580.4171	380.54877
597.19	369.24728
593.6408	387.85403
583.08435	372.5019
601.33514	373.5729
583.5357	391.36063
590.05536	370.34903
603.2287	388.03583
575.1288	377.00018
603.50793	364.57852
590.51404	393.78354
583.3961	363.27225
608.1291	380.4151
578.60455	386.36786
594.9885	363.46555
598.4509	392.2989
577.5587	368.66702
168.2899	44.719467
165.0831	70.798454
164.17792	52.613117
172.94545	62.903595
159.99037	63.092182
174.67719	36.634823
168.7279	56.425873
156.85916	50.873516
179.29611	54.093193
155.65347	67.27666
160.31389	44.114857
177.01305	73.30743
153.1698	56.33134
182.05965	46.492214
162.0316	75.95367
153.03107	44.542763
179.59799	62.83064
148.4664	61.110558
167.74911	33.62772
165.77133	62.290398
147.72078	47.29096
186.85764	48.29317
153.88002	72.72995
161.66415	34.268257
184.7993	66.50137
142.90828	54.5198
177.74979	42.24547
170.98125	75.35417
152.53758	36.790043
184.35133	57.450844
162.93768	248.7229
165.33548	241.90616
173.14719	255.01741
149.07748	246.48325
183.17111	245.28397
162.57755	260.50632
158.49571	241.89172
181.72806	253.97305
149.40576	252.7493
175.34862	234.50198
167.11862	256.2116
151.20563	240.1884
178.42842	248.0463
158.70335	267.50342
165.36502	236.32837
178.23581	260.22293
157.10493	255.9897
176.4012	240.34602
167.21628	266.93744
156.99115	233.20097
170.83176	247.04756
152.56926	260.94785
167.24904	231.3888
173.73837	265.4487
159.76701	331.66968
181.69463	330.26566
158.56355	349.78116
164.49234	319.64362
179.98518	344.02097
152.05608	337.39566
175.19485	331.12686
168.62787	340.88605
160.3654	324.95776
170.36615	334.82858
161.1254	339.54245
168.28372	326.68033
174.83939	345.18732
148.2195	330.65646
177.16464	323.25415
164.22551	345.39935
157.05551	318.81207
181.62733	336.3577
153.51888	344.21255
171.99164	318.88705
168.96835	349.49573
153.22289	326.67755
169.09583	155.93117
158.70193	167.96675
163.35934	146.97281
172.62766	166.06728
159.96078	158.79762
176.28305	152.12292
164.37968	164.48169
154.62694	143.979
176.56255	160.62613
151.37625	168.04518
171.13382	147.56204
171.28227	175.88226
158.32976	152.42044
182.91353	147.32544
163.71457	175.20203
160.89816	139.67776
183.61739	162.0727
148.22691	161.18466
176.33005	143.28673
168.64899	170.12263
148.42422	150.12177
183.72539	155.43875
153.73978	173.73872
167.98239	140.20023
179.87773	169.37708
151.10979	155.71231
662.83215	371.4267
649.0419	383.8613
649.14636	361.70425
661.13336	380.06598
640.8927	381.3877
656.4583	369.52475
656.0028	393.0994
642.80896	373.41324
655.716	376.39435
648.5637	391.75485
649.6593	369.33966
667.8246	385.925
649.85657	377.42822
664.4422	364.10712
655.6285	385.24036
643.0244	366.85107
668.8957	379.23834
642.3009	388.68048
657.2861	362.1233
662.17914	389.49005
636.0978	376.1419
669.2474	372.8083
752.9394	384.57016
754.47003	374.79962
765.62964	378.17416
748.33026	379.20328
758.8409	366.97162
759.79297	383.43085
747.002	369.49194
761.87726	373.98178
746.51697	386.42862
752.76526	366.84448
766.618	384.00183
743.4523	376.10632
765.4005	369.15564
757.1679	389.78784
