177.3428	529.8525
170.47351	531.6313
174.04388	532.0976
174.32066	535.9486
167.60742	534.0437
174.26025	528.2505
170.56613	537.3011
168.49962	529.4808
177.35387	534.39856
170.4968	534.6639
171.41495	527.8779
850.3384	385.38025
847.5275	388.31747
854.0667	381.74557
845.23553	386.13547
848.0045	383.3327
853.4328	386.3962
844.8757	383.15277
850.7086	381.42377
850.7401	389.39673
847.6989	379.78333
490.83194	72.72473
484.2535	89.14146
480.63467	79.6531
488.994	91.52035
470.2307	96.75606
477.9544	69.66418
484.56024	96.98575
479.99033	85.301704
489.315	98.78871
479.86816	73.995766
493.44254	79.87624
467.80035	85.40245
483.90683	77.225395
492.33456	92.15432
466.59488	80.182106
468.931	74.07239
474.97543	87.44224
480.76044	90.886024
487.51923	79.7372
475.24942	98.847244
473.71906	74.03503
493.07153	87.02772
473.68082	92.96058
487.60995	85.27055
477.9462	93.017166
470.74243	80.36534
471.89047	69.918884
468.46646	91.712944
485.47226	72.37456
172.36557	69.05843
172.80641	58.826347
180.55324	58.91732
176.01947	60.931274
165.38986	54.511486
182.0317	61.785767
162.62607	60.77265
165.88608	63.36521
176.61484	55.807167
180.14998	54.79903
173.85954	52.41554
171.13687	55.65473
168.40079	48.119167
181.9188	51.70922
162.11612	51.536324
167.86232	51.629784
170.80353	61.94472
171.33858	44.8971
178.35214	49.684566
174.7177	66.368614
174.80597	45.57453
178.68921	65.78309
168.316	67.26225
166.00717	58.79386
168.37772	60.21654
776.68976	54.5561
781.15515	58.516582
793.16595	67.301
787.9975	68.479515
793.2022	53.61564
778.95496	50.519234
798.8368	53.002674
787.74133	59.800262
787.14386	51.012142
797.2389	58.572388
782.5028	51.65133
784.4874	47.381546
779.05725	61.1556
791.73987	50.630703
791.3756	64.03478
780.97266	65.92714
795.9318	51.19648
800.6561	59.71153
791.95605	60.63587
790.3248	47.52246
781.4064	55.767403
784.4997	56.90688
787.26843	64.30309
776.5709	58.783253
788.8878	55.358208
173.17365	344.5694
168.87299	342.28128
169.93466	338.63364
164.17548	339.95813
166.77782	346.10815
174.13101	341.76022
171.9172	334.96567
174.51184	336.02124
176.99152	345.68112
169.00294	333.6829
179.92552	338.82883
174.08731	348.5816
176.50209	332.8001
178.10068	342.0799
166.6896	339.03564
176.35435	338.3645
169.66171	344.97897
480.72885	390.26315
492.0189	390.8305
477.98566	392.98874
490.85107	375.36746
488.24786	392.18073
482.74188	376.3239
480.35532	379.83673
485.76978	383.779
492.927	382.78897
483.92194	386.95633
476.42197	381.10464
489.2032	381.47833
484.3111	390.45282
478.50757	386.72928
485.4702	380.32175
475.64722	388.6384
487.69293	377.83954
491.77417	385.61823
476.8437	378.18686
479.38492	383.82388
484.9838	393.66492
479.4546	375.8954
488.9728	387.7584
472.0604	385.0707
173.09831	407.63586
170.8122	420.1848
165.2816	410.67706
177.05972	418.95255
167.89536	419.74432
176.68173	406.79166
177.70119	414.40634
168.5831	411.1875
175.38327	412.09482
166.64697	414.46625
170.64732	414.35333
177.98395	410.53458
173.77667	415.2147
170.25467	407.63666
173.75754	419.97284
168.28362	256.5959
171.69748	258.05286
180.57446	261.33093
180.32755	252.13052
175.8901	261.5016
166.66905	252.83891
177.48352	253.59586
168.47853	262.5397
164.69804	251.02756
173.36787	253.76733
168.59195	259.62323
173.72581	264.64514
176.18779	256.9603
169.64572	248.45818
174.1779	245.74973
165.47186	263.06186
171.93048	250.2644
179.87843	257.06882
163.9646	258.71417
177.31894	249.2898
643.20685	385.26627
633.97864	377.78546
641.81006	379.99323
636.64594	391.2686
640.00934	384.72186
637.8546	380.24234
635.821	384.9979
645.4695	383.24567
632.59064	390.1127
640.63257	377.2597
643.1376	388.8913
629.6143	387.50128
635.2648	381.42664
640.2316	390.3191
629.5775	382.91776
637.75476	387.69556
634.61145	387.30243
632.43274	381.4969
175.35892	473.09937
167.67218	478.91827
173.15193	471.27197
171.22653	480.5043
169.98328	472.50806
177.80045	481.25446
167.27676	482.28217
170.1936	477.24625
174.40265	479.79703
166.87729	474.6586
178.2344	475.35458
173.65614	483.5437
174.01247	476.74933
889.5952	384.58893
885.45374	384.3947
886.59393	381.64465
886.3949	388.31235
881.8841	382.8072
890.03937	382.1979
883.59656	388.9859
884.3462	379.63013
889.38245	387.3694
882.06445	385.91318
402.9655	381.58615
385.43573	393.398
391.74176	373.22104
388.0744	385.31796
396.94107	384.40195
384.36713	386.75943
392.74197	379.63116
390.0146	378.831
399.40482	376.90768
392.04242	389.4945
397.1803	378.71457
396.8464	387.8353
382.64444	389.3388
393.20374	376.4517
397.68323	391.45135
385.41827	377.7248
404.05045	384.37537
386.9241	390.15753
389.56866	388.13046
389.5912	394.97333
386.43576	381.7059
399.16772	381.76282
395.147	392.9167
391.37384	383.4554
401.0678	388.4887
382.5718	379.59656
696.7921	386.4714
701.2016	391.34235
700.85406	378.21533
706.0726	382.87482
694.88245	389.57
704.46075	379.9202
703.89343	389.52603
692.8924	385.94403
700.97644	385.5393
698.2434	389.91452
696.19653	378.28723
704.8432	385.78375
696.89685	383.67157
697.6217	380.66986
701.39246	381.4124
693.2291	382.42957
176.96846	162.6121
170.68898	171.54832
176.394	157.56532
175.73846	173.63683
170.04855	163.98418
174.57129	152.8204
167.51938	169.32938
168.59486	158.23607
179.30482	159.8525
163.9133	166.11545
182.52423	161.87971
178.83092	153.69954
170.46909	152.69046
165.38275	157.7754
171.75615	167.51492
173.19656	163.51682
174.86377	167.30177
166.834	161.9461
171.65166	158.10582
180.86435	165.82948
162.93903	161.60904
812.80347	382.99426
804.54517	390.1969
802.6607	382.29596
811.4486	386.125
809.0434	383.15533
806.76025	378.58002
807.64734	388.72797
801.44714	385.3361
805.5294	381.28595
804.49567	386.73618
810.36285	380.15854
811.0819	388.3808
806.9686	385.27197
761.2626	382.2005
752.0744	385.8221
754.0514	381.6098
760.6619	389.8259
749.85	385.69934
758.99536	377.81146
758.9767	388.16354
750.6006	381.28473
761.5766	385.1468
753.5062	388.97925
757.9286	381.37735
756.7877	385.9014
756.2599	383.5491
753.87396	378.54886
755.025	390.425
563.39734	375.47113
572.2963	383.00446
564.8202	384.84302
569.1061	382.86652
572.18384	391.50095
564.3979	380.46622
572.309	379.12482
556.4606	383.58942
568.94696	385.43402
573.51166	386.17804
560.3991	385.82043
565.7577	377.4051
563.9948	391.91586
560.7772	378.606
567.5142	389.27505
568.0305	392.72217
562.6605	389.21088
571.7111	388.87573
560.54565	382.0196
569.085	378.45206
559.1517	389.60846
