166.07138	481.5482
160.32394	486.11505
164.03426	474.46426
167.65073	489.5248
154.93867	482.0432
172.93204	479.8021
157.2648	493.7271
158.89194	472.6297
173.82149	486.91324
152.17374	487.72226
169.45535	472.2901
165.69579	494.84576
152.56946	475.99585
170.01352	423.3619
156.03433	432.58218
158.06851	419.9269
166.57065	429.9317
159.28018	426.38477
166.49448	417.26285
161.36588	436.64487
156.5115	413.83234
174.54811	430.13458
151.30774	429.98404
164.7173	412.34918
167.97798	436.3654
151.04659	422.59552
174.93912	419.42245
363.95248	391.80014
370.742	377.575
377.66016	381.91388
365.3598	382.53793
376.03763	373.26224
371.587	389.4139
364.53937	373.09348
384.65463	378.5808
358.31543	384.22028
373.01492	367.67227
379.7918	391.14105
356.99094	379.52106
384.47244	372.31976
367.8244	399.6902
360.5115	367.92523
383.94135	389.31305
356.16614	393.09833
376.9302	361.16498
378.77277	397.9969
353.28217	373.90408
389.47803	382.28998
361.5763	400.73837
368.4033	364.29376
390.17804	388.86884
351.5756	387.9669
383.449	366.21127
373.2536	398.77136
354.31506	366.5172
610.87	382.88327
600.7589	386.4078
611.86536	376.54156
611.9276	388.8166
604.14	378.91605
620.2547	376.9317
605.7544	392.0196
605.07935	371.7501
618.9981	385.2631
593.7047	385.2379
614.1456	365.16437
612.94995	395.4256
595.8168	373.65976
625.6173	377.33185
595.74524	393.0352
606.58716	364.86685
619.68286	394.12015
596.20667	379.16827
617.8284	370.70605
606.2035	398.92355
597.9661	368.77765
625.3711	384.78162
715.376	383.825
718.7312	376.55853
721.4951	385.1286
710.8049	378.8604
727.2423	376.10675
716.0557	392.08035
717.25806	369.3166
729.27185	387.50824
705.98914	383.33612
725.0509	370.25668
723.1517	392.3491
709.1781	372.75125
728.773	381.4903
709.87805	389.83456
160.95984	524.0431
170.7582	539.89185
157.38635	530.775
172.08139	528.168
158.54506	541.3529
154.20279	525.6667
169.5524	533.42535
154.71362	536.1953
167.10124	525.2928
164.11314	539.5963
449.52173	378.17462
462.37616	377.7866
453.652	386.88278
456.0207	375.54172
461.80014	386.54453
449.42114	384.22272
468.6024	376.72095
458.72583	391.6551
451.38535	371.8826
469.2396	384.24728
445.2392	388.92007
457.92813	368.74368
466.10016	392.65662
441.26767	376.54742
472.03818	369.18726
452.15033	396.32983
449.69247	365.14343
474.4337	387.95663
439.30096	384.62686
464.74814	368.44403
459.3243	401.38324
442.66187	370.20154
475.0578	378.53235
444.48672	395.1994
459.2254	362.1241
469.34122	398.00864
529.9916	384.0361
539.1777	379.75848
535.887	387.3404
530.50726	363.9638
547.19403	389.02692
524.144	387.86377
539.23395	372.4313
539.9378	391.22708
529.9631	376.18866
552.5569	375.65988
531.5449	395.7568
532.3769	369.83057
553.41296	386.23056
518.78143	384.7065
547.4061	367.4765
537.722	398.52295
522.20496	371.36923
547.0996	382.46146
524.7397	393.97192
539.8981	366.38925
545.59436	395.3106
523.1343	377.3676
546.08344	375.01804
794.7289	388.14056
791.81836	373.7525
802.87976	385.30933
787.87244	382.84045
802.6275	373.9318
799.9906	390.717
786.31775	377.18225
803.6107	379.9399
788.5937	389.87018
797.0292	374.84836
165.1113	276.74008
158.96634	274.4433
174.90459	261.98734
156.69127	279.75214
158.98949	261.31046
174.1531	274.61194
148.02232	281.278
161.7623	267.13834
166.15166	284.60706
155.02676	269.28082
179.89322	264.12845
158.17862	290.5478
155.93451	255.61673
181.70255	279.69455
147.42863	274.4269
166.23494	256.1565
170.26848	290.06168
148.93881	260.30466
173.77364	269.24
154.35727	285.28
166.9501	263.6065
174.722	281.1217
147.11537	268.42908
169.62616	54.497425
157.1294	65.02595
154.71277	53.45055
165.44057	66.52217
160.78331	57.681145
164.92035	49.92876
173.55489	74.861374
150.59387	57.520123
177.08893	56.77453
155.36574	71.60702
160.81813	38.141914
180.34367	69.62269
145.72694	69.153854
173.7616	49.386803
160.99178	82.10515
149.55289	47.84029
171.87456	63.473724
141.72737	71.23695
168.22733	42.719154
169.94768	81.554825
142.01018	51.979267
185.37659	51.975086
156.24321	75.86754
153.2731	43.740463
182.25926	61.035027
141.27225	57.931965
177.74881	43.821846
165.50552	73.238144
148.18796	163.12459
166.91187	173.28595
159.689	176.91333
162.10825	158.13396
171.4956	183.15263
156.44144	169.47481
172.71938	164.4813
160.42616	187.86368
161.88391	164.68967
173.53148	170.04367
151.6965	179.59618
168.27158	157.53175
167.53842	188.99149
144.31448	169.3489
181.37872	168.85085
154.97992	187.94559
162.53854	151.55399
178.43327	184.25238
149.04715	173.11107
175.3875	156.95023
164.85382	180.39334
153.4628	157.45891
178.26248	175.8962
144.19728	180.56662
163.16241	355.71967
168.07446	366.509
149.65512	355.4425
171.00494	354.58868
160.43979	368.32422
158.44206	353.294
166.63824	361.41534
154.18549	364.8764
165.5183	345.02884
167.56674	372.90778
150.70764	349.21088
176.14711	357.42908
155.76167	371.40952
158.58432	346.64465
176.60394	363.86224
151.78424	360.55362
172.05602	347.2265
762.787	391.503
750.7185	373.84708
770.5397	379.49652
752.32654	390.07965
762.8331	374.61957
769.4042	389.4646
754.45667	379.11215
768.10144	372.86075
758.0262	387.92813
757.8745	372.14334
766.09393	383.3756
750.0621	383.3986
166.25336	566.87213
164.39647	581.3988
153.93658	570.63635
169.81508	576.45276
153.5315	579.45215
159.64522	566.21466
170.38452	583.13257
159.40613	574.5953
171.6543	570.5927
159.23999	583.6333
731.05457	50.54296
735.65845	56.17801
727.71014	71.78651
739.95087	46.541763
730.0707	62.722088
724.7069	49.888885
756.8251	53.48064
735.69196	68.02959
729.8175	44.221058
751.548	72.65521
724.1752	62.54605
742.57404	53.803173
736.15344	76.69551
724.7337	39.329124
753.8202	63.14455
718.8855	71.68342
740.9468	38.935455
741.00214	65.10421
716.28687	55.526527
748.5665	53.331673
725.98303	80.38468
733.0675	38.11838
747.2527	67.22621
718.2756	63.82649
748.89185	43.770798
743.55444	73.71315
718.4295	46.33926
678.0594	380.27032
664.6251	389.5963
667.10645	377.6438
679.3196	389.84302
664.3051	384.04755
675.8374	372.965
672.6361	383.84793
661.0287	372.89557
683.56274	384.00626
658.16223	387.30295
672.21674	369.422
674.67694	393.9032
656.82666	379.16132
681.2722	374.6197
666.9211	395.2012
666.2991	368.2462
460.9458	98.889275
442.30933	82.91661
455.54916	57.87995
457.42944	92.77167
431.78726	67.33661
460.60098	85.94806
431.576	98.64538
455.3155	78.978546
455.74957	104.45491
437.4099	73.82918
473.95874	78.29555
437.3517	96.33128
436.12094	61.994896
466.64957	94.7375
439.71573	89.11431
452.88046	69.01621
450.2893	90.999466
427.45044	76.79949
461.2387	74.86922
443.93182	99.39339
441.19922	66.73012
470.6002	83.74163
430.47723	84.46038
461.74536	66.959724
448.32318	104.1391
447.2054	76.91079
466.3227	78.32302
427.61954	90.00404
442.8265	59.95922
