170.02983	408.24622
161.37376	411.6375
165.60435	403.50598
169.41946	415.3435
157.61615	403.90717
173.5134	400.52457
162.11252	419.0582
158.10146	397.6905
176.67604	411.4752
152.29886	414.85727
168.15974	394.88184
166.24124	423.5568
150.34207	400.59702
178.86514	403.75348
155.22617	419.73932
163.08101	395.241
174.158	419.19263
151.78894	407.90027
536.15656	376.09995
529.3212	381.56366
529.5611	373.48178
538.0832	381.63824
523.43506	384.39587
536.72754	368.89557
535.9109	389.02692
522.85974	373.8643
543.4687	375.42035
526.4398	390.47415
528.6399	364.17645
547.46	387.413
517.1707	382.9564
543.27466	367.14313
536.9932	396.21985
521.43866	367.4678
547.4826	381.36572
520.11066	390.96637
534.94476	362.38663
543.057	392.13342
516.8372	375.32587
549.9195	372.26434
530.33276	395.23196
164.99551	536.28735
173.11626	539.109
159.69397	541.6313
166.55399	528.9708
166.77689	542.986
155.99324	535.4718
174.8533	533.9148
158.41562	549.61
160.66446	527.0819
174.29945	546.50793
152.09677	541.384
172.90804	527.7739
165.95001	550.1152
154.09474	529.4775
796.6546	379.32858
785.6644	388.17596
791.7775	373.32797
796.9106	388.31085
785.1053	376.85587
801.70496	375.0683
791.3518	386.77097
785.52374	370.14423
802.0931	384.08655
783.12213	382.20087
796.65735	370.26526
753.92084	384.33997
746.6194	376.2199
755.6715	377.0456
744.8915	389.91425
751.0136	371.24237
761.9794	387.21646
747.50885	382.4709
760.59906	370.6245
751.22766	391.08994
744.99896	367.6435
764.5394	381.62738
739.72516	383.86096
755.5023	366.45175
758.23566	391.7453
739.88873	375.94202
764.6101	375.68295
164.04681	256.74426
160.71756	250.74728
177.37859	262.10126
152.22876	251.65596
168.65407	250.49776
167.49803	262.5119
157.27983	244.64444
175.36748	254.81071
156.52725	259.00537
165.70071	243.9615
172.04068	265.8015
145.3157	250.2449
174.85315	243.09334
161.37259	267.51947
156.22313	236.82637
182.35118	256.2234
148.94943	260.97607
174.23985	236.6886
167.34239	273.1847
150.86038	243.18771
180.4923	248.95169
152.80035	266.7506
164.40948	237.78606
597.4028	383.3962
590.1796	377.70062
601.16583	376.16183
590.4973	384.75934
589.01025	372.1243
605.92883	382.62143
585.669	388.40717
596.68494	370.74347
601.27625	390.62228
582.4224	377.32675
606.7455	369.19974
589.5727	393.47833
592.0287	365.57294
607.66223	389.37808
581.01227	384.7569
600.145	365.21725
595.97833	393.47284
582.7122	370.07745
609.4394	377.5954
442.82184	81.58928
457.18588	79.24157
459.57114	91.362335
435.4174	88.442184
462.7627	62.000572
449.1876	87.06509
448.2317	65.16533
462.92743	82.86746
430.30322	84.20417
448.7149	78.969925
460.42938	97.7382
444.20654	72.60774
472.77417	77.99123
440.74164	103.64797
440.64935	61.172485
470.58334	93.69324
430.5188	75.792465
455.65887	63.752373
441.1435	93.85869
431.1502	66.98324
463.7444	73.31615
431.17032	95.433655
451.66016	58.869972
453.32925	103.25508
438.58545	70.53816
465.83453	67.356705
450.1223	98.81212
437.29233	57.307446
466.07535	87.30382
424.84683	87.7787
735.96655	48.22455
732.90466	58.92434
720.0548	52.585197
736.8593	52.467964
725.1751	63.57012
727.697	49.704464
738.3506	62.67147
724.96204	57.53061
747.7688	49.113243
736.1749	69.71525
729.51996	40.508354
745.3811	56.974255
718.7022	59.707966
735.8373	40.06856
742.3446	71.96491
714.6263	48.354847
751.7869	44.66079
727.8343	70.24208
726.56525	33.87814
751.49146	65.05849
711.5081	59.037434
745.07367	40.953274
732.9491	76.908005
723.7074	41.917095
753.9914	56.1211
717.75916	67.61229
738.5734	34.894264
745.6683	64.77389
364.3233	375.35715
380.90234	376.3688
366.41132	381.83417
373.17532	376.7307
379.80133	384.03876
364.39966	390.0695
375.3503	367.1943
370.8946	387.0019
358.5926	371.83905
393.30908	376.30585
365.0917	398.1332
367.55402	368.48203
383.47833	390.3537
357.50256	382.54822
382.477	371.83087
376.8528	392.60233
363.4784	362.4128
388.28882	380.7994
358.96063	392.88934
376.2414	360.54156
387.9228	394.52756
353.51642	374.71704
388.91827	369.2411
372.413	397.61322
369.0279	361.4609
390.28036	386.76483
352.31528	384.74158
384.1023	364.67682
377.9262	400.41745
356.99567	366.36523
173.54343	336.1452
154.12999	347.46368
163.34686	331.47644
173.13065	346.62454
158.28381	333.82715
168.0615	328.92053
162.92117	340.81732
154.53452	324.89008
169.76732	340.46014
152.80273	341.66006
167.63289	321.14093
167.41667	350.39117
149.60065	331.27737
177.35332	331.31277
160.87845	349.33978
161.50217	322.17877
178.56516	340.26727
151.37013	336.16238
174.31961	324.68317
459.16168	381.34277
448.53525	374.61047
467.91724	374.38177
450.72208	392.45273
459.9629	375.74307
465.08643	385.31012
452.5244	381.95782
474.61166	368.8121
457.26474	390.52747
454.3247	370.82132
472.57013	380.85486
447.30615	383.9162
465.43793	364.63165
461.93506	394.00754
444.06598	368.67163
475.04474	374.64664
445.46362	396.02902
454.99127	363.96985
471.28384	390.25333
441.3163	380.17743
464.1481	369.82184
456.09418	399.92218
449.28598	361.45544
478.39862	384.12152
441.0481	389.28217
460.3255	359.94763
467.68295	395.84235
439.9519	374.0543
716.91125	375.34418
701.63446	382.7321
701.2868	370.10083
710.2663	383.7504
696.5722	382.07022
706.2174	366.43982
705.0695	388.32025
693.57806	374.4747
710.97327	376.58673
692.8527	388.38065
704.3524	376.08124
710.4748	392.18976
689.78436	380.1007
712.9535	368.87384
700.006	392.2806
695.5253	368.4619
717.0291	385.55954
153.9471	479.13403
169.25533	473.6717
165.52005	482.16226
155.67929	470.10645
177.31438	473.4091
160.23456	485.5517
163.07924	467.9122
177.52945	483.00424
161.86871	475.77972
174.07045	466.86142
161.60854	492.93085
156.20192	463.77277
171.53314	480.23868
154.1171	486.03336
167.49875	465.1194
171.68576	489.25302
151.09747	474.90802
175.41525	46.28759
164.62997	59.092815
159.05714	56.51062
179.49718	59.417553
152.57178	57.884743
167.78983	53.28539
171.34727	65.05693
146.09566	47.678604
172.66797	58.404713
158.08835	65.123344
164.08	43.72834
175.91368	77.09031
152.56482	50.75173
169.97763	44.541374
158.88814	70.55758
157.58629	45.510597
185.91714	57.023388
150.17714	68.76222
170.214	37.656612
167.07822	69.8361
143.60414	55.904713
180.49391	51.61593
157.73901	76.95821
158.793	36.222973
181.21765	67.60481
145.44614	62.91457
179.17477	43.638626
165.33855	77.77538
151.46335	40.989395
655.61035	380.10077
644.04095	386.17337
650.292	373.4338
656.91754	387.33038
645.16394	377.6037
657.06335	374.7743
650.9193	386.00775
641.15674	369.0943
664.48376	381.31775
638.3772	388.08527
653.9983	366.21246
653.5112	394.41034
636.46423	374.7304
664.4993	374.80008
646.0666	393.69354
647.5775	365.61624
663.6937	388.19797
638.51276	380.89972
659.5269	368.38367
164.29172	164.44943
147.5126	157.10686
168.251	157.3689
148.11218	169.70004
169.06296	150.07173
171.77632	175.54199
157.02286	160.32927
176.93018	152.87724
160.58237	176.66135
157.72266	154.12006
175.45383	166.06726
148.24371	162.76164
167.09958	143.13284
169.46884	167.2003
147.57455	150.75877
180.50859	158.11058
155.4791	173.6788
161.92575	147.55682
178.46361	174.24985
156.71924	167.34352
176.11325	146.9213
166.30779	177.32043
155.09819	145.74506
181.36314	164.34915
724.73627	135.5141
735.06213	122.22353
737.74976	137.56741
724.29456	125.36729
739.1638	128.05823
731.4422	138.49461
729.25543	122.216446
742.67065	133.12677
728.61676	130.48686
741.9339	122.45038
