166.36472	536.92255
160.54695	538.3482
163.45206	529.8
171.33923	542.59845
154.53082	532.82605
173.05383	530.7269
159.82364	545.97107
158.2435	526.7317
175.33073	537.05524
153.73615	539.8674
168.45827	526.26074
166.73062	546.9495
795.408	378.0823
801.8107	378.3366
791.37805	386.05865
799.7635	370.23685
802.8651	386.8298
788.671	378.9436
806.7633	373.8553
797.39496	387.2827
791.91455	371.279
807.52704	382.50586
703.313	381.39145
710.6568	373.23428
710.2979	383.30008
703.77716	375.87195
715.9131	377.2213
706.11725	389.2035
705.7543	367.09637
718.2765	384.22842
695.6545	384.03464
720.42523	371.5199
710.96625	392.14047
699.0705	369.35226
722.8208	379.47894
700.2022	390.3323
712.32434	365.5251
717.95013	390.2598
696.183	376.66147
452.2748	375.2746
448.35953	385.2883
445.30597	376.79276
456.26547	383.12738
441.19452	383.18997
453.59766	368.84503
452.85806	390.77606
437.76202	374.29755
460.5399	377.22433
443.5069	391.9437
445.52667	369.26978
462.04044	383.9521
434.1146	384.22516
460.53558	364.8841
455.15005	397.54684
436.63507	367.46606
467.02094	375.67554
436.34708	389.99005
453.3322	362.06158
461.3238	391.487
433.28442	376.9673
464.618	370.2315
446.16656	396.90112
445.0183	362.06924
467.7486	386.63345
154.87897	483.45938
166.69485	472.31772
165.7877	483.37494
163.11665	478.6338
172.9526	477.80182
158.94281	491.34833
162.04677	466.6057
176.82645	487.92838
150.18132	478.22272
176.30522	470.732
165.44554	492.17267
154.27116	467.91904
176.62976	481.75153
153.00204	488.87955
170.19148	466.38022
171.33905	490.2985
154.89465	474.24594
173.53537	44.35062
162.80103	61.68902
162.50615	40.391457
169.24835	53.351917
158.17311	56.045666
162.65042	51.35261
167.37643	69.04159
156.53339	41.057453
182.01271	62.66645
151.93626	56.33863
168.11172	42.48731
169.31332	59.67351
153.68604	50.52796
177.2402	50.87429
158.88504	67.1804
150.33578	39.96766
179.85062	54.891407
146.97708	62.239708
170.3825	36.401993
172.04909	71.7439
146.27026	47.42324
182.81604	44.648163
155.21463	74.16492
159.95447	33.597485
175.53743	63.511578
143.92209	54.372295
177.49171	36.241825
165.96855	163.85614
162.13712	151.23459
169.81285	157.3287
161.83171	158.95827
169.63103	145.24858
177.59407	171.45639
152.79025	151.82643
173.30725	153.06729
153.37483	167.40756
161.55385	145.40976
178.40147	157.28322
146.10435	149.70438
169.48593	137.74219
167.76514	172.61565
151.68636	142.48172
180.15833	148.63242
148.05434	165.41289
161.87411	137.3554
172.72015	164.2187
155.3613	159.58847
177.03279	142.38443
161.62537	169.60141
156.01596	138.18077
184.65855	156.77649
146.36778	158.0303
370.49176	369.1511
375.59442	394.5342
363.83246	372.49673
375.4005	380.28473
364.9062	388.7631
369.8493	376.32022
380.40338	385.221
369.9001	382.41406
381.63037	370.69897
371.00116	389.26697
360.3158	368.80972
381.45392	377.40192
358.8929	385.51105
376.05682	360.05124
382.1661	391.6996
354.4408	374.32825
388.86664	371.31635
363.61258	397.67914
363.61316	361.8837
389.30072	384.85767
351.852	385.50757
381.2499	364.33514
372.68478	400.07843
354.24652	367.22418
389.36044	378.57117
358.49628	393.39648
370.65594	362.66864
388.03058	391.22797
352.45938	379.56714
174.4077	329.20166
162.66212	347.78912
159.83797	333.4449
173.638	342.47177
150.92097	342.69913
168.423	333.80676
167.7325	340.77145
160.83517	339.60205
178.15929	335.30933
158.85564	352.65665
156.97545	323.7387
174.4722	349.72232
151.19821	336.90662
167.8676	323.686
167.92593	352.04016
150.81253	330.79996
180.98062	342.40204
153.06511	348.656
163.3221	327.64487
742.7894	62.823914
724.2885	46.31948
730.86597	46.808083
732.9695	53.3946
732.9215	39.734
741.11816	52.474373
721.84344	52.38554
743.0321	38.56175
735.48254	62.77657
721.86194	39.979515
750.5492	49.9197
727.0176	59.994743
739.6435	46.048164
749.95013	60.835144
714.8634	58.690315
744.30554	32.633442
732.1291	68.542946
720.3199	33.904552
749.5897	55.398247
722.25574	62.272713
736.06323	35.221474
741.5836	68.26164
713.7367	49.976593
750.0597	43.602257
725.755	68.68126
728.09973	34.09319
765.877	383.07068
751.1108	380.64767
761.193	373.3
758.5917	383.2897
753.9205	374.68958
766.6218	376.90118
749.47394	390.36823
756.7469	367.91425
767.91565	389.20657
745.75287	375.3775
769.6521	371.31464
755.6532	391.50424
750.1481	368.62177
772.9961	381.92877
745.6835	384.44073
763.8936	366.38998
761.7744	392.33093
513.97644	376.16998
534.69666	376.62427
520.2067	388.96506
522.6988	378.70178
537.34656	390.13336
517.78906	382.4214
532.12946	365.15363
527.41113	384.92255
513.41315	369.62222
533.91437	383.6324
512.989	389.50128
526.9164	373.77283
532.61914	395.9485
506.72906	376.9195
536.7031	369.02536
521.7202	396.4435
518.4326	363.15683
540.6933	383.22156
508.00595	383.5771
526.6737	363.0058
527.32526	392.69464
510.15518	365.60175
541.61206	374.5208
509.59073	394.2988
522.96533	369.00226
168.5536	416.16373
159.03796	410.29794
175.9779	401.2124
162.24162	416.77798
158.57239	401.99933
170.7522	409.16486
154.18301	420.7753
165.3446	406.35666
174.68741	422.01718
153.45268	408.07098
178.244	409.44232
160.55853	424.25253
161.69817	396.73273
176.21866	415.3773
151.17435	414.3584
168.5613	397.4914
167.48172	424.68588
150.45203	402.6159
454.09628	84.68364
427.29962	90.97664
446.99933	72.32437
469.3207	93.46095
441.54272	83.313095
460.12726	72.3659
446.5293	89.82915
439.294	60.192635
460.996	78.87735
428.53644	76.79466
453.06885	76.375496
458.8484	91.18226
434.74506	71.716064
470.37906	73.16563
439.367	89.24428
452.1604	67.668175
455.10806	98.951546
439.67993	78.077805
457.95004	58.355553
441.1823	99.30878
436.33652	66.305565
474.171	81.426125
432.76788	99.820175
450.38696	60.731056
447.61957	96.165276
422.42633	82.9658
466.7591	66.53966
449.4798	103.41245
444.92105	60.55108
465.1271	83.080505
150.73605	260.3032
172.0103	235.46265
165.20273	262.68134
152.04457	249.70334
170.86308	256.00357
156.06711	262.568
164.69426	246.55095
177.22012	261.08542
156.80579	255.03545
178.82297	242.20264
163.43877	255.34497
156.68118	245.02434
175.72598	251.19107
151.05415	266.4155
165.7908	234.12656
176.02255	268.30774
146.85812	243.72632
182.3396	249.2304
162.28946	270.3243
160.9369	238.95529
180.97107	257.1467
146.81389	252.32095
170.95857	243.98587
168.1005	268.11554
152.76244	237.08029
660.30493	378.2451
650.65106	387.91562
653.30023	377.2966
663.97174	390.22653
643.18884	376.71692
665.60474	372.84674
654.9941	384.5101
650.7122	370.18582
666.4131	381.96234
642.399	386.97665
658.2896	368.6437
657.9866	392.22733
643.0728	370.58478
670.4752	376.92047
650.8529	393.79642
652.03235	364.4827
668.78046	387.02756
645.95685	382.4907
665.3416	367.1185
599.7123	384.2813
588.12775	376.544
598.4762	377.8947
591.0123	383.6277
596.7958	372.43985
603.2438	394.25015
578.61	376.08554
610.6888	372.04105
592.5608	390.05103
591.1025	369.75885
612.2434	382.2159
580.1039	386.49448
598.3946	366.24045
598.1745	392.4287
581.11224	371.11252
606.59015	378.87564
582.9315	392.22318
591.2633	363.17303
606.03394	387.94873
582.8514	380.64374
605.76697	367.3236
590.0025	396.2166
584.73035	366.11734
738.35065	127.54347
724.9906	128.57077
735.57434	119.953636
737.04706	135.43932
725.996	116.927284
743.8035	122.68978
727.2149	135.99553
731.48615	116.4586
743.5603	130.96935
722.9414	122.832504
740.3723	115.7402
731.41003	130.11469
