743.2276	63.618336
725.0763	57.873352
748.03955	54.012157
742.97595	73.81902
734.3221	51.12405
755.7404	57.464058
731.53827	70.40621
741.6932	51.520325
759.4961	63.94864
724.2314	65.72843
734.80865	45.788006
748.8693	70.60363
723.8319	51.023594
758.9712	52.830097
740.7703	87.482506
735.6175	38.92357
754.8263	74.93464
737.8303	58.754578
750.2708	47.77417
729.3121	80.19328
728.4794	45.009785
370.68573	388.00748
374.12354	401.1932
381.35928	386.97992
379.9492	397.38922
360.59857	390.12558
385.24078	381.19864
369.4633	392.53165
378.01956	377.28207
386.34018	390.81433
353.94684	385.22244
369.61575	368.0944
360.85806	399.73532
364.87726	384.65546
390.0428	383.70816
354.1402	403.8028
364.32587	370.51956
377.79767	408.0531
347.78476	386.44464
384.12534	372.47824
361.3488	410.34335
357.6635	373.98373
389.03192	397.33807
352.52322	396.90027
377.24548	370.29263
371.65033	411.20575
351.8813	379.3882
167.42192	547.9894
154.70682	563.46027
154.13333	543.16077
164.65463	562.5957
152.55579	553.71204
158.9236	546.03156
158.44356	557.77026
148.70279	548.73553
165.50435	555.5285
148.00258	558.7533
166.27393	300.76645
164.9337	321.0843
148.89285	298.09314
158.07039	307.84708
148.14401	321.3937
153.19081	302.4457
162.38507	312.81766
139.09448	310.84274
161.84073	289.8526
171.65536	323.69537
143.65826	291.74054
179.7005	301.01346
146.4622	309.14972
149.28867	286.37305
168.98788	313.0355
140.99046	301.1462
168.47723	294.00235
155.92345	317.08884
152.7435	293.33258
174.91241	304.9277
153.69856	415.10638
162.96228	399.58038
158.72725	417.72354
143.85104	405.73492
159.53835	406.66193
158.15648	424.3021
146.45468	392.38028
173.34372	402.79266
139.50323	411.34894
169.90128	398.4837
165.01117	424.1662
149.09183	399.36444
166.62262	411.14493
146.45575	421.91388
155.02364	399.27765
169.88684	420.83096
150.44171	411.08075
168.06493	484.21533
154.06644	502.2477
148.62764	482.94043
163.23477	491.4266
144.63683	490.0534
157.3946	478.4756
158.44612	496.51514
151.61542	489.45547
168.31831	495.18774
149.68066	499.16864
158.15244	486.71445
164.29692	502.4816
469.847	383.97647
471.8777	373.8424
479.72046	405.92108
459.93365	371.96817
473.16534	398.2344
462.95697	395.95694
478.12753	386.27313
466.42285	390.78415
451.87506	387.51447
483.78754	378.92523
465.4743	402.7435
461.96637	382.08954
483.59808	392.085
452.2579	398.10745
478.68423	370.24896
470.8152	407.18024
455.52158	382.4562
486.3929	386.45093
457.37378	398.7225
466.34076	374.70422
479.07422	399.9892
699.8124	390.26227
716.45984	381.09103
705.8695	390.22485
698.7994	376.59442
711.25574	392.68304
695.261	396.04242
709.8035	378.71466
710.8292	399.2703
696.72473	384.9665
716.9236	386.45505
703.5945	400.0372
703.0442	382.20575
718.4051	394.42685
747.49634	390.0098
764.7751	384.68976
763.7591	402.06714
748.8988	385.2855
763.69403	389.93964
752.6167	396.26666
764.0016	378.2796
767.87494	394.6634
756.2417	387.69263
771.64764	384.6233
759.13367	395.87103
754.72034	378.4138
159.87167	53.431965
154.69557	69.098404
164.33023	72.57477
153.61319	90.33142
145.90665	55.443798
170.36804	67.05005
151.73471	82.33046
157.7376	65.51635
171.72154	80.77839
154.29388	50.90977
166.9075	52.73985
145.4153	75.4093
146.60742	48.86129
180.36136	43.99965
143.53467	71.37102
160.8308	45.709255
158.20427	73.640854
139.84785	61.53068
171.03455	57.3414
162.5286	80.330734
156.74976	40.635017
176.38797	72.43786
134.08232	66.37377
650.9743	374.87262
641.1891	395.1688
628.2437	383.54373
648.2505	391.54315
633.22107	393.5586
633.9425	378.65427
648.5587	398.3687
636.4176	386.91257
641.0907	383.46536
637.6691	403.29987
640.63477	375.5315
655.0194	391.10678
625.4679	390.83197
649.2675	381.7623
654.9541	401.34515
625.6409	376.8985
654.8896	385.56732
628.4205	400.6957
159.978	178.47705
170.73117	197.93103
146.6309	191.41061
175.69022	178.20917
159.10855	193.34145
142.77982	176.82799
171.32445	182.09772
137.94284	193.19138
159.13834	184.18163
159.3095	199.54735
139.66132	184.13884
152.73769	191.12782
149.86661	211.31194
147.34967	171.2651
177.58334	187.91971
153.67203	201.53702
165.3422	168.3942
165.01953	211.38892
149.38754	185.14117
171.78896	190.78
143.47256	201.272
559.72046	388.61865
568.00836	402.247
548.07117	389.12018
568.7915	375.95425
562.26874	395.74106
558.4115	373.17035
569.3622	393.41656
543.4806	394.40604
553.7443	381.88284
558.658	402.5047
540.5596	383.12433
578.08984	383.20914
554.87195	399.24307
555.2937	367.4634
577.61066	394.2688
555.68335	389.73706
562.86127	379.01862
555.9739	409.9314
549.1645	376.5535
565.5043	383.70764
544.9369	402.34778
443.15167	71.04296
466.76596	94.24012
454.31488	79.744804
442.92438	90.75616
443.521	105.12858
457.92694	71.82917
461.98666	104.36306
441.30542	100.03172
472.52435	80.65544
452.8745	118.99691
439.7874	86.13484
463.53574	78.84056
430.58795	89.24595
445.10693	60.2174
468.58588	107.648476
417.9459	84.23434
451.07916	92.76794
452.61807	98.83073
425.02374	91.171425
477.87735	94.02447
431.53583	101.38212
453.2995	61.651104
455.88007	107.595505
433.90546	77.81018
467.77246	85.443954
443.16098	119.3541
429.11548	69.56541
812.2693	391.2456
797.7936	391.27338
809.40875	378.41013
804.5272	393.67255
801.621	380.3321
816.15076	384.91302
803.25183	399.49823
807.6048	384.84338
812.0543	398.26117
797.3507	385.48474
