164.47862	389.16843
160.11435	403.07013
166.95895	381.91418
169.92995	404.2147
158.14738	395.69678
169.39359	395.68787
162.17215	412.49127
152.9781	391.98557
177.3002	407.6723
152.75092	400.91153
170.37068	377.8028
167.03964	408.65475
147.21985	384.86084
180.67963	391.6605
148.87704	409.63144
160.30138	383.88593
170.5131	413.66626
144.11914	392.0211
175.4127	387.13235
154.46115	413.54175
153.90393	383.70984
178.7704	400.77826
145.20938	401.5909
379.14377	374.96033
380.88748	386.16104
363.68774	375.95874
372.19757	385.19556
369.1391	396.7254
368.85046	370.63626
384.1654	392.61554
367.8513	382.3924
381.02344	366.93863
378.7109	392.5325
353.64294	374.12924
381.94284	377.79437
363.80447	395.96744
363.78354	366.87213
383.5612	398.31827
360.94327	385.01212
385.64407	365.93698
362.34418	404.03415
358.26508	368.71887
386.6452	381.38828
351.01172	390.02585
375.09998	364.42795
374.8664	400.44244
348.731	380.86835
392.1844	374.28455
353.41815	397.77145
367.39508	361.20306
391.88983	391.18738
353.89328	383.83646
164.6103	63.114677
150.8273	73.07391
145.03696	47.91699
163.70137	68.06376
153.26984	54.26406
155.55904	40.52754
172.07585	71.51333
162.46613	55.884094
170.40387	59.553265
160.01573	78.208824
173.75487	52.75573
181.4241	64.96904
152.11377	63.950603
171.1708	44.15147
168.94662	78.8651
148.08641	56.67981
183.576	52.296307
140.7921	77.36435
161.9218	36.211662
180.84795	73.74694
140.52429	65.24513
179.34253	48.039783
161.53763	86.104836
144.9227	39.273476
185.79398	69.92125
145.06766	72.98677
161.4545	45.029686
181.17352	81.273994
141.69168	56.570778
456.7874	381.62082
471.03482	394.87192
453.60065	374.04153
471.2661	382.28372
457.73746	388.09238
469.576	364.9102
465.82062	387.99872
449.37027	376.73508
477.6253	376.27765
450.39755	391.74435
460.87256	373.81036
464.39932	401.38605
441.53467	377.16696
468.17285	375.14944
454.4021	395.38107
454.8274	366.19165
477.90552	385.64352
442.4528	391.28156
465.31	362.1442
474.8152	401.69806
445.88226	370.6902
481.7608	380.91913
448.01456	399.30658
458.03375	360.65228
477.76312	391.00452
445.0866	383.63867
474.45792	370.66898
458.29803	400.3101
160.22137	476.52377
167.11658	486.07404
152.47069	490.37036
168.69199	480.97992
168.84982	496.3121
155.00456	481.09586
173.20126	470.76685
159.34366	486.70322
155.29984	469.12262
174.73694	487.86237
146.29327	483.058
166.48062	474.3195
163.16714	492.683
149.9404	476.23325
175.54478	480.17114
157.03093	495.67993
162.47891	468.37857
814.41223	388.53204
799.80695	381.05048
811.91565	372.89633
804.2731	385.5302
802.7543	372.0686
810.5265	383.81262
794.4957	385.52057
807.6361	377.57413
807.187	393.44025
795.66797	375.17975
816.2781	380.28622
800.3393	391.5977
444.49713	71.95238
455.05435	98.414665
434.8523	83.01369
439.69476	57.649773
449.55573	114.108925
429.31778	74.347565
456.5392	75.1864
435.9621	98.28373
446.27017	89.34747
465.32275	84.83113
447.84668	82.80059
473.59772	70.297165
458.7994	88.649315
433.99063	60.343353
478.77094	81.37563
436.26617	90.36773
449.86035	79.45633
447.82623	97.53926
416.3806	80.92915
472.32584	84.31226
433.01337	107.186134
453.1205	57.384235
461.7885	104.08801
425.28946	86.384964
469.43866	61.951366
442.66473	105.85872
439.88052	69.11234
470.3847	94.29263
437.43735	74.32057
462.52084	67.02461
176.80452	203.1214
146.75117	172.35196
166.87918	163.52715
156.63617	197.52046
160.14252	176.3326
186.66199	189.77562
149.26167	181.42996
165.99481	181.80014
163.13974	185.90065
158.5173	170.85622
175.69037	179.26079
157.97769	189.95822
159.75946	154.74109
168.23752	206.61877
150.3343	194.61716
169.50076	173.07144
163.34933	196.7419
153.94936	160.83395
177.49454	184.13986
139.15536	190.50815
175.99362	166.23505
168.21164	194.68951
141.75833	178.4774
183.23872	172.92838
151.76425	201.19162
151.80374	168.759
180.9734	194.54497
143.01186	185.44696
167.8305	286.8028
160.92776	308.99496
153.76343	290.4096
165.07341	302.53592
152.27429	295.9284
161.99368	292.2985
177.47885	302.9291
148.74327	273.29865
174.48709	293.684
154.91034	304.1369
154.9752	285.50787
169.681	297.36935
146.64206	302.2015
168.5693	275.97696
170.33826	315.994
144.64944	284.84143
183.13957	295.16135
155.28873	316.85382
159.00134	280.86273
174.07199	311.95108
140.97292	299.97882
175.26755	279.14996
156.94522	312.32324
156.04906	275.54306
176.70023	286.57416
539.263	382.55862
553.26575	373.67236
547.1023	389.7755
543.81726	378.05862
557.9594	381.8213
542.3371	394.92062
546.78644	369.63318
555.95197	391.75073
530.35284	393.2681
563.0669	374.72565
561.06464	385.13995
539.67914	371.7509
551.6634	384.50705
535.49915	397.38202
541.1453	364.4008
561.4757	398.4405
532.3065	379.39218
559.38007	367.09967
541.70233	403.70453
532.9463	372.44165
566.0232	388.3335
532.8858	386.5473
550.1508	360.71674
550.1759	397.23773
527.5123	376.41412
567.86475	380.00958
696.6643	387.74762
695.81055	369.53613
709.58923	394.0711
697.3982	380.29596
716.11084	375.87866
704.4676	385.51654
692.3946	376.39813
713.1132	388.3924
686.9012	391.9848
702.60223	378.7415
703.25684	391.85422
686.51917	380.09427
708.3941	376.93353
692.76624	396.2654
701.1609	365.20563
717.51404	383.93875
687.9797	385.9604
709.16864	367.8485
700.1358	397.28098
686.41833	372.03412
729.5157	59.25406
734.2876	70.699814
738.2384	54.752045
750.09827	66.100174
731.67334	53.030437
746.94885	45.609154
735.5316	77.52118
718.8553	48.127495
755.2964	59.911903
713.9161	68.00291
753.7092	45.891106
739.26245	86.189316
724.6619	64.773506
739.86707	64.93466
726.3574	70.249115
730.51416	46.137383
745.7343	75.41695
712.25916	58.80462
738.9936	41.145508
741.5097	72.0984
723.37885	41.567665
760.098	66.57265
716.33264	79.337685
748.3281	53.89098
749.68616	81.809784
722.7482	57.8518
743.7917	58.262054
730.41833	81.55803
729.5121	37.246464
764.18445	384.16367
745.8708	382.76273
764.0189	376.6375
761.254	388.74084
752.8536	376.9526
770.70013	379.14688
747.1966	391.3156
754.3302	370.19113
770.6947	390.5645
755.2735	381.8072
768.42114	369.9269
756.1565	394.16815
746.6553	373.5089
774.43085	383.09564
753.06824	388.22144
760.4266	370.68246
762.2345	395.21576
633.39233	383.94632
634.358	378.1983
624.9794	391.4549
623.63116	375.0346
635.57025	394.89297
609.8463	385.0462
641.50183	368.00107
629.9253	389.67532
620.50977	379.91336
639.92786	383.36386
620.9442	384.8957
631.314	372.34155
643.7528	395.3
612.7549	377.39334
647.5966	375.74542
625.2528	399.45782
620.39	368.63528
648.3098	386.9867
612.22314	391.4947
630.3982	365.8903
632.8683	400.51657
613.7186	369.1151
642.0156	376.66205
617.7122	394.97995
623.946	363.58258
172.76686	550.7712
159.13261	547.265
168.91362	535.6469
162.41823	554.40454
155.50589	541.29144
167.69157	546.4482
152.22096	551.49695
163.41383	539.76056
168.50497	556.21893
149.38321	542.20825
173.0945	540.64246
156.5007	556.52527
159.73457	534.0167
