160.87437	384.34424
165.07356	394.49265
172.49168	381.70148
171.55118	390.23547
158.37083	392.5677
178.2616	381.79233
171.50711	404.1126
164.79504	380.43686
178.68625	391.42297
150.8439	393.88043
180.98782	377.82025
171.69176	397.45184
155.39742	386.00217
183.44632	389.94858
162.726	403.0225
163.78673	373.83817
180.8211	399.991
164.05121	550.7621
170.57442	547.61383
174.0341	553.2114
158.2204	539.69995
182.7429	549.0775
162.73868	557.32434
172.44691	541.1918
172.08963	562.4872
158.79164	546.3583
178.16002	541.52625
166.8962	561.98987
165.28943	538.7375
179.3523	558.32056
156.5886	555.26874
859.0863	385.62024
856.94763	393.53702
851.1332	380.51147
868.0326	385.4543
850.333	395.7553
859.6157	376.3404
863.9054	395.73367
848.98456	384.8819
865.28186	379.68634
856.22705	399.627
851.6126	375.81305
868.7132	391.9525
845.4764	391.08484
788.9691	54.43885
795.4721	58.398674
785.2055	59.30121
801.52484	44.144863
786.644	73.84061
787.35065	43.86872
801.6526	68.48609
771.7102	63.53639
793.5418	48.29625
789.56647	66.625435
780.02716	45.1368
804.8164	62.937763
778.0927	62.111004
781.9451	34.672226
794.2772	76.56328
778.39526	53.268677
810.0719	51.366394
778.0116	70.258545
772.17957	52.943073
803.7609	53.938942
768.3115	46.973667
795.10657	36.623787
173.92593	300.99792
167.4121	287.01007
179.64404	302.77554
155.13268	300.61993
173.32805	291.19098
173.78033	310.33295
164.56735	294.59088
172.72255	284.78555
164.78401	314.06552
156.38223	292.62863
181.15196	307.11624
158.39021	309.47556
175.2667	279.46518
171.29008	316.29285
150.13338	294.84714
182.70279	288.7785
161.96472	305.4632
164.44626	281.3846
184.95448	296.4024
485.017	388.721
501.83478	384.0641
497.95294	399.97153
482.6373	384.7786
495.74683	389.49847
476.9624	392.57892
496.14502	379.00314
502.8819	402.02234
482.29584	374.22147
507.61273	377.8691
491.64868	394.39963
484.5927	369.3384
514.0427	392.1385
483.146	401.9931
491.4063	362.70038
497.06616	406.79465
475.79752	381.268
509.2042	386.44443
482.73325	407.8036
493.61606	373.97617
502.3393	392.1551
473.06818	386.62433
503.6353	371.81735
489.35498	400.0365
574.2211	377.4979
594.95447	388.90875
576.04584	393.26578
585.623	371.3886
590.6309	394.26093
582.01733	382.16525
581.05115	389.18365
572.07855	405.95193
571.1488	373.26364
599.51624	393.18265
566.38696	393.4551
595.00024	374.59235
585.2623	397.43762
569.3749	381.71317
597.7252	384.07364
575.9243	399.10278
579.74524	376.26874
586.1746	403.41364
572.4689	388.0269
588.3546	383.41705
655.5714	389.85687
651.6318	377.20648
673.2446	387.66278
644.60516	393.24164
668.73956	385.23032
664.04095	392.52472
657.19794	383.33325
681.3162	391.77036
650.84827	400.93024
661.78876	377.01715
674.73505	394.0329
650.1308	389.552
667.9459	373.78336
662.64484	404.10806
646.6737	383.39014
673.91394	378.90253
659.3595	396.0407
660.7558	369.40646
669.6904	399.04755
393.08347	391.5895
397.7754	372.78146
387.95807	407.0329
382.92145	387.34473
398.40277	389.54834
374.94012	400.04504
399.43073	366.25647
395.5916	396.95786
378.76337	381.0809
392.965	382.74286
380.56326	393.44394
384.88098	365.1225
401.1114	401.7394
372.22278	387.08365
404.72714	376.95755
394.8125	406.03235
382.62	377.51297
412.93124	382.38565
371.31207	392.22534
391.0102	376.23502
401.7853	409.86563
373.36777	377.92816
404.75006	387.385
381.0977	402.22284
384.3434	372.50592
410.03818	394.80814
732.1344	388.02753
743.9408	376.9699
737.2694	385.34204
729.9716	381.27795
743.03394	391.5593
727.5598	394.94196
735.85394	378.6202
744.2364	400.102
718.8501	388.45685
748.1396	383.00018
730.56604	402.9818
728.5391	373.60992
749.1177	393.7898
721.4427	397.6111
738.8244	372.0544
735.6735	397.87125
723.6532	381.11792
811.3992	384.40668
800.80994	389.0977
795.1639	374.94174
808.92175	394.98395
787.04346	389.49622
804.7694	374.50198
800.72253	396.96344
795.4573	385.58353
810.3054	390.4803
789.3757	395.77466
799.74097	380.82132
806.5101	400.1758
788.00964	379.4344
810.1593	378.40317
795.50885	399.65866
161.8334	181.5352
181.21823	199.76826
150.51117	199.9189
170.81866	177.56425
162.78087	191.74954
169.43227	187.82364
174.04213	189.88962
159.87343	199.5017
176.2905	169.25874
172.9163	197.17555
159.5186	187.30002
174.48534	183.30124
169.81433	205.04802
152.41913	177.0377
185.1398	190.61386
157.42445	206.78886
186.48062	181.36365
176.1632	210.54834
150.40558	185.76772
193.36084	184.87044
162.65358	207.60103
159.62575	173.73038
184.68358	209.63814
152.2135	476.27017
171.6937	467.05737
166.85104	478.39288
165.7509	471.75385
174.19272	475.18124
166.08919	483.83344
164.88377	464.43915
179.83347	481.16553
158.10155	466.57123
183.34995	469.12427
164.23532	490.8624
162.64987	458.80234
182.84189	475.0334
160.62885	474.99545
173.94693	460.41977
174.66025	483.26788
461.62564	87.37311
501.98456	87.48536
476.75592	98.483765
472.21295	57.920357
467.56308	81.611046
477.0207	87.71614
477.6359	74.502235
482.09116	123.07201
475.25873	69.55454
490.16162	77.418465
448.93292	87.76446
493.98834	100.33994
467.2941	102.96438
463.7941	76.370255
497.9918	75.37309
488.97495	97.27257
464.08536	69.45354
506.0861	95.67595
460.40924	111.48909
500.72906	67.6502
489.4625	113.4326
452.868	80.06328
503.91617	76.643196
459.82147	97.70375
484.11737	69.67877
479.20538	111.03218
476.23517	92.68438
482.2249	88.15019
468.45883	110.25667
160.20528	49.26214
185.43373	72.35146
161.79774	69.1241
181.42247	55.88053
175.36761	90.47794
151.18724	57.181873
171.60152	74.96286
164.17538	75.943
176.23611	57.266552
192.71959	62.037342
150.35274	68.78803
179.0378	67.41182
164.03505	85.02887
157.4716	53.868767
186.28914	60.579674
154.51465	77.86535
168.2487	43.20096
166.42606	65.35178
148.60391	63.584522
186.9856	50.46943
157.23618	85.06159
168.48495	52.165062
170.4963	82.166885
148.81259	82.60955
175.3787	42.816643
184.25516	78.363785
