448.40875	91.21344
424.30762	94.1234
443.20337	64.94801
469.8666	91.58887
459.00537	85.21698
464.52768	63.130707
450.18668	102.19429
452.6024	83.63198
458.11816	103.97827
438.48715	90.79039
451.44986	65.874466
450.67065	111.04928
432.7033	89.57523
465.37872	84.06404
434.14764	101.11379
452.50327	55.444763
471.576	98.33744
422.97845	83.81934
472.4765	69.19345
462.33633	108.372826
435.6525	79.04283
473.8095	81.02223
418.3277	95.737564
434.95734	60.038372
456.58246	93.888916
431.3084	69.43161
469.5334	77.31269
440.05402	103.8452
438.65952	72.5883
175.96884	378.62872
162.62689	380.10257
163.45868	367.95667
147.92279	388.51382
156.33195	372.93762
164.45183	375.0751
153.24608	380.83606
158.63902	358.2102
167.87784	387.40063
149.91711	372.99066
171.28836	372.65616
159.46988	387.2591
153.76471	365.037
175.36722	385.07886
146.91678	380.71698
163.61906	362.8405
164.29437	395.51163
144.28143	369.9499
180.19746	371.95206
154.82373	394.30536
535.8857	377.37222
543.5932	390.9012
528.8706	382.27325
542.416	378.65668
533.7614	393.53464
526.71924	373.51593
546.8888	384.9876
535.5781	386.72955
540.9097	370.41885
548.1466	395.7468
522.07043	385.63977
551.98773	380.87823
534.784	398.92303
531.19116	369.4918
555.88007	392.34308
523.8224	392.28333
550.5662	372.1059
543.02277	399.11795
520.68665	378.94354
555.63074	385.47952
527.45447	400.12003
537.4148	365.6624
681.23224	390.74005
678.50836	383.189
693.09344	380.2096
680.022	396.72638
685.932	380.0479
689.38153	386.38138
673.7289	388.99078
683.81946	372.53516
690.3434	394.75812
670.66315	380.80804
695.8015	374.95374
673.3545	396.2926
678.0672	372.13477
696.1925	391.73444
666.9381	388.62512
687.29456	368.68124
684.93384	399.89084
671.08606	371.89413
699.26965	384.05316
450.30713	393.1248
466.8777	382.34583
467.52728	390.9711
453.54395	386.85358
472.28247	377.4526
459.2691	387.65326
454.60693	369.02805
473.04645	387.75784
442.69595	388.86676
451.73892	376.73926
455.01227	395.77386
448.43832	381.70825
461.0306	377.1135
453.12988	402.58286
452.24237	364.64752
470.9024	397.07416
439.08124	382.25238
467.0402	368.94415
461.1771	400.35657
443.67975	371.9228
480.93106	382.05276
441.29608	394.8901
460.9716	372.23032
462.6457	393.9241
786.83246	382.0452
801.3878	382.09384
794.257	395.58344
795.6796	379.59723
803.81445	393.33023
792.65533	386.63608
805.62366	377.2125
797.922	390.60968
788.86194	375.5867
807.6569	386.08173
786.3772	389.21774
797.94995	372.81274
169.88322	284.19647
149.5118	278.24152
176.62402	271.4928
147.59256	293.4431
152.21362	261.2349
157.61826	274.8435
163.31427	281.5282
170.00517	269.53082
161.35461	293.79706
142.38823	277.56915
167.54364	276.14154
157.92197	299.86664
163.34927	270.1399
176.00124	281.78912
144.53015	285.6344
166.12447	262.09073
159.50595	287.9698
150.07071	270.60095
179.32748	292.8825
153.14203	283.35883
158.82532	265.05618
171.75034	291.03333
735.55066	380.39587
759.48987	379.39612
743.8075	385.05234
743.88586	376.70352
750.0033	385.66663
733.0942	392.53708
751.0108	379.00433
751.68317	398.36853
730.873	380.24374
758.53015	385.81317
740.3497	397.62064
746.15784	370.77203
757.4142	392.19122
737.3082	387.72327
755.5256	374.2045
746.9354	394.20715
739.0081	371.69687
169.08698	64.354675
153.35947	70.46591
158.51497	43.64992
179.6852	71.40277
158.5807	54.346413
168.9693	51.58265
154.65202	76.35273
169.0922	39.289925
163.1116	71.92168
144.95853	63.821697
177.26732	49.4616
160.4415	64.21638
144.31703	49.881767
173.51901	57.982307
143.80103	75.28932
149.72885	51.520607
171.11038	78.24103
151.62424	58.692818
180.94655	54.90866
171.66959	71.84871
147.51186	36.07415
180.49966	65.34809
137.56613	67.43751
165.7424	45.334618
158.79999	82.75563
139.30661	57.378887
175.31403	461.41083
159.42381	480.29034
159.14857	462.7247
158.88876	470.9647
150.50162	472.73624
169.19957	468.32877
167.35689	483.76147
146.94125	457.9793
175.91135	466.9732
150.72758	480.43042
158.31158	454.73932
167.14624	474.2251
147.99658	465.649
173.04047	456.20306
159.22487	487.55902
151.10129	452.00235
175.18124	476.67773
145.13687	473.96005
166.71872	455.1424
363.22955	400.52338
350.88434	370.0731
378.3029	381.92102
358.82813	397.3177
361.77496	385.45392
388.2135	394.70822
370.2846	386.46576
374.53195	371.19058
369.20728	393.0006
365.84836	365.73944
388.26163	382.0374
347.50797	384.9492
365.13538	378.93924
373.6585	396.68982
356.19635	381.2337
378.12686	375.3833
359.54443	404.11255
362.25684	373.90417
389.3747	388.4775
348.97006	378.62433
384.38455	370.6565
369.32147	402.2048
358.75037	365.28217
378.41815	388.1449
352.93243	392.87067
371.093	366.69684
380.95502	398.26956
604.6951	386.03983
620.8499	379.7154
611.16235	400.3935
607.3588	380.5223
624.693	388.50757
608.963	392.01483
614.92175	375.154
615.68036	388.98676
599.2754	377.28555
629.9962	380.87323
602.2761	398.50568
612.1824	369.98065
628.71484	392.4613
597.2745	383.6626
625.4564	372.2453
619.27716	396.63785
602.5063	371.65143
614.0606	383.04788
598.66724	391.31573
614.61694	364.58868
622.9475	400.7127
729.54877	52.65584
746.5666	54.51812
738.6023	74.454094
737.04584	51.730988
739.4313	62.266796
715.6556	63.150444
737.2237	57.760754
743.3573	66.42936
722.62756	42.923878
760.7681	61.09327
724.79694	61.892082
742.0071	43.249664
753.43195	72.06572
722.4085	54.122154
748.62946	47.61705
732.49585	79.7276
728.6205	41.204628
748.19604	65.28023
725.43353	71.28627
743.93744	36.681854
745.1807	79.3152
716.33606	48.85119
754.9889	51.801075
733.1898	70.025795
737.6379	39.33122
168.01158	179.71461
153.23137	190.98232
177.58678	165.16159
147.32976	169.73311
149.67517	160.04385
181.10043	177.38002
146.58176	190.10013
157.2659	156.42987
173.47023	180.5838
151.44073	165.23097
157.8374	172.4535
158.18143	179.55591
158.58916	167.68213
176.74138	185.48203
139.3213	175.48326
165.88103	163.03503
166.32388	185.28642
141.78217	166.79085
173.96011	170.13358
158.44833	191.41959
168.22025	155.71402
171.98094	192.93906
146.98547	179.11124
165.25961	544.1715
161.7314	555.57587
154.37436	536.95715
173.54036	560.32465
146.7537	559.54175
162.09012	537.8705
169.79959	566.6433
145.94142	551.6964
175.20981	550.73145
152.68306	566.6597
155.1754	545.1701
168.89021	553.83875
156.4107	557.3411
171.6329	541.46594
161.5827	563.9287
148.30801	546.202
161.20616	550.21277
