161.17244	538.69586
152.1564	545.3269
157.57207	532.1027
164.15245	543.3763
147.6706	536.05176
168.28772	535.0233
153.9683	550.384
152.74927	529.3481
170.82487	544.29663
146.9251	544.0023
162.94649	528.9369
161.99585	550.65485
749.0069	385.25986
759.28	383.68915
754.57404	390.3536
755.6267	376.2531
760.4967	390.93488
743.1755	388.40485
767.60034	383.43887
753.52686	397.54398
748.89996	378.37955
766.7528	390.4206
748.1285	396.1145
763.7669	376.89066
762.62115	398.4144
156.19998	391.71103
162.02794	382.24185
153.43808	399.42487
153.64865	379.1081
170.55138	392.7244
145.91103	389.09903
171.20377	375.5091
162.66719	391.56888
148.86679	376.53876
167.88423	386.91132
143.86813	397.1933
160.05338	372.32602
167.7873	400.44696
143.04713	380.70987
169.07718	381.5227
158.53613	401.15338
457.47583	389.62164
475.0245	387.2879
459.61313	394.37158
474.38275	373.84055
467.30045	397.9466
451.8043	387.33804
471.00537	378.85556
466.80386	384.44815
458.38428	369.01663
473.83954	397.16022
449.66724	396.64093
479.58734	380.6209
469.4877	408.33423
454.42828	381.2977
483.34296	388.41815
453.08618	404.00116
467.71783	369.76675
479.60504	405.14325
443.0484	379.15945
482.04013	368.71295
461.5936	401.67267
455.6455	374.13965
482.96436	394.9324
722.44934	70.950096
746.7676	52.391247
735.05347	65.80015
733.8248	47.388863
746.3519	62.745125
738.9789	83.71126
738.6091	52.745777
750.3905	71.266945
713.6778	62.224518
758.16956	53.32596
740.3518	69.16737
725.3351	62.72956
752.1787	62.12136
734.49963	81.31902
741.2497	44.276733
743.9185	79.320564
724.5351	53.306984
760.04443	72.01984
723.6383	81.47009
726.3273	46.05552
753.7766	82.002075
729.77924	74.04785
750.9718	48.693886
747.0021	88.016685
162.64027	189.85435
171.00845	194.26054
152.53032	188.14032
156.95946	177.03912
156.31331	198.38437
139.05984	189.68446
168.69278	186.03523
156.93724	208.55254
154.6356	182.84225
175.27907	197.56664
142.35484	204.49478
163.14667	176.6746
165.49007	207.59407
146.22867	180.61868
175.61412	189.86038
149.90176	202.88138
148.59285	171.96884
168.0331	201.12234
146.95041	193.1175
171.56003	180.0346
443.82935	83.6133
435.35587	87.867386
470.03705	81.97171
433.36652	105.87534
458.90253	65.7453
458.46637	96.45113
427.4232	65.237434
469.22906	72.65944
457.75284	106.27983
457.44547	85.513535
453.28558	117.06266
421.24942	75.46486
452.87115	73.3098
445.20416	91.78053
443.4397	74.77552
470.56845	95.905014
452.67227	95.44493
438.76065	63.766926
472.95816	104.174355
433.24786	91.98634
462.19922	78.61831
441.81943	110.25765
426.60977	82.36189
466.57196	86.35046
422.22577	96.16499
449.79413	65.64549
446.49274	112.57196
357.73776	382.45148
364.9229	381.34436
363.76205	396.15878
368.82452	393.82013
385.4829	393.0612
349.08957	383.05548
384.68314	375.49762
370.84897	401.5521
357.92902	375.56332
372.62012	383.83307
361.08575	403.17453
378.35672	379.70465
377.80914	399.5431
343.46265	392.648
379.49142	390.86945
367.09625	408.4674
360.26044	369.25058
385.57446	380.3984
356.60168	392.4096
377.55923	372.72867
377.32327	406.26605
350.49854	376.77252
394.06998	384.72833
350.23932	394.48352
366.30447	367.644
169.37286	306.23618
140.17166	297.483
173.71921	284.7574
155.39052	303.5191
154.00269	278.68155
163.78993	292.20978
147.38779	302.1788
161.34418	288.4339
162.07973	311.8165
145.81355	294.448
169.95993	292.05475
149.68803	308.49796
151.35347	285.66827
173.68562	297.49777
155.3562	293.56738
165.07587	280.4041
161.9183	301.0888
143.9578	287.16595
178.34358	71.27257
147.03882	81.71151
154.9614	71.546936
171.7382	81.33533
143.3656	75.760284
167.36456	48.21553
147.77309	67.409096
154.6287	54.436848
167.15845	64.498
134.79062	71.2462
163.17896	54.061913
162.87895	68.30529
144.9909	63.844856
178.2819	62.13793
154.73984	83.15733
155.3104	42.254215
167.31053	73.168045
134.71408	62.662506
174.53627	58.54717
160.29109	90.32664
146.19647	52.576996
180.55045	77.62602
146.85635	90.55737
158.89432	45.153973
171.84622	91.394516
683.65247	384.29163
710.2197	382.6121
694.1334	394.3097
691.1313	383.476
709.95856	395.08643
695.00006	388.67688
701.4092	378.29803
703.3559	389.90384
689.306	375.7861
704.9936	385.71173
686.3611	398.28198
694.682	376.01627
703.708	398.53046
685.8712	392.0385
706.43463	375.16846
695.31934	400.7753
152.69278	463.8227
173.13571	469.95605
149.7223	476.52924
160.1885	466.23883
163.76933	471.7766
145.86693	468.2624
166.3933	465.00528
153.78207	482.0136
159.25053	454.93115
164.379	480.90723
153.41545	471.00024
165.00009	459.42618
161.26549	476.6441
148.11438	460.4135
812.6115	384.79437
798.11334	396.271
804.34216	383.60065
806.5998	396.8419
793.8027	383.65936
808.2084	377.83585
803.94495	389.9356
799.9071	378.83304
812.26917	391.59412
795.41034	390.36884
633.7531	381.7979
629.75195	387.10028
622.6303	385.23782
638.793	389.39972
621.36664	398.59955
627.636	379.41638
633.46594	394.8946
614.09985	394.23032
639.72797	377.48737
628.3954	399.96344
623.87885	373.3017
643.90405	394.92615
619.75946	391.02524
632.51685	372.54315
635.45544	401.4593
616.5722	381.97104
642.4138	383.89053
548.1894	391.37485
550.16174	370.07462
566.7982	386.51852
561.39026	386.2126
566.1414	376.80597
560.7897	399.19846
551.12616	387.29398
555.9017	380.24637
541.67004	401.28464
550.1288	375.37726
556.37024	394.12088
534.9632	389.7333
571.96796	384.0346
550.78656	399.4678
541.09515	377.6504
569.76013	393.53647
542.69354	392.6447
558.7699	373.0997
558.9319	405.33966
541.441	383.44537
