159.93701	394.48514
156.32065	401.4958
164.30075	381.2758
166.58229	402.47385
154.64902	394.85776
168.8093	395.5356
157.43924	408.18695
147.04901	387.53058
175.94077	405.2436
144.467	410.2818
166.08408	388.69308
166.15317	409.88882
147.38394	395.20258
175.00764	398.83926
153.35208	415.03165
157.68306	386.23904
174.08633	410.8873
145.22015	400.3437
177.50107	392.11252
164.12099	416.86157
360.0905	381.3866
379.43613	380.21658
371.59625	391.71786
371.4584	366.57404
377.34024	386.15262
364.143	391.1364
386.2524	373.72638
358.02762	389.0711
366.2544	376.5001
370.23877	398.60632
350.64563	386.90515
373.0226	374.64554
364.04715	397.1035
357.12933	370.2974
381.97897	387.8924
359.0246	400.12277
369.26993	363.8491
378.67242	394.95822
347.33545	379.94077
390.9499	368.83554
373.07883	405.05048
363.18588	362.0601
389.25516	390.15515
352.36304	394.43436
379.1568	367.10025
385.4512	399.0011
355.41992	375.99286
388.34634	382.40424
551.06067	384.9787
556.5778	386.85004
561.28125	388.3566
543.70557	382.00153
563.4619	379.47958
547.456	392.22385
552.9687	379.32416
567.4441	386.95187
538.83057	393.00754
554.60876	365.50217
554.23676	396.59753
540.7802	377.1414
565.9622	366.95853
549.27924	403.92972
549.8652	373.27643
570.7935	388.78012
538.5873	385.60016
558.9754	370.1938
559.216	401.42514
540.33044	367.42816
569.57947	374.64542
540.6051	401.0063
548.45483	366.448
565.6477	396.22684
532.26984	380.09027
453.1045	80.0793
455.04858	94.08574
456.80362	64.07397
477.13727	98.66922
432.30576	95.067825
456.41327	57.158794
446.25668	80.842995
442.12387	80.205086
456.5839	70.774605
426.86835	98.56094
439.90454	65.89795
462.79092	97.64466
441.6906	89.344574
463.72504	59.819355
469.0582	97.63746
434.72754	72.99494
475.31528	89.125496
446.03336	95.52138
446.99722	72.59281
452.07538	102.75697
415.80127	87.10775
469.87408	74.60344
447.63657	111.212326
425.83154	70.084114
457.54874	88.55379
429.47955	84.56581
464.58282	76.74682
449.06146	105.71763
427.5245	75.98603
769.1398	384.09433
760.9127	395.30588
765.4006	378.7439
773.86896	392.44135
755.01404	383.99445
773.7502	371.7638
765.11786	388.0108
756.79553	373.94962
777.4023	386.233
755.20154	390.02734
764.82043	370.2963
767.34375	394.30637
757.9901	379.89438
774.9828	378.4728
158.86256	548.66693
156.10779	540.1217
173.19064	547.1255
152.33511	551.37976
168.28023	538.84766
163.21912	557.56055
151.46146	543.95337
163.97641	545.90424
156.46162	557.99786
161.83807	537.54926
169.18813	552.2486
151.72592	301.31396
176.38045	293.77625
157.23674	311.78992
160.65836	277.87457
167.16026	300.7094
148.8802	318.166
168.66011	283.54745
170.72179	309.56845
153.49918	296.89008
180.5979	306.64444
150.77145	306.956
154.09918	283.6385
172.8664	299.39703
144.12831	296.40802
174.1077	287.4225
161.52179	322.50616
152.1979	290.93314
161.48259	294.32822
140.35345	312.69623
163.1817	283.2016
175.86217	313.4974
145.05476	287.51514
182.87532	299.77017
163.13823	314.04074
628.2912	375.49872
642.00024	386.97894
628.38635	389.7772
635.3209	382.21768
629.9668	396.08875
620.2733	373.8138
652.78345	372.6167
622.5924	395.20975
637.551	366.2912
637.7804	396.3869
624.0309	382.31747
646.49817	372.86127
635.23615	388.79706
623.9086	365.6241
651.0858	385.38364
619.3091	387.77295
639.5495	376.68784
642.93	401.6524
619.12994	380.54794
644.3385	379.9069
632.3518	402.07135
629.80115	369.51266
647.3158	392.4292
171.55434	192.13728
167.70879	177.51042
161.36566	197.37555
153.79259	190.91531
174.09427	181.13972
143.00296	195.38838
158.95084	167.30374
164.01192	185.59982
159.79659	178.432
184.14966	181.67418
151.8627	200.17014
138.96939	175.5056
174.80756	200.44673
145.5374	187.4044
166.26047	167.74783
171.49098	203.73044
155.68086	185.3696
174.35117	164.58154
147.91537	207.30786
153.63278	174.26572
180.46082	201.32314
140.4631	186.60355
172.60382	171.63736
163.84615	204.21228
149.306	167.42882
176.07901	187.33891
724.4031	74.74476
728.4925	67.76387
729.37744	55.757668
717.3111	67.873245
749.05786	54.178192
737.7997	60.00594
722.49207	41.420628
753.25256	78.36464
724.8496	56.509773
747.206	43.64553
743.58575	61.874805
742.35504	45.492393
759.66345	63.038948
733.1847	72.53006
738.5726	54.97636
744.8607	74.5888
716.77637	52.922253
755.28156	44.278095
733.87915	80.16429
733.7713	50.756363
753.931	69.37607
719.7229	81.733086
735.4196	40.868877
738.4373	76.71087
724.70496	48.41867
753.19434	52.06244
727.52496	79.27178
709.0363	380.2621
723.9199	389.72678
699.2796	391.6036
716.1496	378.82123
703.19885	384.9588
701.28094	373.82315
709.0847	389.53845
697.88245	398.00342
707.2179	371.31702
716.58246	397.84033
695.4064	381.6535
719.4868	373.3215
704.4459	398.8488
701.4229	368.03598
716.1481	386.51984
691.9854	387.12598
714.1848	368.75888
709.83514	394.26544
693.42676	374.50195
723.556	381.33984
154.47841	67.02336
159.15207	59.51597
176.71483	77.51445
137.39856	63.179768
166.03413	70.80153
151.93335	58.952003
159.93039	47.588467
169.85568	75.403175
147.10542	77.586235
162.95451	54.186974
165.80887	81.83638
149.6608	54.14693
182.50893	46.295017
159.87335	70.07163
157.71053	38.3292
178.37967	60.063606
145.16772	71.63122
172.16582	52.970207
166.78929	88.27045
146.67154	49.47297
171.15224	68.01445
150.79515	81.84358
171.5592	43.055763
183.9913	77.68577
145.27176	62.427643
167.11006	61.66555
158.64822	77.96593
151.13307	44.481377
165.18971	490.6104
151.45595	486.52637
162.49393	479.25626
163.77711	500.22296
157.504	477.9602
174.2937	480.33185
157.84964	495.202
151.58505	477.7733
174.23499	488.66058
146.60402	478.346
171.65501	473.89307
158.8105	486.89706
152.77988	469.72516
169.77728	484.77533
146.23338	491.60303
166.12637	469.12393
170.4011	494.11932
462.8806	386.80084
466.39594	382.3372
457.9087	404.23135
459.2155	376.94302
476.80396	385.02338
451.5791	390.6407
473.96127	363.88916
468.28693	387.92517
449.62955	372.3203
478.96332	373.37976
459.44116	390.95477
467.48486	374.67752
473.591	395.1261
453.3383	381.62198
473.84634	371.00217
467.4271	397.07953
451.6648	368.51276
483.6302	389.88712
446.07486	392.9919
465.73398	361.33298
470.70435	403.06924
445.88702	379.24884
485.09064	380.29254
453.63568	398.27048
460.88174	366.04907
479.7119	395.19745
444.27182	386.12167
814.8087	374.85355
807.4873	390.3695
799.46783	376.83212
814.6597	385.86838
801.43317	387.28082
810.0409	379.03357
814.30634	393.5229
800.774	382.1196
819.1304	381.15634
801.548	393.3885
805.17737	374.06226
