377.0755	389.5704
355.80127	390.2168
372.53687	380.19095
370.72226	397.4549
365.29755	386.77078
383.53302	385.91486
367.06113	403.16638
365.09085	377.96844
386.5816	390.1176
361.30927	401.47528
376.22028	369.28946
382.4853	401.52048
357.90344	378.42932
389.88934	379.56546
348.49188	405.00775
367.95853	364.33896
388.3056	398.96164
347.28635	390.51907
383.66132	366.94708
374.57816	408.06537
353.336	370.95
389.284	394.7237
348.8194	396.33502
367.42114	372.66818
381.1021	408.38312
351.743	383.40695
381.36072	376.94366
368.74896	408.8031
362.28525	370.33932
580.44745	395.61755
560.4928	386.24432
575.93225	372.08167
568.76355	394.62848
562.7825	378.21332
567.0204	373.94754
558.3691	395.5973
550.8099	372.36655
572.3785	399.28424
553.2677	387.98862
579.7346	380.83783
563.28186	400.38293
554.18896	378.53992
577.30646	386.74982
551.72455	398.61615
569.1591	369.64426
567.2855	406.69977
545.7395	382.65112
569.75793	384.76956
548.64124	403.3963
561.8993	371.15826
579.0223	402.78314
550.87213	393.19135
748.2073	58.31423
745.5334	82.94466
722.1761	55.442028
739.5495	58.60597
736.8611	68.39665
746.2913	52.190086
745.07544	70.45465
716.9797	56.23003
754.12897	54.340965
737.8768	84.76024
739.3734	43.581894
757.22144	68.78324
732.3676	77.814575
747.1847	40.51893
756.2499	76.70183
727.4028	48.991135
761.7936	66.50532
726.7515	75.71143
731.4583	58.558067
751.69354	86.27186
725.44543	68.91164
763.6328	55.443092
727.9409	87.506035
733.61194	44.27197
750.0787	66.08899
719.6114	73.77968
642.87305	378.73895
645.4893	402.3082
632.709	386.8583
650.0022	385.30066
637.85156	397.81412
635.8205	382.2652
646.2169	389.15707
635.3417	392.0124
643.9125	373.65488
642.5416	392.74573
627.6021	380.03934
655.7042	387.3378
627.0259	395.82526
634.4161	374.95996
652.66986	396.63202
626.5413	389.06744
651.5668	377.86835
634.5497	401.86374
165.3693	201.67567
169.66933	197.85013
143.4247	206.0238
167.44453	187.40935
161.20454	203.92165
135.65642	192.95876
175.10925	205.26309
144.94176	186.94878
152.60394	176.18512
163.17953	214.2623
157.12782	194.88986
171.09044	179.33084
150.41844	198.75801
140.10843	179.65154
181.0408	198.55997
144.68073	212.42842
160.32823	174.61331
156.48619	219.23734
153.30235	191.54974
175.3845	189.06265
157.69539	212.8986
154.39151	185.37392
171.33768	211.55237
137.27396	201.84451
164.73248	179.48355
757.6271	397.49503
741.71826	385.01556
763.74866	386.18378
749.67883	390.91702
755.1271	375.47986
759.074	389.96564
751.9084	385.2342
765.9137	378.24442
750.5658	399.27887
749.56824	378.40988
766.96906	392.21707
743.86176	391.15118
760.2221	380.41644
762.7882	401.13055
451.46533	382.72372
490.16522	381.1268
464.96347	378.8045
471.08554	375.75128
491.91968	390.51013
462.9728	394.73093
483.14972	386.96643
466.18423	401.47098
461.2287	374.8825
485.43677	394.02557
458.9152	400.7938
470.57953	385.2767
476.0711	390.51788
452.58755	391.70734
478.37714	377.61792
472.80093	406.70392
469.81567	368.93527
480.8567	399.4356
458.63217	390.09854
487.20728	372.06488
476.58966	399.43515
457.1105	375.8954
494.76733	381.89966
464.50302	408.5014
476.8365	368.4052
487.4857	402.2041
155.9313	320.42502
171.48798	305.80362
150.28995	327.15872
148.06752	302.2248
165.00786	317.99576
148.41812	320.00256
164.58066	299.15195
163.21635	324.30585
146.08931	308.587
165.54793	310.4994
154.78273	331.6916
153.1213	312.24982
176.89328	316.59818
136.98245	313.94974
156.56184	291.39542
160.21866	335.71857
150.80388	294.75824
174.69968	328.14294
145.79828	334.45758
157.12883	303.5033
168.44403	326.67096
143.13455	316.39474
175.92378	309.6799
158.80862	564.9266
151.94545	551.67004
164.53229	557.72766
155.3463	557.8656
162.60458	550.9826
165.17603	563.5245
147.54442	555.8432
167.88565	551.4531
150.61986	566.2374
157.1265	547.4679
708.49274	397.07086
697.5973	386.25262
707.6185	375.97177
700.6316	393.57364
700.223	379.6025
707.44	389.24902
692.6963	388.5205
705.4434	383.01404
705.5451	402.3506
689.65344	382.45853
713.08234	382.1355
697.89343	400.2283
696.4237	374.91342
714.58356	388.85217
689.0205	393.21027
161.24805	398.48004
159.77844	417.6801
142.76118	404.6004
172.62823	415.83667
148.78914	428.08954
160.62631	410.25903
166.05284	426.1026
151.89183	414.51123
171.16159	407.3743
157.2031	429.5739
152.17915	405.01004
172.84781	423.25815
144.78813	420.87543
156.65596	403.81793
158.91594	422.9273
146.28284	411.8103
165.26843	413.03946
146.57698	92.19357
161.71909	59.1068
178.65732	82.1187
151.1132	68.987
169.5744	77.48395
155.83434	75.62466
144.74928	44.421597
167.91895	85.81813
151.8828	81.25352
158.47696	42.637077
158.77054	79.58117
147.36061	62.113617
173.41855	51.60143
159.68475	65.87877
157.68015	53.48814
179.74922	68.185104
139.30392	78.26319
163.84763	47.954685
163.23537	88.78655
135.87234	58.881847
181.86447	52.047436
145.06848	82.19807
151.7976	43.574986
174.313	73.488754
140.30122	62.15976
167.56117	59.806084
154.45058	86.387985
791.5116	381.2732
807.3854	388.2093
792.95667	396.13055
803.93616	376.84662
802.97516	395.57428
791.1576	388.3095
807.9339	383.0553
797.8024	392.43256
799.51776	381.2425
808.84033	395.15573
153.25056	496.59912
158.72105	492.31488
169.79596	507.55972
150.61368	490.2605
166.29132	494.4361
150.36316	505.39957
157.44882	484.78052
163.30148	501.6836
143.88321	491.44073
165.3165	485.44952
157.6076	506.82828
149.60464	483.61115
171.68695	496.2946
144.84396	499.76993
165.07162	480.48672
449.10342	120.1983
438.47134	89.953804
478.59238	92.358154
454.94327	85.83449
433.0323	68.91282
474.5065	90.16236
420.48663	88.6259
459.03583	61.117027
442.11465	73.72229
439.47748	62.80302
475.46088	107.5425
439.70938	110.530945
448.66943	71.43599
463.16544	97.958786
433.08267	94.90492
453.82782	82.29209
444.69977	91.651276
426.236	66.80317
462.15656	106.26859
425.7626	101.46104
460.81464	72.89055
471.30682	103.98313
435.93475	85.92979
462.23788	88.57232
450.22626	107.29872
446.4173	61.993713
448.03555	103.21532
426.09082	77.24757
471.37213	78.13917
437.03183	115.21938
