655.9455	388.06174
656.4828	396.75186
657.3397	380.11847
663.2933	394.9866
645.64124	392.51642
663.1968	385.76837
654.87103	404.18268
650.4127	378.2415
669.96326	395.4954
648.9981	397.64722
664.51636	378.605
663.1676	401.92548
647.2515	386.43158
668.941	388.84457
758.2151	392.9709
761.219	387.11377
764.6625	394.73718
752.3236	387.53018
770.03894	386.09482
756.0971	399.53094
755.6974	381.42242
770.0079	391.93027
750.9069	394.7187
762.79144	380.41394
766.01636	401.43716
152.70317	558.44916
157.44868	552.44714
153.16408	566.2124
152.19225	549.63306
163.90404	563.2538
146.93033	563.93646
163.1189	549.5829
159.00063	568.46686
146.28098	553.65283
164.03923	557.07263
705.3414	400.47693
709.4994	386.98712
721.0373	399.19055
708.41656	392.69672
715.8429	384.75488
714.4225	393.98834
707.15985	380.22525
723.1738	392.94745
700.84784	395.1729
715.54297	377.9134
715.2889	403.419
701.15533	386.661
723.8397	385.6357
452.19257	86.85347
423.7641	87.087204
444.58813	100.16486
433.57486	94.59305
458.7711	87.12768
440.723	114.809586
435.72827	71.6461
447.31537	77.630356
436.0446	105.02394
461.87607	79.71513
458.53656	103.92665
443.7968	75.61911
469.2812	103.824905
445.5211	105.25289
448.0747	61.72636
476.46255	95.73683
415.88297	91.3444
464.97052	69.237076
462.7859	109.859024
428.6363	72.6964
464.02408	88.91708
442.3318	121.54616
451.50922	69.1608
461.6679	95.15998
426.0367	108.17456
473.55658	78.35107
450.0451	111.560776
430.1795	82.88904
483.31046	98.30921
430.12628	114.12114
747.5075	47.766212
749.8343	70.6401
733.74084	53.635998
745.5101	59.490746
726.5633	72.338974
725.297	53.548347
750.3592	81.546906
747.45544	74.00096
752.2603	50.81657
739.6556	59.454792
727.01105	43.848583
752.7063	60.83848
730.1463	79.1758
751.42755	37.73627
762.2623	70.179726
720.80896	61.707478
755.9938	55.758434
737.09796	77.64818
739.2528	52.502655
758.0108	65.61366
725.64264	63.308826
740.9957	43.835556
743.27313	79.85405
149.12967	422.5749
163.59453	413.26678
153.31451	434.33026
150.78914	418.3314
167.42575	430.24567
144.40028	427.53867
171.19687	420.7979
154.80695	427.42572
152.9231	412.66925
162.17003	424.8666
146.55206	438.99854
158.30437	413.7606
161.0644	435.76276
144.0065	417.07568
805.69696	387.30707
802.6562	394.95465
799.7709	384.2718
811.25214	395.77835
794.9945	392.74866
806.9433	380.7219
806.07166	400.5413
793.3196	386.02402
812.5937	387.23523
795.58887	398.8416
156.2029	218.59988
173.95341	231.53842
139.95152	218.575
174.28137	199.63718
146.87656	222.74931
135.68533	204.62863
169.92093	223.24187
149.30295	215.47095
149.43314	201.12576
156.63107	227.72261
141.53075	207.83994
144.76357	235.75381
155.98279	237.29434
163.63358	192.23108
176.30885	217.84631
135.95532	231.53613
165.61948	206.07658
168.89705	234.38937
146.76918	197.53868
179.33585	211.71582
143.00641	229.63326
161.66235	200.0699
162.66245	230.21883
133.72427	222.9969
172.99236	209.63834
153.3447	510.75177
152.01428	489.47153
166.32466	499.84467
150.30759	499.63315
162.1509	484.96054
155.91563	505.40918
145.69864	488.30435
160.5595	492.30414
147.38622	504.50177
156.26604	486.5663
163.50647	506.14154
144.23953	495.89902
169.56747	491.377
151.60799	349.8425
144.63371	334.0446
160.829	337.6203
142.38394	338.89655
162.27194	320.45306
161.13516	350.43927
136.42636	331.07437
169.1504	321.62146
153.23836	354.51376
155.19437	318.8537
172.5043	342.66907
155.82144	330.88806
166.10715	329.31268
152.26233	342.009
144.7109	323.7657
171.22028	334.5891
143.36903	345.94058
151.97403	324.7857
166.69138	345.00323
152.59116	75.38835
161.00702	52.417656
161.24222	87.9632
147.06866	66.68774
163.66537	72.12522
144.88542	86.35554
158.25734	71.57735
165.04172	101.77089
136.12265	76.91044
157.13087	61.596107
163.67267	80.93728
169.17792	60.40264
170.81235	82.12372
132.2854	83.293304
179.30997	54.642975
151.82907	98.42372
140.33578	69.7877
171.93011	67.34346
146.88191	93.65437
147.97379	50.35612
162.31538	94.127
130.62643	54.00564
185.07678	75.23712
137.17372	92.64835
141.16867	64.34736
177.92807	84.38443
139.80849	84.067154
176.75327	66.89021
482.26407	396.6719
481.6032	378.25388
503.31158	390.83478
485.73065	387.19998
490.15448	380.81232
480.10028	414.01294
475.15317	385.9412
500.33365	376.21982
478.09894	408.2649
469.54425	381.9602
500.67	406.6596
463.12076	404.98566
491.14496	372.21527
493.75897	413.7766
462.41806	388.133
497.5879	384.8159
469.45184	404.0207
483.04605	369.68985
507.3863	398.58264
472.1708	391.5378
489.67667	394.40723
492.69366	406.8358
469.26263	374.965
505.40155	381.0832
477.2836	399.1699
488.51523	364.65457
495.02896	398.52728
466.13544	394.94122
589.03937	388.197
573.1184	404.11417
583.54846	380.68774
581.9189	398.9461
578.2216	397.00223
593.25146	381.47
587.14417	401.35526
581.144	390.53766
605.74664	387.0535
583.44824	409.66666
573.0431	372.32526
602.9181	399.38544
573.7003	388.53952
595.0719	373.92575
591.5743	408.21628
575.3373	381.5486
600.95166	392.37076
569.1926	394.2441
583.8041	373.68762
595.22565	399.86902
567.0771	387.71933
598.19446	385.5249
349.13687	405.36533
387.03262	384.9792
383.97314	392.47296
372.44272	400.9533
372.7699	379.8609
357.37024	406.8095
360.036	387.92776
396.26553	384.63657
360.71378	393.45856
362.84625	376.58136
375.12518	394.3731
350.5364	397.78568
381.6526	373.0664
359.17282	415.65405
357.44443	370.0467
373.44125	387.203
359.2242	398.32608
373.35956	371.27078
380.76166	399.94208
349.37433	383.53647
389.36432	391.93106
366.92633	409.88223
365.9706	371.07578
380.91034	409.41837
347.4688	388.9661
392.3117	374.83032
373.1054	408.10452
356.42593	380.4564
392.33798	399.37085
