144.78917	422.6293
139.94106	420.06097
148.85059	402.08136
154.63971	407.15558
136.5872	410.5855
163.11028	405.26855
154.44452	420.0694
147.83939	411.3404
162.7796	419.81607
134.29213	415.4645
155.36717	396.52188
155.44228	429.23276
138.5875	401.67755
169.23009	411.88516
147.8168	429.6293
144.36926	396.13504
750.6517	63.138397
745.0214	56.390003
764.6003	53.889366
735.7223	62.77307
754.483	52.685356
757.1529	63.347767
735.8873	72.96413
745.612	47.44005
762.795	71.37868
729.5526	51.56994
760.76697	66.78161
751.592	79.311386
739.8606	52.947662
772.36365	59.600006
730.0334	67.13701
751.06915	41.492085
750.3781	71.76011
740.0263	43.543556
485.32822	101.1415
463.25107	115.88114
425.36035	88.66629
456.75235	126.44087
454.92285	116.150734
436.6259	94.135765
461.93613	99.97645
437.35358	74.39909
476.98477	103.411766
453.9594	92.44287
457.1269	84.35549
442.61557	127.893555
430.95526	110.162415
465.7226	86.0571
418.1512	108.82417
432.10654	69.40553
448.7752	119.71916
419.37885	101.65435
465.973	73.3112
472.01935	117.88783
427.26547	100.37505
459.2123	90.07013
436.56406	129.46353
444.94012	68.49684
469.11465	106.783585
422.7237	79.48848
472.25195	93.12495
429.47842	117.5034
458.7398	71.69751
458.58063	133.08987
152.70546	105.5991
129.25797	104.47453
180.94843	122.48828
125.836655	72.20585
165.27702	66.69953
110.792786	90.97642
143.90135	78.39747
164.36786	103.03992
126.51918	82.50361
148.3822	87.15554
149.37086	126.031296
120.07892	92.20459
175.6088	113.22294
145.88208	122.23238
160.02527	71.8812
158.17339	125.714905
127.77665	92.1278
173.23743	80.67812
152.0851	89.31294
144.11972	71.625336
168.4549	90.801544
124.32623	119.53512
169.28207	86.16748
137.79726	110.92891
145.6075	65.26823
170.60753	105.50919
139.84659	92.174255
153.56378	65.32558
780.8563	403.97836
758.5996	396.49994
774.7921	390.98602
767.0939	409.16107
768.04785	388.5185
772.4243	400.75433
759.72345	402.8603
767.50885	396.3783
771.12225	406.90906
759.43555	387.76736
780.03326	395.93304
758.50696	408.41443
151.41971	268.57343
159.72148	284.71558
123.55221	272.59882
149.21362	258.21567
151.27423	299.2018
150.48158	240.85796
177.89964	257.81122
140.2387	267.29535
159.48659	258.91998
169.19287	293.66913
133.66461	260.8035
163.48508	275.09174
144.36784	276.71902
125.389	265.65054
156.9701	273.8221
133.271	280.38058
162.47261	250.60432
140.7092	286.83673
140.57951	251.89095
178.00632	277.2835
136.40741	295.75397
130.07584	252.68027
165.99612	286.1272
126.69009	290.7339
169.6495	270.81158
152.9007	284.1994
701.9486	392.53476
718.7437	399.2661
695.625	407.8468
707.0343	385.67224
708.4026	410.94815
693.082	390.75845
715.9189	390.49823
701.3007	409.1095
707.088	393.186
713.6484	406.62042
695.4526	398.1434
710.68176	399.23914
703.5386	403.38342
816.76324	395.5546
834.6932	398.32806
822.2335	409.54254
825.4836	393.35672
830.9115	410.39642
823.8	398.56122
841.26105	395.6697
828.68054	401.52994
825.4909	387.11053
836.52673	405.74057
816.14954	402.64322
832.38635	388.93747
528.75934	390.43958
497.81137	385.81747
514.8597	376.7897
510.13315	414.16357
509.12598	404.33932
535.3368	420.1207
526.0394	410.15244
543.1773	394.6406
523.47955	391.23526
502.44165	386.197
546.554	410.12598
500.17902	412.13242
539.0151	379.4496
515.15295	404.86224
507.91202	395.46533
519.02606	387.5732
507.0916	421.17554
515.6113	369.94482
539.54663	405.6746
493.19107	407.47568
525.7567	377.72693
528.8557	424.91837
511.4335	382.3294
533.96375	396.43427
519.0602	417.29434
513.97974	393.44208
527.20667	413.1894
499.90756	407.44785
634.86804	394.56674
621.34393	409.56128
625.3785	389.21533
643.55457	394.8261
622.73785	404.72693
636.8484	382.3834
641.1771	410.3558
623.21405	396.4166
648.67303	404.00055
622.5068	415.8789
631.51447	389.67935
639.33704	404.17667
614.5491	396.80585
639.5548	389.932
630.3911	417.22748
619.78	386.88986
630.6696	401.18823
372.64798	410.99805
369.52887	377.5512
379.30563	403.67105
347.8839	391.61676
397.24396	399.00204
391.92337	406.50177
356.79953	398.6882
367.76178	393.89963
363.42538	416.38434
365.65256	387.66354
383.14197	394.16168
355.33746	390.91766
404.37802	401.2448
356.7486	426.4881
389.9411	378.5882
375.39142	427.7342
340.72012	402.78937
397.5462	380.54514
379.1453	420.2276
357.55682	374.89972
395.14075	413.07608
362.89435	404.88153
376.22003	382.74512
385.4096	417.3607
358.52582	381.63397
403.87292	383.9388
364.7239	426.94684
382.91428	374.12518
387.98187	399.79337
368.07263	399.40454
160.85118	503.22223
150.39433	522.7146
147.02473	512.3073
163.56017	512.4426
142.81604	518.06213
151.6768	495.45493
159.82019	518.6251
138.49352	505.19995
145.86687	504.06635
152.68533	509.85077
142.37929	496.35855
151.6843	501.25665
137.43616	513.9425
