767.6562	74.60008
758.2265	69.98271
747.3888	83.48492
732.82745	73.85604
726.4888	68.639786
741.63855	50.89588
735.58875	93.4661
732.6264	56.80619
747.47284	72.817
730.18524	86.150116
757.85187	53.60314
742.4027	105.181984
724.47015	79.49013
769.645	68.21806
740.99255	85.06698
750.8828	56.800488
764.60706	84.18243
720.4083	59.47885
749.96216	64.46196
747.67114	95.883835
735.18835	65.096565
756.70917	90.159546
142.14478	353.88654
164.0217	334.57318
157.96959	364.8167
150.48404	342.7425
164.1987	346.61102
150.67819	348.69324
154.97119	333.6081
158.76538	355.33075
138.73447	358.80038
167.44925	340.23212
149.08151	357.40558
139.8296	339.56
171.20154	350.27484
144.27109	361.8844
134.78275	332.97235
166.14029	358.51587
143.39859	346.26852
828.7207	391.6313
822.46124	397.56302
819.5127	390.9803
829.89197	401.15933
814.0309	398.05463
831.6755	381.61374
826.0892	406.9301
813.11053	388.94836
834.2213	390.24615
819.4828	403.9438
819.13824	383.45944
836.9289	396.54614
362.64142	381.99774
377.02667	380.58685
372.0903	405.53558
364.57892	399.5926
375.54547	391.36627
358.01703	404.02487
367.33838	389.74408
373.49683	416.27066
353.29498	398.15707
391.73682	389.53223
365.51318	408.82758
348.58453	387.0361
374.66516	397.8533
343.01862	403.28345
364.83743	377.80927
360.07648	413.3349
356.7775	388.80853
382.54254	391.48
350.75	407.2292
360.704	373.15662
378.4381	411.99603
343.97852	386.36346
370.67606	374.1246
676.047	398.73044
671.555	387.4897
690.19415	394.71405
657.4969	396.27362
682.7494	386.86493
676.79846	404.23883
666.05176	395.71866
676.49506	393.48724
670.17755	408.64108
675.31195	383.30078
684.1351	401.69476
659.9141	388.10577
679.8434	379.8084
682.7809	408.0513
667.49677	382.33475
687.91284	387.2485
665.48376	401.7044
748.8887	386.50702
756.38855	405.75928
759.66833	397.05826
765.06775	387.0604
753.3324	397.64832
743.09875	390.82648
759.71497	389.00287
740.4603	398.04944
760.42017	379.68588
764.66656	408.052
748.6703	395.18036
770.521	392.83865
746.57477	403.03177
751.24915	379.19043
767.3609	400.46564
430.74847	90.415436
447.06934	86.45732
459.8825	91.37651
429.48407	71.681625
439.5184	72.063736
422.9965	110.47241
477.57544	93.54476
460.5795	101.47321
445.8188	109.672935
474.7514	75.16879
431.621	115.977005
432.97137	71.777725
470.9217	96.27672
439.71655	80.85693
456.64145	77.70112
452.6644	105.52185
431.7919	106.1639
471.7321	112.402794
432.10522	96.18392
449.8724	68.54816
468.0035	115.26969
416.091	94.63673
462.7252	65.53899
448.80093	126.34678
442.30777	82.800766
454.49258	119.8597
149.42264	235.10779
168.17497	212.36166
154.49559	245.2017
136.66061	223.77649
168.39807	231.0747
160.45633	235.62756
142.18098	205.1619
160.34091	222.44858
147.34164	224.84326
175.30203	218.4487
164.75552	233.10953
152.14427	221.4277
171.02695	223.84
130.57713	224.26909
146.71898	214.13882
174.92003	235.44702
130.60097	210.9439
159.62476	204.76892
139.2252	239.52682
136.55441	211.6152
594.8282	408.23538
563.29	400.12054
582.37164	387.4604
580.4415	402.86206
569.4575	382.4388
587.59656	392.36105
569.975	396.0681
577.08966	386.43018
599.93726	395.10892
584.06335	397.1619
595.1234	386.01404
580.5043	409.36493
576.47943	373.16904
594.10504	394.1217
572.42267	408.05292
589.35443	383.9477
588.93286	408.09564
570.9344	390.4589
602.33417	385.85718
156.25304	474.2932
153.39272	443.3129
167.22629	478.98453
146.90646	463.89886
151.81606	459.89105
147.0615	481.4873
139.50874	453.20956
172.4479	459.1132
142.55388	478.6601
157.35468	447.20386
159.5907	477.6559
134.51082	457.66373
164.16333	452.46112
163.21466	469.021
150.35352	451.11823
157.34283	463.68954
140.91353	468.53558
485.78656	382.6597
470.8619	392.71942
460.29288	397.45282
488.202	389.22668
469.9291	414.6346
472.45526	384.9148
488.19385	413.02228
479.09918	389.0861
497.0873	382.0895
486.99188	404.71796
467.20694	387.27072
498.7143	394.85458
471.2084	405.17758
477.6104	375.97894
480.36996	413.05878
456.26172	386.40323
492.36066	395.14926
479.4445	400.70224
465.51825	380.7355
499.5136	403.72818
464.87094	400.50735
484.88892	372.72955
152.11308	91.90819
149.42914	86.96963
180.52452	78.39501
133.26714	84.696434
149.02452	55.71117
166.52534	104.914566
137.3906	67.6298
166.92278	60.099983
172.91751	77.69209
148.47673	48.519028
162.35768	77.1973
149.40486	76.69208
162.59506	72.37465
139.78555	90.869385
130.46379	69.58247
177.27695	72.43009
144.36191	86.725365
139.86945	74.73747
169.70422	94.20405
139.12473	102.60889
156.40898	56.879303
158.41333	96.30918
139.17201	58.19861
