438.88135	98.45745
439.27432	108.54962
438.99518	89.03108
459.91226	94.01558
412.0983	97.65929
446.68604	107.70982
455.1539	102.54466
447.3698	76.59333
478.09906	106.14728
430.65656	94.26475
467.88193	81.96136
446.96442	124.470985
455.6358	82.07876
462.76068	119.56045
430.38657	118.01015
449.6583	62.078777
466.17023	98.91115
422.14517	114.367004
465.61874	72.30297
459.18182	136.8019
429.13046	79.58706
470.11517	104.032875
432.82275	110.88426
458.72998	75.12499
456.6603	119.75922
424.0869	106.86482
476.95523	91.65101
439.32706	124.2254
442.37442	80.96117
695.2074	404.92786
680.34985	399.90115
688.9037	396.0239
694.00214	414.6303
677.90936	388.9337
699.9489	399.28632
688.03564	401.75064
693.07635	388.53107
701.81494	409.26508
675.243	399.74078
703.1675	386.261
689.29236	409.49142
684.0758	391.20624
706.5783	393.95535
680.6659	409.0962
696.2877	382.37878
152.176	78.66707
156.29785	61.892372
156.48947	93.6645
146.58989	83.91208
144.07718	79.94768
129.38579	66.467995
144.01051	96.01497
160.36111	72.34982
153.0615	87.68816
140.68153	68.85197
170.43082	85.87011
131.1234	99.70582
162.42325	64.260956
163.46132	94.64559
126.25842	71.383675
166.31306	76.94392
142.96184	104.62063
141.12508	59.241985
177.18797	95.68974
134.14395	90.61009
154.3537	52.399574
154.25027	103.03751
131.59529	77.69336
156.71405	77.33144
828.45	402.93524
828.08167	389.64685
841.23895	403.87027
826.71747	396.55362
841.11426	392.6619
827.91486	410.38934
821.38983	390.09296
836.57227	398.20126
819.44904	399.19162
834.94104	392.09732
834.49133	406.38104
360.0948	401.99213
365.49115	384.03632
366.7624	411.71216
360.82935	392.5527
372.909	417.3409
344.73138	393.96082
379.4628	381.57138
364.3038	418.75482
352.75415	395.9101
376.23987	407.65936
349.7768	406.2338
375.05353	390.30493
388.9204	403.84897
340.9003	402.03638
388.91656	389.22235
361.00656	427.3409
354.05524	386.61493
382.534	398.20734
342.72906	409.38437
369.66068	375.7234
368.43518	404.02106
345.09012	381.8249
371.0938	398.65814
354.02655	414.198
358.16058	375.61288
166.677	235.0313
129.4841	229.27878
159.5229	207.3674
147.31398	224.02824
152.89664	215.90569
154.27194	235.27783
140.47026	239.89575
140.0084	216.12149
154.69641	250.2399
144.81407	232.65146
158.91266	229.2325
147.56161	243.38008
141.11224	209.38484
165.1856	243.84964
131.81662	244.32239
162.2957	218.79256
158.94164	239.73038
136.82417	223.658
166.99066	225.44597
140.26541	250.20984
752.3667	62.694664
750.2396	73.361336
728.211	77.05734
762.8953	69.54268
760.2799	85.625626
731.51385	52.63685
770.59625	73.10886
739.0102	69.878876
745.7252	51.554676
749.2555	79.7792
726.8496	58.339424
762.6092	54.539726
739.9002	79.68316
739.7965	52.568565
758.3821	78.18766
730.8799	67.94594
750.1874	46.23507
735.8718	85.76005
746.967	68.75772
769.441	62.8519
760.8895	395.89087
770.1283	381.04184
767.1192	401.37106
754.222	392.25143
774.29486	391.92114
766.95496	409.62296
760.7458	387.65546
774.2511	407.26825
755.37604	402.33783
767.3396	390.90765
777.6668	411.04453
769.26196	396.91028
780.9774	399.48383
760.9714	407.61487
607.46625	393.20383
615.864	395.96597
585.33057	404.82425
605.2324	399.47723
597.62415	403.8027
596.34827	388.44104
611.1962	409.79132
587.2043	411.4411
594.0665	382.2085
602.7982	408.36703
580.3061	390.19556
614.3567	385.2552
591.63086	417.07626
599.1701	394.37146
618.145	407.45068
585.4059	397.5901
605.2694	380.5374
596.5654	413.49503
586.06335	386.86392
621.3787	393.8161
135.14659	492.29483
156.15567	475.01788
154.99026	489.46283
132.66475	484.7342
164.66568	475.77448
147.20703	495.96957
141.13126	473.15372
166.02876	487.14063
146.6291	484.82632
150.84705	465.7794
159.94608	497.13892
148.50589	478.51114
157.68774	485.36908
141.44406	498.96753
146.83694	471.51675
155.9146	374.85004
151.5321	380.93405
148.65015	354.68738
161.57431	352.19867
138.42142	346.69745
161.19124	372.07288
137.84842	369.11914
148.89026	347.36215
158.59404	381.873
150.17282	371.83276
173.03146	359.00653
139.24776	380.1308
145.8364	365.20245
162.6241	365.91742
133.11917	363.98788
155.11987	350.24286
143.59789	385.738
137.90845	353.08087
164.46242	363.23227
133.06952	376.859
482.91986	383.9316
501.24063	409.04474
472.7592	408.9643
507.15625	384.24112
493.2538	398.83356
472.82437	389.7733
503.23203	404.60132
469.22284	400.82672
495.2165	384.61554
499.89722	417.19156
492.01117	406.99225
501.6683	393.3173
486.15854	412.71753
476.86346	384.02747
508.8404	406.57294
480.12103	396.5445
494.56256	394.3935
481.00128	403.46384
469.6441	381.72513
510.40323	396.73553
473.95947	415.15097
488.42694	376.25937
488.35834	417.48505
465.6858	397.52527
