156.98186	517.42535
144.5603	515.5828
146.93367	509.0087
160.53053	520.36926
137.19513	509.58026
163.91501	509.50592
149.00443	521.31647
144.62897	501.70273
157.60654	511.50092
139.7294	521.67957
155.77003	505.73257
155.51834	528.78406
352.46783	394.6082
385.27594	389.71497
361.03647	392.53906
362.65997	416.93246
353.92227	423.81143
342.31976	394.336
371.48776	371.84885
359.72284	398.9786
358.52444	383.09637
374.53644	393.4885
355.42618	403.3266
370.0707	388.3758
377.5727	412.09195
349.09888	392.00967
375.85718	382.25906
371.44565	418.01178
363.23245	373.41205
388.86703	411.12067
349.03925	410.26245
388.18692	382.58334
374.56	424.2337
343.41074	374.07016
375.15747	400.6181
355.97284	411.6788
368.0738	382.5355
378.64938	405.53018
130.37546	77.80623
145.29506	105.13381
131.83505	93.08819
147.1405	80.96941
164.848	74.986336
116.86641	85.69511
161.22496	64.837326
152.95357	77.31468
126.95133	91.81923
176.78311	88.01143
141.52927	98.69014
150.03287	64.83653
155.68819	113.221825
127.71053	106.94004
170.03348	73.16597
156.88742	99.93922
134.92203	75.27647
178.89053	78.36464
143.3315	113.142654
158.52696	56.245003
165.60593	100.92746
140.86928	61.800354
177.01979	70.19795
149.03111	92.29955
141.59183	86.78595
183.11182	96.38637
601.6049	390.23053
602.3796	385.99973
597.84656	412.4616
592.8607	377.40088
630.548	401.52814
602.3006	398.48685
620.78754	393.67377
617.5711	402.75815
582.5787	401.7375
628.2573	386.88474
616.3672	419.01016
591.5853	389.4175
608.95135	398.84628
597.4	401.7624
608.5665	386.79416
610.64294	410.12378
593.1097	395.60367
609.7955	393.0351
598.2181	419.20654
602.7704	375.3227
620.6233	408.24652
585.6576	411.10596
614.54803	379.18515
493.43594	411.93817
486.23105	382.0411
515.1675	387.80856
482.76514	405.73053
490.27954	388.5133
508.41196	410.46185
483.236	394.28036
494.16437	395.46497
501.5721	414.13965
480.5663	384.378
499.64142	401.23862
468.73843	395.6882
494.58173	381.49188
489.23187	424.55746
477.2499	392.73834
500.11963	388.56332
475.76	400.60068
488.70868	374.9449
502.12427	422.0751
468.31683	410.4852
501.16806	378.89578
482.24927	414.32178
471.4533	386.91656
507.01642	400.94214
758.26685	407.18903
760.3057	394.70908
772.4885	404.98108
753.97687	392.2431
771.24915	391.9853
763.97754	400.58313
762.0819	386.73944
773.97473	399.03714
755.13855	399.82635
768.8057	385.7199
764.7028	407.6641
806.51074	392.672
821.65656	395.2928
810.191	403.861
816.1508	386.5314
819.36816	402.15546
807.09186	398.19516
826.80695	392.14117
816.24854	408.2282
814.039	393.68872
826.4172	402.1875
157.83856	406.29697
167.36378	400.79153
162.13681	407.67642
142.38264	395.1914
176.1976	404.9788
147.16202	414.79892
134.36728	413.2753
164.81107	417.49323
135.9018	394.60562
152.73361	382.77243
151.41302	421.7542
149.6134	389.38235
155.50824	397.52866
141.84633	418.52847
150.2388	375.4976
147.27142	407.97864
128.94077	391.78244
168.42442	387.62656
140.09209	425.77838
141.91324	379.50732
170.35886	409.34354
130.86115	407.44968
163.07698	235.85086
157.40567	276.97443
149.47646	256.60333
178.6926	253.41753
129.81454	262.16623
133.22554	231.36356
174.33066	257.5953
124.989075	253.12141
158.05048	226.78369
160.06442	253.03365
153.30551	243.38802
163.41013	265.06192
133.80844	255.08635
145.7188	237.37674
161.13828	270.862
135.6766	243.15398
163.25296	244.63208
140.60457	261.228
135.14096	238.93315
174.8511	263.00433
140.0158	246.76999
172.52408	232.33972
143.8452	277.53488
126.45876	236.45622
710.97125	403.20746
700.3969	400.5071
699.62634	394.49252
700.32446	406.80524
694.50214	391.84177
703.7584	387.50177
693.01666	410.94858
693.72327	385.41498
715.73444	396.5777
686.94226	399.11426
706.47644	381.70795
706.0168	410.5424
688.27454	392.86386
707.1433	393.12503
690.8475	403.34604
757.6153	49.260155
760.42914	83.658554
732.5636	86.981735
747.4953	58.17443
744.7883	81.64573
730.71075	66.04684
758.48	71.139656
741.6677	72.54091
742.16095	56.740807
753.9129	88.403244
722.19226	60.308514
768.8655	76.2433
734.4975	76.73772
748.9863	49.684235
764.58704	70.79519
723.70105	74.64445
766.1182	52.71572
752.21375	77.46751
733.42737	55.700947
753.82294	62.50072
744.84937	90.41577
447.38223	93.486946
474.34726	116.22514
448.10394	116.944786
462.9895	75.49281
442.68887	122.41516
436.8576	94.28965
441.3166	83.94896
428.86578	97.18037
467.19476	95.27322
451.55414	112.835815
471.13104	108.00633
477.33466	78.90129
453.80786	124.39801
448.2582	69.35054
462.00592	122.13236
419.1215	101.58324
448.3073	77.86428
432.56097	130.19089
423.81934	77.294754
459.0419	101.01724
419.31097	116.100815
447.07675	61.95812
482.31943	99.86789
421.95425	85.59257
464.00092	83.63033
433.4293	117.110596
443.3885	78.85912
477.08774	102.836975
420.6499	111.706154
