767.60486	394.9199
770.9796	402.2884
770.6068	389.7597
780.9547	404.73126
760.26483	399.9758
776.6424	394.67657
762.4198	411.30402
762.56384	386.91705
777.6503	399.88824
762.1474	405.59967
776.11743	383.11093
774.4709	410.9118
758.9373	390.83594
783.3247	394.46857
739.47955	63.776268
747.45575	57.98586
751.08997	73.95486
728.06934	73.64766
760.91345	68.5977
755.496	91.32988
728.02576	55.86422
757.73157	79.25259
740.0679	74.75451
747.063	45.555996
764.3708	89.577255
744.5562	56.01528
765.5742	53.851696
753.25507	84.59381
738.57117	53.88024
744.2134	78.764725
734.5968	75.99839
757.0253	56.07505
742.1611	95.048416
729.32	68.862305
769.9282	70.80361
738.9281	88.796715
512.17303	404.8135
516.47	410.24658
489.8182	407.26895
520.74384	396.05966
505.38272	392.82364
496.663	374.56757
516.52875	414.99277
485.66196	408.39728
496.39697	382.12027
506.9948	420.5699
489.612	383.0688
519.0017	403.02924
500.20068	405.7845
510.4829	383.41217
529.1676	412.28427
484.17685	394.0725
513.92175	373.8714
498.87173	418.86533
490.30157	396.79742
525.1377	394.51685
499.30972	400.26688
514.18823	391.15588
523.25836	414.54257
499.6272	390.39197
525.25256	385.92822
828.7323	408.36584
828.71936	396.35306
834.4759	400.9357
819.6019	400.29285
835.8143	387.2729
835.5579	406.15256
818.2066	393.52847
836.1791	392.68723
823.7799	404.06772
824.3776	388.7313
150.08748	391.07037
146.90086	386.32648
158.50668	388.72818
148.29753	405.82172
144.79762	378.69067
166.528	384.556
137.7841	396.71063
156.09366	378.97772
160.07901	400.2748
135.31104	383.08865
154.77426	396.2959
142.09639	405.40698
150.7057	377.3128
165.22871	391.8186
141.74289	385.71506
162.34258	245.15242
157.4875	278.001
150.33102	263.60016
153.61139	267.5995
126.48985	275.65985
144.66379	247.73807
148.29921	271.59967
133.49619	251.47021
162.42374	253.665
137.9451	274.6627
140.06473	240.5217
174.66245	276.11633
136.07607	258.75186
151.27078	234.76587
159.36066	288.55817
125.49906	248.5848
170.30792	253.40018
154.45506	290.58557
145.95132	234.90417
160.1802	264.95236
145.75671	258.2395
179.37396	258.45404
144.29788	283.2962
125.22099	269.00485
172.7576	259.00836
690.0729	403.02505
702.0186	394.20325
708.6604	405.8514
696.6715	396.80557
712.1269	390.24884
697.35925	404.67474
695.50616	388.3337
713.80133	399.10638
686.2042	398.80063
708.95514	385.83527
702.97253	411.85092
688.0685	390.62372
705.6826	399.04272
694.8253	412.18173
700.93896	384.0411
624.39404	405.7834
617.55524	404.83673
612.7848	396.53415
612.19226	410.1172
616.3954	390.00513
625.96857	399.93643
606.1049	394.7663
622.605	392.4961
614.8159	415.06607
602.8387	387.02054
629.0811	384.28403
606.2481	414.0208
613.0028	381.09393
631.83386	402.65884
600.53406	397.6505
622.31036	384.79724
621.2353	409.1187
594.3629	390.01187
632.67615	393.86432
604.8014	404.8717
161.06696	482.59482
153.96262	499.6705
143.15532	488.9402
164.46225	479.159
146.02617	501.50775
135.24551	479.36435
166.1752	495.9135
137.14174	490.119
155.12277	471.3554
152.44122	490.13568
145.06918	481.4791
153.58571	482.91855
142.75989	495.7436
142.08351	474.56754
160.84879	495.135
150.32976	94.01159
145.14783	78.665115
157.85995	77.96773
148.189	60.76603
165.11014	85.76974
136.71756	98.74308
167.90733	78.44201
154.71425	114.69708
117.50189	68.792145
152.38193	105.38197
161.43544	109.51931
150.25142	78.49226
174.35817	106.22463
140.07884	92.45724
152.59442	61.226677
146.58633	123.80171
116.04671	85.86928
175.77936	88.33455
137.79808	104.58518
129.384	92.71343
165.52486	106.452225
116.87666	94.73164
170.13881	70.05358
143.47716	110.27684
134.15063	72.07968
169.97736	96.5107
132.89586	101.13927
186.18983	67.735214
449.11847	119.0473
436.62695	83.26699
448.98468	99.89368
427.9554	94.93587
453.6872	60.12785
470.68823	98.25112
448.10773	81.867874
466.1499	92.99207
449.57202	107.61833
424.56415	75.30592
486.73267	104.09935
466.2964	120.71499
461.09604	81.58455
459.88852	105.37163
425.52377	104.77992
436.49356	99.65208
431.497	126.36598
436.8211	77.07087
470.47638	111.738754
438.69003	111.06586
472.40216	73.93935
441.06885	134.5045
424.12216	85.40093
479.6855	96.217476
420.9733	118.34331
448.546	91.11308
478.81818	108.97617
419.57452	93.92427
475.50034	84.30414
447.69913	125.0192
374.06903	403.39383
382.17636	407.71783
353.08597	409.71283
378.92545	385.70654
399.8778	415.35858
367.6272	386.87994
405.09836	383.30136
365.71027	430.34244
359.23187	374.50864
396.461	408.62222
364.45786	400.61496
392.50922	378.45505
362.8689	422.57916
372.49158	387.06378
384.2607	401.1173
349.48975	419.08383
380.81168	377.8709
389.8541	403.65292
357.22556	397.30353
386.96988	395.2465
366.32297	393.06342
352.4371	368.78458
373.29865	411.7399
359.91867	387.46143
388.28558	387.26385
380.53793	419.8187
344.89166	399.1159
392.08844	387.9145
362.96753	409.8668
371.45737	379.6656
