176.24539	433.10278
168.09218	436.80322
172.67705	428.1958
176.75235	440.38007
164.46626	431.49243
182.27698	428.813
165.96053	444.20166
167.33694	422.19122
182.56633	437.8733
160.38292	439.14575
175.35258	422.80673
172.63689	444.0207
159.79218	427.1922
172.23132	365.61343
170.86847	371.45895
169.19507	359.73907
179.30528	371.14752
164.75117	372.92484
177.76974	359.13538
172.03937	378.41827
162.49925	363.4317
185.45816	371.8721
159.47142	374.6427
174.20804	353.55267
178.28708	379.83148
157.11288	364.63803
183.54869	362.16913
166.15077	380.80487
165.43143	353.7253
179.6152	493.0916
168.842	491.08374
173.5516	486.6458
172.42197	497.53043
163.22144	483.6176
181.90662	486.75375
161.35255	494.8854
169.48169	478.72455
178.34717	500.1683
162.02078	489.30313
176.8367	480.60333
166.77414	500.82007
164.51352	187.2634
174.90268	194.81342
160.76053	196.4166
171.2598	181.13113
182.33154	199.35419
154.79723	189.7285
187.6853	183.47145
162.94633	205.11972
167.33023	178.20853
181.76068	189.67792
168.60861	194.49707
174.75732	185.09433
171.88934	201.83157
157.88095	180.16226
189.37216	189.42459
156.90254	201.49501
173.8478	173.4208
182.11551	207.60164
150.50319	183.7935
183.70605	180.01736
167.29446	210.06204
162.82355	171.52466
190.86742	199.31392
154.51407	194.22003
181.53506	173.8476
175.14351	207.87456
582.79175	379.11462
593.6828	383.64325
585.7728	386.79364
589.4986	378.69968
591.287	394.24988
576.9452	382.46945
597.64056	375.08398
583.23114	393.70056
580.0529	371.72388
596.93005	388.49603
574.72845	394.02856
593.015	370.00882
594.66003	398.72668
572.4208	379.4754
602.31586	380.18555
583.22925	400.07468
587.0995	371.25845
602.21234	391.10504
574.71045	388.26627
507.1153	374.1473
500.50177	400.48416
492.0766	380.6751
508.14902	380.02017
499.89438	388.2011
501.1397	379.9607
505.9544	387.5895
486.88126	383.5145
514.5561	381.83334
495.16415	394.9172
496.13232	365.9007
520.60345	386.7964
493.36102	388.59943
510.23383	368.88663
508.0578	394.11023
482.9926	373.02454
522.6077	381.00327
491.4518	401.91153
499.01593	374.2619
514.2741	395.09552
479.85992	385.29663
516.0479	371.32343
500.48135	406.41794
489.67798	374.5157
521.5907	394.1232
483.7724	394.0105
504.76947	365.16757
510.28745	402.22412
649.39	383.8035
656.2218	383.00275
652.5309	390.74185
648.97797	376.96518
663.087	387.50113
644.56946	388.93066
657.09125	377.16885
657.81354	394.92093
640.1347	378.50525
665.957	382.2854
644.1924	394.96674
655.22784	370.71637
664.06116	394.63336
638.5123	386.8382
663.9404	375.88803
649.80707	398.99127
645.8431	371.44366
718.66327	387.3688
710.2016	387.05414
716.339	378.8074
718.0358	394.88263
702.52625	380.8522
726.41473	379.441
710.94104	398.7495
709.6627	380.90228
724.19385	391.87885
698.9593	386.6448
719.7241	372.7849
709.8815	392.55902
703.9163	374.50513
722.2075	383.0964
703.1135	392.7371
710.8516	371.53827
791.2006	54.282684
778.6894	41.534313
798.69434	41.94496
785.78644	52.32552
780.237	35.35233
789.1222	45.26581
779.7357	48.645485
792.82623	38.645504
791.2552	62.203564
772.85614	35.100883
804.4317	42.85517
776.5961	56.920055
788.10956	34.204838
800.57605	56.628227
771.61786	44.26369
795.33984	29.108698
781.44543	60.670685
782.6432	29.849625
797.5932	49.427074
772.28955	50.478317
891.3571	379.5933
894.69354	393.5358
882.32275	380.51205
898.2536	382.41718
882.80273	391.81555
886.80597	375.64832
899.56006	388.65695
884.0449	385.70868
897.1634	375.7157
889.4126	391.60123
467.8881	85.2393
484.22565	91.70768
476.29184	90.90421
473.57184	61.47592
484.0887	104.206345
459.03827	96.86839
500.15472	73.3125
479.85065	84.713806
468.80435	77.76958
495.08115	89.87877
457.45328	88.9042
483.00433	77.90491
492.2977	96.02176
455.3686	72.35096
492.9544	81.10704
464.46182	101.65174
480.88214	63.129967
495.705	101.94272
456.00766	81.49813
492.9798	68.51764
474.8758	102.09637
473.7102	72.47829
503.3338	90.78581
471.34613	94.349594
485.81982	66.81714
486.93643	109.209595
464.24274	73.39825
503.38495	82.26347
476.48032	113.01566
462.30215	67.47103
403.7575	393.6618
384.19745	394.68597
398.93817	376.4195
396.74554	385.81564
388.76328	372.50323
406.33737	387.58066
389.46854	383.66818
393.7885	374.92676
412.0018	398.95865
383.43994	382.6175
403.9607	378.0417
393.3947	391.75323
401.19855	366.66586
412.00934	381.82263
376.75385	396.92047
406.48328	364.72885
398.32794	405.4131
376.87906	379.3149
415.76382	376.24384
390.88986	403.1803
387.1153	366.31052
415.33325	393.6667
377.03986	387.20618
411.8961	369.75397
398.3724	396.6203
380.6079	370.0634
419.10986	388.3238
384.25516	402.0553
393.92133	363.3824
404.85782	401.3811
759.3126	383.00793
776.4357	378.4629
763.7368	395.24628
760.3582	375.06152
774.6185	389.84735
755.47266	388.0263
769.0036	372.79633
766.41003	388.83917
754.2944	379.2001
773.8766	384.00497
758.055	392.85754
766.9586	378.37585
771.0808	395.55502
846.11115	385.09537
859.74335	375.42413
854.8594	393.77527
847.97473	376.1489
858.2035	386.70096
842.41504	390.86362
853.438	376.9081
861.5941	391.59845
843.28613	379.8787
860.3174	381.73672
849.27423	392.0079
164.89073	277.69122
182.5686	294.8653
159.61629	292.96555
179.77124	280.37753
172.84789	296.604
158.64578	287.43652
175.5422	289.11493
163.85439	301.8126
170.74487	284.859
182.43924	300.46063
166.80867	289.82007
186.28574	282.297
168.86028	304.78595
159.09312	279.72357
183.2076	289.2314
157.69963	298.5223
172.65453	276.97467
176.97908	302.51096
166.64401	60.460945
186.78598	61.904335
161.67754	73.26335
173.22997	49.318855
174.9031	73.97805
164.61137	66.75897
171.78091	60.420757
165.03561	81.43168
167.03384	52.117683
176.99213	67.169304
155.48087	78.408775
185.99326	50.041737
181.7353	76.93994
155.54134	61.060345
178.66678	59.226677
163.93752	85.83812
158.71996	52.891254
189.54501	71.817276
153.1855	68.83761
182.2651	43.181763
181.58578	84.94273
151.45358	55.083607
191.21352	66.48484
154.58633	82.7625
166.47794	43.45828
189.7965	79.23543
148.77084	60.387928
191.11252	57.04012
174.93246	84.202515
801.59064	378.59317
819.68195	387.2618
802.8378	392.38422
812.794	381.05878
813.1076	389.70956
807.30853	383.15106
822.1322	380.68628
808.57544	394.0749
807.8765	373.9444
817.5692	394.39883
800.4851	386.0279
815.88855	374.9893
173.1428	555.2523
161.76285	537.13715
176.98863	542.89355
163.31653	554.79065
174.31831	535.97064
178.6333	552.25464
164.73701	542.5024
180.33606	536.7844
169.35194	549.288
167.99057	535.339
181.7329	547.39026
161.36292	547.6154
