792.17255	383.5538
785.80084	387.04767
791.8281	377.31766
794.8583	391.06424
783.5987	378.67896
800.5006	379.3037
788.37537	392.77887
785.6953	373.19614
800.0094	386.64508
780.05536	384.65765
795.1527	372.9766
372.69717	386.7265
364.47937	377.36093
382.57916	377.6395
360.1029	391.5138
369.9168	375.411
378.33722	392.44153
362.11108	384.12198
374.47284	381.5551
371.40906	394.77594
361.98663	369.07336
382.27814	386.9444
351.95157	392.826
375.57898	369.42767
379.73407	400.80527
356.90613	374.62204
389.75098	373.46304
363.9239	396.6629
363.74902	362.7215
390.75302	387.0527
352.27844	386.25137
380.17764	364.34695
369.8461	401.9782
353.3175	370.3856
388.76166	380.6782
359.0567	401.23456
370.14752	365.5089
387.1906	395.20908
353.62308	381.0222
383.635	370.44757
161.54503	61.277138
157.28484	52.226967
167.33047	59.135567
152.51698	64.023224
165.63657	52.038963
164.66714	66.49109
152.76149	58.168568
174.01108	49.405968
155.29007	69.96414
154.68353	44.38771
175.43033	63.63732
143.5607	62.769966
167.27077	46.4543
170.64621	72.344864
147.43399	42.22248
178.68735	55.00001
145.5834	73.52426
165.19621	41.830383
175.05971	75.55686
148.39755	53.65634
179.67638	48.433575
157.37848	76.642456
158.8394	38.49253
182.08992	60.26885
140.0079	52.890068
171.98727	38.626892
165.23184	78.074196
158.71497	418.65607
165.05214	419.3986
157.80724	433.8395
158.64655	407.7803
171.8952	430.37534
153.55925	423.80112
169.16476	414.5004
163.92867	426.3313
153.37103	413.31366
172.3493	423.7177
151.92696	429.47495
166.22096	409.48804
163.82297	433.41415
149.07735	419.16153
174.56322	417.15936
663.15967	387.61868
662.55145	377.72015
668.7109	383.72162
656.6138	384.34058
668.80334	375.9538
665.4425	394.00378
655.159	375.91983
675.6659	380.83694
652.87085	390.39142
666.04456	369.1814
672.1713	393.63794
649.9498	380.8786
674.7483	373.49213
658.8988	394.23444
658.30164	370.7649
674.69104	387.95526
751.29553	384.8468
756.6843	378.0437
760.31964	389.9562
744.44403	379.85724
762.5224	380.2459
748.85657	392.51575
751.6469	375.1946
764.58453	385.48218
743.6131	386.67886
760.4199	372.19632
754.92444	391.4035
746.8404	373.02264
719.62103	383.86823
705.3041	387.60315
712.85803	379.24667
713.3205	387.93246
706.246	381.01367
719.2721	374.69553
707.15247	392.84445
707.8596	372.06473
722.7667	388.90536
699.95984	384.952
714.5717	370.98138
714.47705	394.98352
701.63104	376.1339
724.0233	378.6148
448.25507	87.7663
447.94183	70.185104
454.98676	82.52933
434.96002	69.95286
461.57813	68.466866
456.42645	89.4385
443.18027	79.660194
464.36832	94.91025
441.00952	93.04797
458.2792	78.67476
452.27985	97.112045
432.50116	82.31219
474.51678	81.359024
442.9694	99.066605
439.21542	67.32079
458.22226	103.37616
438.47372	84.525276
458.84674	59.291943
447.05475	103.11476
429.81714	69.48327
465.59335	80.42682
430.7608	99.8309
450.86224	65.171936
466.90347	101.943634
427.3182	77.06908
468.3388	66.557785
435.7977	104.291466
443.61523	62.27765
468.1604	89.53536
429.51227	91.9533
542.08624	379.1868
538.15076	385.45984
528.5265	377.60672
554.00854	381.1759
528.8563	397.81714
536.96704	374.9754
545.88025	386.5344
532.5222	383.4675
550.194	375.24713
536.50964	392.4408
532.50006	369.65213
553.7782	386.9879
522.8966	391.48383
541.8978	367.156
545.8003	393.1214
521.7316	378.8956
556.3401	375.12274
535.8702	399.2592
536.4933	364.80957
552.84406	394.091
526.80597	386.6461
547.8292	369.25992
543.493	399.1903
524.55005	371.43576
746.60065	53.895123
720.0703	70.194786
739.4354	48.522114
747.23694	67.388985
720.4299	55.88568
749.0497	47.07935
726.4445	73.64437
732.9332	55.61071
737.5551	57.46875
730.54944	65.47628
733.66205	42.212765
737.7118	66.525276
729.7183	45.166534
747.0597	62.551453
733.62683	78.53082
730.4295	37.609783
753.04407	68.9803
723.7396	48.718987
746.7311	42.14896
739.88055	73.35924
717.0479	45.86259
752.98346	57.37887
720.26587	62.96344
741.2144	38.671227
744.6313	76.55421
712.9138	60.684223
755.6751	51.1219
160.3121	484.72736
157.71034	471.1574
173.3634	484.3813
151.11154	484.75024
163.43654	478.3195
162.64743	491.4687
151.82674	473.94904
169.45837	480.05206
156.29199	492.0328
164.80136	471.12656
168.9977	489.91245
154.73824	480.11826
172.05292	473.07178
605.8752	386.8835
597.4073	370.75653
616.48206	384.48978
600.9211	386.75436
611.788	371.96866
611.17444	389.29376
605.1258	379.6773
612.43884	379.41605
602.4377	397.21448
606.0896	367.13092
622.6581	385.44653
592.83636	384.9831
618.2218	370.8925
610.7074	395.85687
595.252	378.90146
621.79846	377.72574
596.86194	391.7757
603.89343	374.23102
618.4081	392.6061
156.85783	346.20178
172.67429	340.31982
159.28275	355.38602
158.94586	333.51312
171.22798	353.78558
151.2122	351.59616
165.15836	344.64624
164.647	352.10004
151.49295	342.14996
174.98369	346.43106
157.27808	363.88025
164.61911	335.84573
169.2201	363.8088
145.64243	348.19626
170.39377	335.22284
164.01604	360.78653
152.60985	336.646
177.37521	353.07224
150.83148	358.15457
164.7366	260.58676
166.35205	277.34113
155.60275	263.8055
178.15785	258.03104
153.38284	281.00238
157.54372	257.54816
168.3743	268.43826
145.74014	267.5681
164.69266	250.02336
163.20479	269.86493
148.79898	259.259
174.12375	262.94513
156.09836	272.764
158.81737	249.25574
173.43723	277.13354
151.99724	269.4926
170.92528	254.07515
160.76851	281.79855
151.91066	252.4271
175.98235	269.86554
816.5658	389.88965
825.9491	374.33817
828.26917	391.52042
815.01	378.03568
830.8198	381.3814
823.0632	389.92047
820.78455	375.84576
832.2287	386.6648
817.64734	383.48105
832.4302	375.81064
461.58212	385.0384
449.7076	376.78586
472.28754	379.18585
448.67267	392.19373
455.6874	376.93304
467.21103	395.57843
441.61542	381.33423
473.6665	371.47708
459.2662	392.5047
453.11102	363.20587
467.3195	387.65817
445.90424	385.70078
466.15585	376.9932
462.14667	399.57782
442.0717	374.71286
478.37744	379.5445
447.84985	398.58917
457.60855	369.8344
473.05475	393.52338
454.08197	385.75143
466.46982	368.28015
455.0437	397.89862
449.76547	370.67194
475.9804	386.9498
440.97308	390.96658
462.5285	365.11005
165.50749	176.64462
160.75746	166.25446
172.1436	166.49245
153.93015	183.89919
158.14114	150.13943
172.56593	174.68837
147.88766	167.01236
168.65692	162.80165
157.72437	175.86331
151.22063	154.00551
178.29626	170.12343
154.4188	170.80301
164.01106	158.68808
172.4749	183.6783
141.87851	167.3323
173.14104	156.32565
160.10349	185.24039
157.55603	157.64433
178.46819	178.65646
145.85808	176.15445
167.11734	151.04324
167.24136	185.44492
148.36397	159.75719
182.43298	164.16908
148.3934	181.48587
160.75137	531.6632
172.05914	539.86255
154.18814	535.89923
170.03398	526.20386
159.78621	542.0833
156.48215	524.4176
165.95297	536.3501
153.52261	543.52924
163.00673	525.67114
165.59201	545.66754
150.9035	531.1956
171.52203	532.4354
