735.7598	125.07262
729.3815	127.33156
734.13513	118.21472
737.80817	132.47414
726.05945	119.41058
743.23474	119.53325
729.51874	133.34482
728.1443	114.07107
743.2452	127.04808
722.9354	125.08744
738.0642	113.85372
733.6918	45.925495
729.7014	51.419502
742.4154	50.387474
728.2118	57.035133
725.5985	44.84955
740.71246	57.585167
721.9275	53.51125
739.73083	43.498028
734.55176	61.427654
722.9031	36.92373
751.8808	54.00584
718.66785	63.74328
732.71936	37.26226
742.6972	63.31828
716.1245	47.289604
747.834	41.055367
730.3941	69.07801
727.39716	32.913727
749.84326	60.34072
714.6493	55.499798
744.9739	36.815758
739.0447	70.63166
719.7103	41.51807
750.6027	46.949932
725.9214	63.798653
738.83813	32.342243
526.8451	388.32404
517.1172	378.40427
524.79626	376.14236
518.635	384.96103
514.43384	369.6579
528.4541	381.8485
512.4765	387.07367
522.3936	370.0953
521.62665	391.24023
512.05286	375.1009
534.6591	372.32318
514.7887	394.023
517.78906	363.33835
536.6637	383.81525
505.80377	383.39276
532.1278	366.67035
523.7813	397.08813
510.1315	364.84958
536.19305	378.29965
507.56552	390.64862
524.617	363.1535
532.3553	391.27795
504.6712	375.05548
711.4564	376.5553
704.79755	387.07672
703.7082	372.5696
714.9429	381.6474
703.2916	380.61618
709.96265	369.64557
710.9625	387.82867
695.68054	375.0867
719.93726	374.08633
700.7577	393.4044
704.2821	364.74042
718.0448	389.03668
695.3688	380.8735
715.7975	367.7889
708.27893	394.2149
697.49695	368.91034
720.89984	380.73322
694.71936	386.8055
794.77026	371.54153
796.5696	383.72675
789.35004	377.11917
798.6285	377.25864
790.505	388.85638
789.151	369.06717
804.1426	385.18726
786.7798	382.06686
801.1532	369.1855
797.0577	390.6092
783.0148	374.1282
804.94354	377.8219
783.8599	386.68356
446.98407	375.3566
449.3086	388.6005
448.2807	382.1437
454.49908	377.52487
452.4831	395.72687
448.5547	368.37115
457.51895	384.27994
441.06866	381.95007
455.4427	367.9545
439.91388	393.76285
438.17682	372.37766
460.08853	375.0914
446.30713	396.76712
445.38495	362.29352
462.61176	390.53
433.41074	383.06622
461.70868	365.42526
467.72406	385.87454
439.15454	365.77393
465.61685	380.85968
437.42026	388.12454
453.31744	361.49643
458.575	394.44345
432.79306	376.13318
466.83603	373.60504
370.14322	395.39594
365.4559	367.79285
378.9336	385.98822
368.01868	388.75302
375.74097	372.29425
369.603	375.88263
358.64896	372.6695
378.17654	378.9645
361.76462	385.84262
374.25723	365.5318
374.69427	389.95023
364.8852	380.20233
384.44357	371.61584
363.75827	398.03198
361.34543	364.58563
383.90964	381.7154
352.64017	387.41946
378.57227	360.79
381.9026	396.02673
350.5625	375.27325
390.1313	374.94043
358.70047	393.86972
370.52887	360.21014
385.45276	389.55487
354.8129	380.80228
385.05807	364.51932
375.47797	398.28442
355.92072	366.13223
390.4992	382.54138
642.30896	385.77158
655.22125	373.6408
656.5143	387.0771
650.01294	380.0742
663.144	375.2639
648.53143	386.57074
647.9254	373.45132
659.06036	381.18866
636.146	382.59796
656.61255	365.24704
657.1173	394.2791
639.525	371.5424
666.55035	379.8248
643.2301	393.27884
650.36847	366.52454
664.3253	387.87344
639.56305	377.2731
662.8048	369.26968
650.45337	392.81598
642.2965	366.05893
757.55365	381.9588
748.01227	383.7504
754.5309	374.25287
759.069	390.83295
747.8248	376.9583
762.682	374.41296
748.4813	390.51892
752.1281	367.86447
764.2601	385.5365
741.6598	381.13623
759.9031	368.7925
753.648	386.36984
744.7301	371.40564
766.36096	379.3496
155.46344	545.10095
164.23235	530.7508
172.54378	546.8353
154.35573	534.0211
174.4043	528.625
165.37108	537.47876
159.26755	524.3402
175.0599	540.25305
152.67087	539.6548
167.74924	524.867
166.62128	544.93506
157.62564	530.1061
173.9323	534.1406
161.12021	546.8304
159.60072	147.66124
173.26982	160.72311
156.03918	157.20097
171.57817	147.1693
162.43442	155.38704
155.21964	137.01593
170.96307	153.7948
156.62032	164.43677
166.54488	143.48523
166.01715	161.94487
152.32352	149.55405
181.00606	144.89972
160.68396	169.28255
161.1858	135.82457
183.05876	158.555
147.91914	158.14598
174.29349	137.46472
170.57968	170.15884
153.50623	142.8193
177.5679	151.76782
150.57605	166.36841
167.85704	136.90343
176.88913	164.08603
146.80476	150.44339
169.82861	406.7754
163.15868	413.444
158.3433	402.79428
173.69872	411.36182
151.51944	417.9663
166.51208	402.4152
169.42561	418.01334
147.93488	408.46237
176.96082	401.77582
158.52965	424.25146
159.23863	393.15228
176.75832	417.99503
154.51434	410.85065
172.77199	395.84412
170.35912	423.9898
151.3015	401.69797
179.69568	408.1209
159.04408	417.58066
162.43074	397.78214
170.23128	67.83657
152.39955	46.651367
171.31445	45.014954
157.96153	53.13209
159.64333	44.906975
168.24188	55.30082
145.91063	58.784126
170.9183	37.880524
165.97414	71.34311
149.16318	41.08875
176.94208	49.889626
156.02078	65.350494
164.93175	49.202183
175.0333	58.51339
151.88318	55.36739
178.87068	39.6539
162.41348	60.93261
153.7286	35.964466
183.90643	54.28708
149.24852	65.90649
165.14804	36.319324
176.59404	69.762344
145.46304	48.641785
183.44432	47.88871
159.61638	70.760826
159.77197	35.933678
183.32027	61.05996
155.51224	247.28464
171.02179	239.13167
163.79512	251.47383
156.46097	238.73682
170.24063	248.87704
154.27621	257.78055
166.98985	233.17325
169.26329	255.63022
165.14578	239.44597
175.0493	244.58357
158.93765	251.40666
153.65831	229.2813
181.31985	249.02849
148.65274	252.55742
167.751	227.80013
168.84036	262.10526
149.15051	236.95769
180.5745	239.39975
160.80862	260.028
159.746	231.22871
176.74548	255.40482
148.69484	243.99973
175.92538	231.0597
586.3247	384.16885
582.31287	369.84445
592.6823	382.78925
579.1676	384.2083
595.2355	368.60336
598.29614	393.03223
583.4078	377.09003
603.12866	370.8889
583.8373	390.83234
587.6108	363.86572
598.79016	385.275
571.2407	383.70343
595.63214	362.7761
592.137	394.1938
573.7374	371.90082
603.4715	377.7977
577.2452	390.59924
589.4215	373.7259
605.5775	385.2152
575.86053	377.86115
595.9353	376.0498
585.89734	396.57144
578.18823	365.5247
166.35202	331.93884
150.28206	336.67523
165.5438	326.07193
169.91507	337.81555
151.47177	327.39496
181.54259	327.60626
161.6271	336.5877
161.75703	314.84616
178.5544	337.41357
155.80382	332.49606
173.14859	317.16895
165.87569	342.68927
157.0534	324.6428
175.15361	330.24756
154.00912	343.33386
167.38779	319.20084
174.8129	343.3224
146.76901	330.9141
172.94702	324.26804
162.20139	347.3853
157.01865	318.0388
171.03012	480.5301
151.61852	478.0848
166.54874	473.3751
165.94083	482.77597
153.8822	472.01324
177.09135	474.1894
158.98563	486.54376
162.2258	467.6819
170.86465	490.2024
160.20686	477.73257
172.83617	468.16107
162.92981	491.93417
156.12149	465.8493
176.67833	481.48663
154.46303	484.09903
167.89537	464.23553
449.54498	99.753975
431.08365	83.06416
455.95377	66.36581
444.3427	82.37296
447.83392	77.786026
468.32208	80.899895
439.73868	81.83045
451.6093	56.21175
454.71378	94.38469
439.8355	65.04601
460.42398	77.92462
437.29868	89.34007
454.6949	75.2434
459.33325	85.17792
427.3625	72.43706
462.85556	66.9314
449.30817	88.09259
431.60855	64.98122
467.5769	88.97605
432.56323	94.75703
447.49283	67.582726
457.2337	101.73286
436.68335	73.57078
468.76398	71.50072
438.87973	101.97994
444.0583	56.318916
468.13144	95.219826
423.83405	82.098404
468.3438	62.270374
445.29752	102.780334
