734.08405	121.93317
730.2071	126.19059
735.6473	115.117226
736.61475	132.33218
723.9331	120.02915
741.37195	119.292564
729.04675	132.8714
728.6703	114.637924
740.5909	126.94662
723.05743	127.61971
593.6924	366.25806
590.66815	379.35052
584.028	375.17957
595.7955	374.2965
588.3214	386.21994
588.3407	369.80304
599.4723	381.58228
581.43304	381.62726
601.8262	368.5178
591.9556	390.8866
579.72156	369.1121
606.4223	380.0013
577.9972	387.04718
598.40796	362.8672
597.6693	391.2912
575.8235	375.79605
605.6059	374.11267
584.6683	391.72443
584.8392	364.21783
602.5536	387.66986
164.65552	346.34027
169.69821	341.9964
170.94206	356.65466
159.12059	341.25476
171.89682	349.169
158.39108	353.1555
164.27966	336.78445
178.89395	355.48758
151.41116	349.78534
176.43388	337.6241
165.21725	358.56598
151.8309	336.70905
181.25906	349.67487
152.34076	356.18628
171.71486	332.85944
170.61171	362.49216
150.77924	343.42593
178.87086	342.89682
159.24408	361.60617
162.49634	330.81903
451.9002	383.56268
439.43393	375.7049
455.69977	375.34244
445.20575	379.67133
448.9544	373.68826
459.77496	380.4895
440.4706	383.18158
449.81128	366.82135
455.23276	389.89722
441.0057	369.62454
464.53387	371.07916
441.10504	389.0154
441.83173	363.98117
466.52823	383.1073
433.54337	383.061
454.21637	359.79745
453.94156	396.11356
433.7392	367.3373
465.7557	377.00632
437.50122	393.40942
447.1706	359.94595
462.01398	389.4655
431.77368	376.87604
461.10175	366.1623
447.72333	390.6948
648.10657	374.21118
657.87476	380.63226
644.97974	381.20465
653.08203	370.40204
651.62885	383.52264
639.9811	374.38766
657.0536	374.1049
645.69324	389.61182
645.96387	365.11682
663.59924	383.9672
637.33386	382.99152
660.3639	367.23026
652.7594	391.42767
639.4824	367.0013
664.2248	375.49402
640.0113	390.6119
651.9642	363.51706
659.3314	389.4123
634.5665	376.25543
741.4269	48.623146
731.7182	51.651794
728.85974	40.59738
741.1638	58.29522
723.8916	57.10035
737.2035	38.82264
730.14905	58.23194
722.40735	45.886276
745.3507	53.371643
722.7474	69.122696
734.37946	44.91386
734.7793	60.85848
717.2346	52.530834
744.87854	37.63814
736.1704	70.24099
718.37537	39.1197
753.6749	53.68944
720.11584	61.798683
735.0657	31.478424
739.93176	66.29028
714.4632	44.208836
748.4978	43.772133
729.21924	69.49534
724.7997	33.522446
747.2776	61.522808
713.96387	59.142204
756.2565	368.77655
753.23016	381.29794
741.37756	374.61655
758.338	376.2371
744.8396	386.93353
750.74365	368.18256
757.843	388.2175
748.33057	377.0483
762.67883	371.86673
751.00037	388.06644
744.69885	367.72522
762.21173	381.83136
741.6618	380.86792
162.48843	151.94574
166.95334	165.84853
166.09438	160.53702
170.85684	154.0197
156.31491	167.47603
158.19504	145.19354
177.36502	166.83969
159.48407	158.38126
176.36575	144.79742
161.70686	171.32925
151.84364	151.14575
175.71164	159.62418
151.0172	164.68517
168.74196	146.22092
177.07079	172.49606
151.14392	155.70294
178.24753	150.19148
161.6039	178.08298
161.37268	138.67952
183.75046	162.54245
146.37302	161.02316
170.87196	138.80112
170.91711	176.86787
151.262	144.8774
182.79765	154.45273
520.99445	386.63812
526.81354	365.8104
531.6067	381.45575
517.04694	378.6594
535.56116	368.26373
526.4545	389.1034
518.4901	367.5291
527.5519	374.0948
506.59296	385.41492
523.32025	379.93768
534.89514	386.5266
515.3146	372.43613
541.1499	372.41583
518.83575	395.3008
519.0806	360.99112
540.673	382.3054
511.7583	380.03964
533.2351	361.6521
525.8522	394.5137
510.17188	367.03412
536.62256	377.13867
512.7906	390.34085
526.0755	359.55872
534.3391	393.0757
507.48227	374.28754
372.61298	371.37985
369.991	380.197
364.58038	373.48114
377.12167	378.54218
362.5157	385.80173
379.41553	367.79083
372.86227	387.68225
357.06015	371.847
382.10956	374.27963
363.69962	392.06488
368.83142	365.91144
378.41708	385.49225
360.56268	378.3326
387.0163	366.56415
375.8554	396.0694
358.03546	364.77646
387.45773	382.04987
358.06265	391.3742
371.95166	358.52655
381.90732	391.98874
351.13705	376.09964
390.5818	374.66705
369.8155	394.8217
364.66888	360.613
387.93024	387.38116
355.20892	384.27527
378.35333	361.4898
705.3361	381.18552
702.00433	374.00665
711.0864	377.97992
696.4316	386.7072
705.9701	369.36877
715.5968	386.15436
697.37	378.59293
713.4962	371.7353
704.862	387.61496
696.89276	368.0233
718.48157	380.55585
691.6267	381.64554
711.2348	365.0394
710.59814	390.57523
691.60077	372.8883
719.30286	371.74292
700.9621	392.0539
703.1168	363.64917
456.44247	81.37261
437.58398	82.51591
450.75214	68.748924
449.1144	86.96832
440.43652	66.37366
463.91202	73.18718
437.0681	88.758156
446.13632	80.02522
466.08417	97.74753
432.54688	74.8489
472.01285	65.4925
441.6762	92.46352
443.72192	61.26645
465.41455	83.31319
432.941	83.31838
457.12506	56.009056
450.30356	98.14452
433.71918	70.004395
464.33603	64.500374
441.56866	98.325
450.67578	60.317238
467.5433	91.404205
425.55045	78.635315
454.54117	73.80937
453.4555	91.0139
434.09854	61.532024
470.09442	77.17616
434.78824	96.21709
787.0227	372.63654
789.7754	386.80698
777.099	373.8487
793.6425	376.03476
779.9093	386.6136
782.41656	368.98297
794.2039	381.9251
778.15344	379.74704
792.7079	369.31964
785.381	382.8125
152.69667	46.167374
173.60399	46.580616
159.59329	52.82249
165.01584	47.696323
175.08307	73.11512
168.69183	54.316856
180.3865	44.029293
161.83635	62.400703
159.96219	44.83486
178.17432	63.129433
150.93533	62.925396
166.23508	41.602577
168.80708	59.780876
146.7932	48.258507
184.27756	50.474022
163.92943	69.87886
161.3194	34.14111
186.17426	60.683952
144.92894	57.24363
178.77142	37.226204
160.34099	76.780914
152.77597	37.344402
177.64902	55.85067
155.26663	68.97841
170.35495	37.231422
170.23904	67.34974
154.17317	54.280975
178.61496	422.52744
162.6293	435.8143
161.19936	411.47168
176.60034	432.34872
153.1246	424.64233
171.75291	418.0794
165.90787	429.3567
155.38174	419.1208
171.48846	425.9564
154.94307	436.5812
164.7322	418.19403
172.56099	437.8397
160.54105	426.43872
176.62369	414.16766
165.75424	440.6397
152.58066	413.82666
181.19217	427.13834
151.89595	429.9764
168.4535	410.79852
173.0076	265.0236
153.23146	251.42224
168.5734	253.48499
165.05319	270.74548
162.83719	245.52641
177.18474	261.2663
162.907	257.3225
173.6637	242.8135
167.90518	261.32867
157.97768	248.64285
177.27689	254.40022
159.1335	263.47006
168.57744	247.3323
172.78598	273.3709
150.9291	257.2324
180.19466	247.42612
158.68457	275.6438
155.9813	240.86955
183.4052	266.76474
149.78868	264.30713
168.40912	237.41118
165.53668	277.9524
147.21585	251.5491
184.09854	252.68474
153.84653	268.90018
166.29672	485.8986
171.34154	504.30035
154.13792	496.43658
172.99483	491.2299
165.34319	513.1051
160.41472	494.1241
173.4498	497.57837
152.70468	506.96957
166.55441	494.705
172.32394	512.53455
150.64606	492.82648
180.45407	495.48712
157.41556	511.28925
158.7009	485.52692
178.3327	505.1516
158.3372	501.864
175.23022	485.39008
164.9682	503.66864
157.28215	549.1826
171.52637	555.084
160.83084	566.4113
167.42416	547.2484
171.04271	567.231
155.46944	555.9912
174.3005	549.8308
166.55139	562.395
163.00037	551.51917
174.64496	560.1717
158.89474	560.76324
