594.6251	380.61258
589.8021	383.07516
597.5515	373.63004
597.47003	388.59247
584.44617	378.75403
601.1145	379.83893
591.2628	390.74933
588.00684	373.51312
609.54285	385.1651
582.70245	387.8597
598.77454	366.7883
598.5027	396.2821
577.9915	376.40887
607.80023	378.2383
584.2947	393.92493
589.5288	367.31024
604.3098	391.36496
577.36487	384.40585
605.7428	371.37177
591.8094	397.9988
583.14667	368.9428
461.0211	84.73791
446.70557	92.056114
448.9859	72.144806
454.52594	84.35994
446.143	84.43697
456.3082	73.86412
448.08563	99.3316
429.6772	66.99328
468.0559	89.67985
437.3731	84.10152
451.1232	67.70893
455.2225	101.77613
446.54486	77.12997
464.23447	72.2325
434.424	98.50693
436.4511	75.13389
458.29144	91.013016
426.69745	83.89031
460.6978	65.67076
440.4876	101.71923
438.1522	62.95508
473.448	83.873825
427.29132	90.040245
453.84854	61.792564
450.6396	108.058914
425.62384	70.48321
473.36923	75.78648
429.21182	94.047005
447.28915	58.550148
467.17538	99.40828
730.233	123.32638
740.9974	113.73696
736.5545	129.77718
730.379	114.144104
743.53015	125.098495
725.36414	127.772415
735.61707	117.263695
743.0173	131.84721
725.6901	118.84872
744.0617	119.366714
730.83154	132.77335
450.8642	375.60776
462.12256	387.12454
448.17392	388.93472
462.21173	373.15424
455.77466	387.39023
445.69067	378.4596
464.5905	377.52823
453.46368	381.00226
455.25702	370.97025
461.66348	392.62848
441.6796	383.9411
468.69116	371.17642
452.3087	393.9909
442.65912	369.26678
469.10703	384.9356
440.10815	390.5118
460.4314	365.00983
459.4899	398.89346
438.4212	376.9754
471.30746	378.76147
447.2099	397.92548
449.8658	365.90277
470.2601	390.93518
369.51373	383.27643
377.52228	374.5437
375.5495	387.59656
364.11642	372.81372
378.916	381.17807
362.45505	393.60925
370.2616	373.1603
385.4172	389.60464
361.8622	385.5069
383.50446	373.54254
371.45572	391.94153
364.10556	363.3624
386.6937	381.31668
351.64575	389.12515
375.96124	366.4449
377.83862	398.9623
360.1314	378.1126
393.0452	374.47797
364.32462	399.37262
369.8497	361.2918
389.97086	394.86227
353.61118	381.6203
385.42657	368.92157
370.55997	401.23785
358.23413	369.5205
393.0477	387.93283
357.54694	394.9538
382.25256	362.02258
382.37515	395.62097
351.73712	374.78436
166.67824	169.21703
159.98622	179.1633
157.18364	166.50803
176.68079	183.28464
147.41475	175.5804
168.84212	162.04007
164.46951	186.74054
150.00781	163.9725
173.66193	174.66869
154.22368	179.5921
160.99667	157.58974
166.51608	178.71939
157.15514	172.53976
175.56528	160.74614
158.93977	188.69176
154.3901	157.74141
181.03363	175.87326
147.98587	182.13121
167.75421	156.16177
171.25325	188.95226
146.2259	168.48709
178.19986	168.38933
153.55759	189.42186
749.1034	379.02737
761.10626	387.68985
743.4764	383.5585
758.3003	372.53867
749.8959	388.60455
745.9884	371.61575
755.0661	382.52917
743.28284	390.60785
752.72327	373.89676
754.80774	392.7056
740.6483	378.32056
761.31647	379.50662
654.15234	386.60867
652.333	368.67487
659.8148	384.26312
647.76215	384.96207
662.613	370.22784
659.03925	393.65366
644.52673	374.5401
663.54333	380.38797
646.23706	394.0533
655.30505	378.08063
670.0525	387.14423
642.0084	380.12985
667.6141	372.20645
653.3766	395.5536
646.6221	369.5224
669.7638	380.3926
642.3155	387.11856
657.1765	368.71445
665.3338	393.97375
522.0671	384.59357
541.33167	375.1163
521.7849	395.08853
523.76685	367.62994
533.7623	386.36688
513.6413	383.94565
530.9536	373.22296
528.12994	387.45367
517.79205	377.2342
534.5423	379.64157
516.50696	391.83078
525.10974	377.21823
539.256	392.55844
509.40314	379.80133
536.0813	369.76694
526.2315	398.33078
517.72614	368.84082
541.48645	384.2832
511.06747	390.5993
529.3345	366.47498
531.2577	394.43893
512.34875	372.16702
178.55995	351.54813
151.51361	368.1845
158.71857	345.1994
170.5239	361.63425
159.47159	353.17224
166.37186	346.48465
161.62106	360.80774
151.72089	347.8095
169.3435	355.1451
149.69455	362.06168
163.36638	339.03653
172.27263	367.29907
147.17184	351.88684
173.376	349.48608
159.4636	371.2205
153.87245	339.39832
178.45538	360.6011
152.5712	356.5517
171.33444	342.2072
164.3323	366.91473
778.12573	377.0271
795.4658	378.2154
783.4242	391.05862
787.5425	376.30487
794.44836	390.3197
783.0074	382.36267
793.151	372.3343
788.579	388.3902
783.45435	371.9101
795.5678	383.79803
777.274	386.3623
162.83765	429.09042
171.48592	448.44867
155.91417	431.19595
169.31282	430.14404
157.8633	437.33017
157.24074	425.21942
176.19907	439.04858
150.47952	437.58307
172.4558	422.39325
163.0334	448.2964
155.18213	419.88257
169.39287	437.67456
151.18903	443.56137
164.36096	420.94037
167.7291	442.125
147.7234	430.47943
176.23058	429.5783
157.16556	446.23883
157.57845	494.2928
173.57903	503.469
153.68399	504.81818
165.96104	487.44318
163.62877	500.21646
151.28987	493.1289
171.66228	497.74506
157.30307	509.6708
160.74223	489.7653
169.62671	508.83356
154.57858	499.5645
171.16411	491.76083
163.22575	508.94098
726.8118	40.875767
734.98157	49.162964
728.6315	59.055115
741.7607	37.984005
743.186	62.83075
723.10187	44.894897
743.26013	44.257347
737.2406	57.99781
734.3388	33.903175
743.0145	53.913567
719.0768	51.81182
742.22424	32.456123
740.64874	69.54289
717.80444	42.178394
751.84296	47.412395
723.17017	65.17998
735.59454	42.847397
750.3598	60.139183
726.48987	53.652973
750.00494	38.41908
730.26843	66.01605
727.195	33.674713
753.38477	53.781013
719.2153	59.512
164.34326	55.262787
164.56174	77.33452
157.6994	64.27048
170.0348	60.923004
165.37485	68.52324
158.36642	56.5624
173.39626	73.30904
149.11665	69.44138
175.97232	44.377007
157.90364	82.8685
155.24063	50.859474
171.68422	66.9307
144.20663	75.04396
168.00974	49.68938
172.96764	80.13114
144.42538	55.3808
172.90897	51.220715
152.86185	80.75966
150.74255	44.454407
184.82834	65.40523
144.48589	66.28816
166.16684	40.96114
163.35794	84.400925
143.88199	49.36384
177.7931	61.607025
153.73737	74.34774
159.1639	39.511406
180.59029	74.139984
151.64175	60.262493
182.8734	53.607067
161.23062	278.36978
157.45834	257.02332
178.49208	270.43835
149.63846	271.68292
165.33534	262.39645
168.08124	273.96234
152.94698	261.9588
174.00006	260.25244
149.212	279.03543
156.24428	249.17557
176.77933	276.5501
163.67044	268.0928
168.3989	249.83908
165.35379	282.9736
147.46138	259.66376
171.11046	266.86368
156.86594	268.8859
166.03006	256.3663
172.46005	281.0899
145.91534	267.36255
176.92891	254.4843
156.04451	282.08707
155.2011	541.02893
168.22342	553.59485
153.59988	559.9063
164.85344	541.4961
165.01749	560.18024
153.46082	548.42706
172.1455	549.2899
159.66347	560.2089
160.45554	545.25494
172.02486	559.83307
155.12276	554.0711
171.75836	542.7652
710.10156	386.80008
703.006	370.14194
714.4843	383.33472
701.03906	392.308
710.45886	368.87424
718.363	391.1579
702.0543	380.3856
717.5855	377.82718
704.9298	387.025
708.5146	376.05704
721.34235	383.4029
696.6247	385.85956
717.7107	372.112
710.76953	394.23163
697.7199	375.56903
