787.9285	55.91822
775.9707	56.728912
782.224	52.753277
780.0995	65.51761
768.2433	55.453163
796.08716	52.320282
786.69446	73.005066
776.9035	50.89689
795.18005	59.890614
771.7297	64.77651
788.7931	46.115902
791.0006	64.173965
771.6918	45.760887
800.0269	57.053577
776.6994	72.25595
781.8525	39.90594
797.0253	69.05678
765.4796	63.082573
796.7992	41.87039
788.1658	79.50486
774.31085	41.01653
805.0187	62.36085
768.6569	71.671
789.9369	38.475388
794.4581	74.37587
762.22906	52.613533
804.3923	51.275024
774.1753	79.46458
172.65297	406.65424
176.56573	412.01675
165.31216	412.05743
178.00888	400.93326
176.84819	419.38614
167.53915	403.26166
182.14725	408.38986
168.26254	417.5607
174.23874	396.16806
183.37933	419.1208
160.93065	404.50946
184.91963	401.8815
170.99355	422.84174
166.89285	396.95923
186.79526	412.71133
160.53386	414.5371
396.83026	374.45233
397.45102	389.19116
386.8588	375.2628
402.59647	376.5279
389.80368	393.39493
396.61884	384.0373
411.10577	389.4508
389.49628	385.992
403.29007	369.32773
399.06833	394.57468
391.43402	374.23767
407.10486	380.77963
382.44534	388.01178
396.20447	359.75958
404.20502	394.88068
382.88922	379.54395
412.77142	370.47028
386.12393	397.4023
383.4309	365.94193
414.62677	384.81476
376.9425	389.6309
404.80536	364.31726
395.60025	404.2685
378.54434	370.3245
413.792	378.00958
380.64438	396.57608
391.42526	365.9219
409.69757	395.27972
376.75043	378.8933
490.3939	377.6681
481.10907	388.31326
476.4616	375.24982
488.38336	384.8479
473.11465	388.3244
483.7481	373.28503
488.3855	391.04938
479.18027	381.09332
497.6014	375.82135
472.84488	394.62482
474.2561	367.40546
495.52872	386.14743
466.75357	383.06805
487.95776	365.6581
487.0272	397.7928
467.15253	370.75287
498.88477	381.8553
465.94888	389.314
480.55753	366.3728
495.09198	393.0135
468.98224	376.94943
493.27188	369.72302
479.0481	399.60593
735.8682	377.23074
750.2445	386.43365
737.10614	384.27103
742.5747	373.08392
742.18805	387.9927
727.3539	379.54095
744.36896	379.79797
731.4652	391.62695
736.9523	369.24298
747.003	393.1453
729.4927	385.5379
749.0011	372.1448
738.7726	394.90167
730.3532	372.8709
751.3235	379.09006
169.65407	256.99918
178.30293	251.89201
175.70515	262.28903
165.83107	251.36752
178.75131	257.377
169.70932	264.87042
170.00024	247.55771
186.09465	261.02502
159.55278	261.86456
179.31091	244.49553
178.15244	271.49255
159.73824	247.58391
187.69273	254.62614
163.11667	267.20163
172.10735	240.74483
186.16576	266.6984
159.94287	255.51584
186.43509	247.75069
171.09264	271.05194
684.098	378.06808
691.03906	385.84586
680.8663	383.5523
689.3662	374.0434
689.6444	395.07553
675.39124	377.9198
693.1058	379.6592
681.5555	393.95404
681.9874	368.48135
695.7475	390.9201
673.0343	384.48874
698.5573	374.47034
686.1272	388.5792
675.7501	371.99127
700.01825	382.69635
675.33136	390.86548
691.24866	368.27072
176.60675	180.89291
171.49863	170.06715
179.26324	166.1448
169.4247	178.59775
168.71512	162.62302
183.22092	179.37538
162.81377	171.56758
178.35721	159.85649
176.37105	171.92195
161.65753	164.67055
190.3897	163.92395
162.23325	179.3158
171.54434	155.9456
190.15059	172.8892
155.67549	168.29729
188.16577	157.62555
172.62318	187.17293
165.46738	154.65485
185.27065	170.79713
156.25203	178.52422
180.46815	152.53055
183.32887	185.52382
158.12561	159.36337
641.5396	379.5479
624.53125	389.2213
622.6432	377.98398
627.2795	383.49637
617.47723	382.13992
632.18427	376.0847
630.1563	394.88638
614.1862	371.32782
634.52783	382.37817
616.13007	391.7929
625.64996	372.13177
636.82227	393.32538
611.4031	378.1933
636.60394	372.3392
623.50934	396.2236
619.76575	368.92633
637.8486	387.48282
611.6566	387.17572
631.1982	367.9289
483.6559	96.5901
476.1894	89.09443
503.77026	74.141335
484.43213	88.24688
481.07324	80.08227
499.72333	94.85688
455.21564	79.769424
486.76172	63.302254
481.49567	104.14402
469.61435	70.56181
490.59448	83.6534
460.67538	96.075584
477.8068	64.40085
492.12296	101.163574
466.14838	77.34076
485.55597	71.27784
466.687	88.277306
470.70453	61.070606
498.68292	86.78569
461.08316	87.86079
481.9134	57.38036
476.42017	107.3021
464.62564	70.64379
495.63556	79.63127
466.278	102.93624
475.79282	74.85861
489.20673	92.1487
457.03363	73.116714
493.24185	65.77773
471.35895	96.16041
165.34001	327.3258
181.71857	339.4804
168.88199	338.28464
176.92545	328.20404
176.5715	351.55463
171.35307	333.39908
181.82387	332.5315
171.7138	344.2978
170.55786	321.7329
186.86116	344.46945
160.454	340.42596
187.29427	327.5041
167.93135	350.7308
160.57329	324.435
188.14932	336.39056
160.66672	345.86554
177.77737	320.49628
179.05032	345.1001
160.77608	333.69366
882.38196	372.517
872.6753	388.59613
866.3908	374.09772
879.59717	383.74673
868.13055	383.92627
876.4208	375.79004
877.52295	391.56683
865.8245	379.81305
885.487	380.27197
866.57263	390.57843
872.6447	371.0905
884.3439	389.21088
553.3451	384.05695
562.24023	380.59262
552.74854	390.8065
551.2011	372.03534
561.9586	386.57394
546.7897	384.8216
558.8815	370.91122
564.097	391.84958
554.1039	377.5669
572.96545	374.88495
555.3401	397.7536
553.8673	365.10123
572.6775	384.8855
540.5277	385.5835
567.5126	370.27228
562.2016	398.25836
544.19946	371.63812
568.4615	379.83905
546.6032	394.52533
561.68976	365.32108
570.4206	391.5651
542.41895	378.85245
172.30972	58.253593
170.3329	63.45965
166.53261	53.730743
182.90736	61.99119
168.2346	73.312126
178.26567	54.118744
184.43796	79.56359
158.3606	56.883717
186.35947	52.443645
163.74576	77.7658
170.63017	48.742676
184.1036	70.92374
162.64474	62.56795
183.7623	46.913437
174.05411	69.08631
161.32726	40.877907
190.2421	58.788177
155.25461	71.28115
176.82382	43.156975
192.61171	73.43226
152.22949	58.721943
192.3861	52.79485
171.98622	80.194885
168.98566	41.050545
189.59796	66.22923
156.39859	66.20802
182.84753	41.148746
177.20068	80.61568
156.72849	46.764248
184.4253	530.6917
167.39137	541.61523
173.01921	520.9501
185.0654	538.8874
169.75409	531.5745
181.00497	523.2821
174.45592	544.50476
166.87917	523.77765
179.1436	535.6134
163.94872	536.15784
175.5436	527.5134
173.3345	537.51227
161.59053	529.97925
177.5607	472.36148
172.30649	477.70428
168.83514	462.30713
182.32472	477.85846
165.69301	477.9664
176.29811	462.64178
175.8334	483.8729
162.97153	465.2151
187.2647	472.2492
161.3138	481.63608
171.9822	468.38458
183.07713	484.02325
163.55367	471.63226
182.60455	466.01434
169.3621	486.61084
826.063	371.5935
843.8047	383.49957
827.9945	384.87445
836.5663	373.13495
834.9207	385.08084
824.0626	377.33795
839.0822	379.0197
826.90216	392.1259
831.3331	373.57794
842.24963	390.28796
821.80743	383.56848
843.2054	373.80463
833.757	392.15152
783.25305	372.47165
797.9652	383.81732
779.5023	391.8936
790.56287	378.43085
797.647	390.95703
780.85266	379.89188
798.74506	377.36774
784.5611	388.09998
788.6152	370.75125
791.3146	385.96844
777.0654	384.62088
795.19745	371.16776
789.24805	393.3
776.3596	374.97467
