750.9116	381.86102
744.89636	385.43686
748.255	375.26764
751.76776	389.72473
739.1542	382.5317
757.9861	379.90683
741.163	393.59308
742.2472	373.12198
757.4408	386.93558
736.4412	388.0914
754.6293	373.10822
749.1466	395.0632
736.5431	377.57867
828.10535	381.9464
822.0369	386.59433
824.05927	376.34326
829.44336	390.28925
816.22205	380.91794
830.24493	374.9267
822.94824	393.2995
818.36755	374.75797
834.16394	384.13715
815.1899	387.63507
163.53593	400.91833
162.99138	407.27948
157.0891	406.61008
171.31393	400.58646
158.04573	416.2478
156.44994	396.27353
168.50522	410.21857
150.38591	409.02045
170.77255	393.85025
162.33453	420.9887
151.57858	397.08417
175.06674	407.3489
151.63004	415.2934
163.04141	393.32446
170.81485	417.67657
148.89217	403.2916
165.62837	528.271
158.79071	542.7676
158.18149	528.3272
167.95906	534.1452
155.91637	535.20935
164.82587	521.7536
163.49916	539.6059
151.33331	529.70337
172.79526	529.75183
152.20117	539.975
156.82887	522.2952
169.53304	541.8084
160.51138	333.7079
171.666	325.48993
164.88657	341.67133
156.66603	327.87952
166.47888	334.4813
152.62375	341.72433
163.03253	326.26944
169.28995	346.1036
147.95218	332.12018
175.62863	332.8211
157.75928	343.64893
155.98187	320.1275
173.84901	339.66586
147.52074	339.05453
166.49986	320.0999
161.90579	348.9074
150.93059	325.41803
451.76407	97.40933
441.53262	97.34703
454.32098	80.20035
459.02945	86.54578
440.75824	88.91325
466.94897	62.17513
446.25104	84.24327
441.8675	72.82232
461.4291	72.36431
427.01367	97.12044
448.96307	63.234413
462.27133	101.20944
438.5459	79.084366
470.57892	77.05372
435.40543	103.19845
441.8457	59.491608
469.65314	95.622856
432.029	88.43341
455.18735	68.42954
448.7552	103.25411
426.34015	71.91884
463.25665	84.25698
434.20428	96.21421
447.88223	72.47348
456.39227	104.69537
430.42984	74.904976
472.52798	72.45647
441.61597	109.581825
431.29926	67.265144
467.53827	89.52114
520.1747	390.0108
533.3622	379.25833
534.10034	391.70987
517.7201	380.10785
538.31995	381.38263
528.46765	386.16687
526.73914	377.71146
537.38324	387.94653
523.62476	384.0893
538.5607	370.35742
529.254	395.7088
518.90027	372.22662
545.86115	384.35428
515.9964	392.94806
532.724	370.17484
538.85596	396.15424
512.2956	382.0953
542.329	376.4466
524.7628	398.7845
525.6549	369.18225
708.0491	386.95044
700.4272	383.96613
705.34094	372.1115
701.9197	391.78595
694.56067	379.6385
706.57996	380.0045
693.8206	391.6041
700.26135	375.43494
709.0648	393.96686
688.76526	380.10345
711.583	375.64056
698.4574	396.08444
694.58765	371.2169
714.21497	384.07053
689.68744	387.42966
171.69583	243.41731
164.85641	270.74246
152.86534	248.86836
162.21262	253.3228
158.2613	260.93286
160.7533	246.58784
169.81729	258.92752
154.65178	256.27972
168.35866	251.7081
161.31668	266.3706
146.34445	246.99162
176.15332	258.58807
148.94215	263.4765
164.80893	240.60918
172.21118	267.6958
147.83139	255.6001
176.37444	251.7656
153.50899	270.46045
157.21164	240.73271
164.04889	60.16578
153.60829	67.56367
161.17719	51.825317
167.10861	72.05181
148.80032	54.42115
169.8609	56.92856
159.84612	62.248108
159.8219	42.75726
172.00531	61.397736
145.05328	64.82487
169.69345	50.11974
159.3888	71.19433
156.51375	50.293285
180.19125	63.06477
148.33977	69.77241
167.84734	38.31286
172.83542	74.820435
141.25223	54.082886
178.18651	47.487656
150.2371	76.9284
152.9923	41.346123
179.51689	71.47725
140.08342	60.55542
171.70111	45.174202
163.63171	80.7308
146.87692	46.600166
178.85477	54.522205
732.412	64.68172
730.34283	52.992653
745.4257	64.3961
724.8295	64.01273
737.3187	54.26818
734.0195	71.97303
734.66266	46.010323
748.2585	54.164436
718.5329	62.14045
741.84015	41.429443
743.8551	70.432846
717.76746	53.486702
741.9942	59.60315
725.40247	73.01843
734.3007	39.450024
752.9222	69.64892
725.9699	56.458565
746.41394	47.437065
740.30664	78.173935
726.7536	43.589104
757.1654	61.179024
719.4315	71.05247
745.9644	37.84581
748.83514	76.93906
719.14526	45.379364
754.87585	53.69228
730.31635	78.01867
158.04074	466.5318
163.57939	475.73932
147.08777	477.4711
165.71327	466.5494
163.32388	484.8251
155.45377	473.34283
170.9585	473.25488
155.58684	486.13394
163.53104	460.46295
169.19348	483.5935
149.0192	470.88882
172.90955	467.43585
157.87148	479.49503
153.65567	462.34357
174.10092	477.7723
152.13351	169.25034
163.459	161.4954
165.91437	178.15324
152.59259	162.88145
178.87704	163.25429
158.05133	175.7189
158.31548	151.51266
170.54684	173.37503
159.10347	166.043
174.32729	151.56247
164.4147	167.75467
150.45317	156.31656
171.4512	164.22133
149.68575	178.3754
165.30832	150.45395
171.38875	180.53506
144.06512	164.72751
171.99797	156.66336
158.91425	182.29022
150.87045	150.24643
176.60443	170.71695
146.213	172.82297
790.434	374.59424
789.8997	388.38107
783.26697	381.1949
793.7213	381.2434
780.1944	390.9257
785.1221	373.091
795.15936	392.49142
777.8163	385.1841
797.71765	376.1905
786.00543	393.02722
778.2818	376.52603
798.50037	385.83786
583.7538	388.48624
594.75226	375.43195
594.9053	393.07724
586.26404	381.38547
597.9422	380.433
590.6455	388.103
587.6932	375.647
598.99316	387.18542
577.4406	386.87744
599.81793	371.0236
590.0769	397.34583
581.4727	372.54117
605.82025	384.43793
583.794	394.61203
590.2026	368.7506
600.89417	394.9308
578.08655	379.67102
605.4723	377.95673
455.62476	386.99753
451.4837	371.13693
459.55548	382.0148
442.85263	391.39447
463.57706	376.89996
463.15543	396.5408
441.99765	378.8014
470.1944	379.56805
449.71356	389.36334
454.82828	375.97906
463.35968	387.95963
438.65933	384.58636
466.9725	367.59918
458.57715	400.49817
443.43594	372.31076
475.24164	385.5098
447.07602	397.08112
460.9079	368.81415
469.12363	396.7529
448.68	380.7579
470.1212	373.1786
453.04678	398.52505
452.71133	365.64127
470.32178	388.95343
361.69794	394.45325
375.03195	363.40445
377.72095	389.2801
356.45493	374.72534
384.5876	377.3726
368.88928	395.27405
363.24304	378.87674
373.63068	383.12543
361.72882	384.37228
376.8162	373.22333
368.10403	387.59723
363.46466	370.29596
387.336	393.52753
357.42566	388.1769
373.2977	378.26105
378.47372	402.35587
349.24005	378.42386
389.15652	373.59833
366.18118	405.28638
367.78354	361.8905
391.59772	387.20416
352.44388	385.0688
382.20685	368.5462
370.52768	400.4013
357.2718	365.18793
383.51923	384.15997
355.63385	397.53653
369.79797	371.17255
380.91888	396.33276
645.3068	382.2296
652.39703	382.2485
647.1466	393.54758
643.66266	369.85455
660.52936	386.07904
640.2921	388.34274
653.3877	370.281
650.4381	388.3476
634.95886	378.30527
662.223	380.43433
640.7691	395.8026
649.8064	375.44907
658.69104	391.83698
635.5729	385.20212
660.0404	373.92557
653.2894	396.9813
641.34265	375.66812
