731.90125	47.176945
733.9934	56.799194
741.5995	41.817726
740.0294	53.737408
724.69855	46.70167
740.73944	47.55586
729.4059	62.701
726.2884	39.126457
745.4482	57.60595
719.8373	60.397076
740.3089	34.299652
738.88654	65.48743
717.6595	40.8857
749.9415	46.977493
723.65686	64.94937
733.4785	39.293976
745.3229	63.02069
716.9536	48.3987
749.08844	39.674088
732.9638	67.765564
726.434	33.631695
752.62427	53.74
718.67224	53.822624
642.61584	373.90897
644.8468	384.80328
640.35974	379.10468
649.0395	377.60886
639.1331	391.65744
638.34766	367.87714
653.067	385.69507
635.8973	383.68488
652.23035	368.32025
646.5635	392.34402
631.4722	372.30008
657.5753	380.608
632.8563	389.39267
645.39026	367.58527
653.9352	391.58713
630.8535	379.55463
656.7321	374.7691
582.2383	386.13666
581.5307	372.50003
589.5644	380.35992
577.07715	384.8701
588.3541	373.28043
588.8362	387.4322
576.09546	376.8352
596.0597	373.15567
580.1222	393.9022
577.65125	366.0793
599.286	385.1174
570.21594	381.00104
594.8736	367.40234
586.4608	393.83224
570.73157	372.6174
597.0316	378.9712
571.8038	388.36942
584.70233	364.82324
593.54736	392.5449
444.56854	375.7443
457.3504	378.47284
445.49017	381.91098
443.44165	369.21948
454.08246	382.94232
439.8379	381.18854
454.1683	373.17456
450.3873	389.26392
433.13824	375.0122
465.30948	376.47247
442.4113	392.01074
449.0581	368.76996
459.61163	389.0976
432.0135	381.45718
459.54907	369.16534
447.25015	395.64886
437.4156	367.6706
463.8789	383.7431
435.73212	388.44766
451.84854	363.70395
455.11362	395.10748
739.1642	378.60223
751.9335	375.87192
745.2877	389.82486
745.2961	376.51044
756.3096	384.32828
736.29724	383.12064
752.92303	369.32037
749.6033	384.607
737.394	372.21277
758.1673	377.7101
739.11725	388.27515
744.9777	368.99054
752.5419	391.2483
159.27647	478.00064
167.10545	480.2918
164.2601	486.5838
159.47351	469.75806
174.70645	483.3607
156.8341	484.3795
170.50357	470.4095
166.36362	493.87396
152.76375	475.12027
175.51091	476.22104
158.55098	492.73834
165.12814	473.1271
172.96492	490.091
151.22163	485.77945
172.0149	531.2774
162.7703	549.2077
155.49971	529.46136
166.35918	539.2331
152.4717	539.4911
165.78738	529.19104
168.85141	548.1708
159.70274	539.14197
173.63591	537.63477
156.63481	547.8572
161.14688	532.23694
173.45827	543.8698
822.6872	382.10776
829.71423	371.86127
829.63055	385.52853
819.21533	371.47366
833.1766	379.2924
817.90564	387.1631
824.6014	373.56097
836.2116	385.9295
816.92426	378.7027
835.8434	373.77527
825.7949	390.45505
158.72954	318.06363
166.6173	334.0915
161.0322	335.69116
173.88965	319.3707
168.39485	349.34872
157.81491	327.2417
172.76208	334.7167
158.53258	347.98627
163.05724	328.24152
176.81685	342.2164
150.44882	336.20496
174.66641	327.24927
160.70952	342.3277
152.59193	323.15076
180.02882	333.2148
151.9068	343.53262
166.60936	323.0336
169.6926	342.035
149.22928	329.36642
795.53735	372.66064
787.3975	383.5534
780.7068	370.98764
793.5752	382.12057
779.9084	383.5738
790.2766	369.4255
789.52344	390.77264
778.25037	377.57855
799.0678	378.7906
782.07666	389.79904
786.41565	373.83093
796.88837	387.72046
160.93018	49.67717
166.89679	47.416466
170.20631	61.51648
157.5488	43.171455
164.22928	55.65669
154.5305	53.83303
169.75232	39.262836
170.55869	69.67857
152.28479	48.399822
175.65175	48.416523
163.52963	64.47505
157.79343	35.349556
181.4531	56.312904
144.69763	62.344513
176.6802	40.1771
162.24094	71.41771
151.4782	39.611996
173.63266	55.864124
151.66228	62.056957
165.74753	34.96186
176.96649	65.71128
145.958	50.439983
182.20096	49.466686
156.08458	67.31484
159.57906	137.8445
170.53146	155.61449
153.7086	161.94017
168.15797	145.52977
167.93254	168.4454
159.41968	151.49275
175.49043	149.25423
165.1234	154.71704
158.61868	145.89012
178.163	161.62958
153.39023	152.58218
175.10379	138.86227
160.3831	161.55438
150.48117	140.75986
178.80695	155.09766
146.7133	157.7316
166.31805	135.56607
171.48776	163.45303
147.13782	149.19046
179.24194	143.9816
158.02354	168.73262
360.34912	369.6572
379.47897	382.97226
363.6009	387.43842
376.5199	369.06247
370.8182	382.44125
355.52216	371.62238
376.36896	375.7558
360.79114	393.3447
368.67523	374.19202
382.56674	391.76437
363.1693	379.1897
381.8223	364.5226
375.66754	388.8736
361.8681	362.92926
388.794	382.53247
355.13278	390.99207
374.19257	361.84286
377.3949	397.366
351.38983	379.49872
383.83228	376.2824
365.883	395.1534
369.21417	363.71576
387.12787	388.1606
355.73386	383.92603
388.17636	371.17535
370.6798	396.25153
512.7648	375.38776
525.75446	379.48572
512.48456	382.71982
520.1432	376.31073
529.21643	393.37863
502.88623	376.8039
532.1705	370.1915
515.7367	389.4858
510.00912	369.92645
534.4955	382.78918
506.44052	388.769
521.99475	369.72256
521.6954	387.69073
503.76508	370.61737
532.23486	375.75903
510.94165	394.49213
514.7102	365.6834
528.12225	385.53802
503.43964	383.3082
525.1495	364.52838
519.35443	397.227
441.02652	79.03619
451.76044	89.20231
441.6858	85.80467
448.5188	69.96923
457.5813	99.93523
423.4892	76.48544
470.43237	73.94926
446.36362	91.625114
441.54532	71.57194
458.79752	81.5273
430.39526	81.48302
462.83844	70.62527
452.89008	93.95291
433.44107	64.24396
466.058	81.972496
435.3504	91.64124
452.87885	60.479095
463.91324	89.75095
452.1434	80.68315
463.6342	60.750347
440.80405	99.28285
441.2444	60.367016
470.09088	88.25571
428.82773	93.48219
453.5503	67.269684
450.32114	101.7903
436.94598	72.58556
180.02373	241.3778
155.21388	256.09097
161.04352	243.49211
178.07162	253.554
162.75192	249.97556
168.03975	239.94133
167.18382	254.05673
156.92592	238.54004
173.4178	241.49634
148.06253	252.01767
163.37483	231.42346
173.84518	258.8994
148.02701	242.14238
174.56737	233.8956
161.3544	260.61304
154.54639	229.59941
175.4384	247.50354
153.78761	247.90958
168.7027	228.55936
167.42908	261.55746
151.08595	236.12134
172.48744	413.64874
153.692	423.63922
163.18028	404.50922
168.29047	417.67343
158.94205	411.88422
168.38557	407.33875
161.32236	417.04297
153.25546	403.89465
178.4572	414.1747
152.0125	416.04166
169.91647	398.4467
166.08345	426.39902
151.01942	410.04166
176.11804	406.1143
160.02432	425.16766
158.99257	399.88986
173.51099	425.35587
694.4537	384.96884
706.1139	368.26187
701.1352	381.16635
689.86224	369.09995
710.59827	378.03275
690.45654	391.04013
695.744	370.0465
709.86237	389.02704
686.29974	377.28174
708.46326	373.42877
696.9087	392.59793
694.39325	376.86356
708.5483	383.78937
686.6754	383.69943
700.86383	368.01312
703.4332	391.04803
